Date,Open,High,Low,Close,Volume,% Day Change,% Previous Change,$ Volume,Previous 10D $ Volume
2004-01-13,7.67,8.56,7.53,8.47,7166100,0.1043,,60696867.0,
2004-01-14,8.36,8.5,8.23,8.4,1016100,0.0048,-0.0083,8535240.0,
2004-01-15,8.32,8.38,8.3,8.36,381600,0.0048,-0.0048,3190176.0,
2004-01-16,8.32,8.35,8.26,8.33,214500,0.0012,-0.0036,1786785.0,
2004-01-20,8.33,8.37,8.26,8.36,369300,0.0036,0.0036,3087348.0,
2004-01-21,8.35,8.45,8.28,8.42,250800,0.0084,0.0072,2111736.0,
2004-01-22,8.43,8.67,8.39,8.66,388500,0.0273,0.0285,3364410.0,
2004-01-23,8.66,9.16,8.57,9.03,429000,0.0427,0.0427,3873870.0,
2004-01-26,9.15,9.3,8.9,9.08,264600,-0.0077,0.0055,2402568.0,
2004-01-27,9.18,9.22,8.95,9.2,143700,0.0022,0.0132,1322040.0,
2004-01-28,9.2,9.51,9.14,9.42,202800,0.0239,0.0239,1910376.0,9037104.0
2004-01-29,9.17,9.42,9.12,9.35,159300,0.0196,-0.0074,1489455.0,3158454.9
2004-01-30,9.34,9.44,9.21,9.37,67200,0.0032,0.0021,629664.0,2453876.4
2004-02-02,9.33,9.4,9.28,9.37,71100,0.0043,0.0,666207.0,2197825.2
2004-02-03,9.33,9.52,9.33,9.45,71700,0.0129,0.0085,677565.0,2085767.4
2004-02-04,9.43,9.63,9.33,9.63,127500,0.0212,0.019,1227825.0,1844789.1
2004-02-05,9.5,9.85,9.5,9.7,141000,0.0211,0.0073,1367700.0,1756398.0
2004-02-06,9.73,9.87,9.7,9.81,137700,0.0082,0.0113,1350837.0,1556727.0
2004-02-09,9.88,9.98,9.72,9.81,65400,-0.0071,0.0,641574.0,1304423.7
2004-02-10,9.7,10.25,9.7,10.1,179100,0.0412,0.0296,1808910.0,1128324.3
2004-02-11,9.92,10.57,9.92,10.5,90300,0.0585,0.0396,948150.0,1177011.3
2004-02-12,10.51,11.37,10.28,10.93,300600,0.04,0.041,3285558.0,1080788.7
2004-02-13,11.15,11.16,10.2,10.53,130800,-0.0556,-0.0366,1377324.0,1260399.0
2004-02-17,10.73,11.58,10.63,11.15,143400,0.0391,0.0589,1598910.0,1335165.0
2004-02-18,11.2,11.93,11.13,11.72,189000,0.0464,0.0511,2215080.0,1428435.3
2004-02-19,11.77,12.0,11.67,11.67,125700,-0.0085,-0.0043,1466919.0,1582186.8
2004-02-20,11.6,11.67,11.6,11.65,63000,0.0043,-0.0017,733950.0,1606096.2
2004-02-23,11.95,12.36,11.78,12.07,146400,0.01,0.0361,1767048.0,1542721.2
2004-02-24,12.02,12.56,12.02,12.43,168000,0.0341,0.0298,2088240.0,1584342.3
2004-02-25,12.33,12.65,12.33,12.54,102900,0.017,0.0088,1290366.0,1729008.9
2004-02-26,12.36,12.61,12.26,12.57,69000,0.017,0.0024,867330.0,1677154.5
2004-02-27,12.59,13.12,12.45,13.0,84300,0.0326,0.0342,1095900.0,1669072.5
2004-03-01,13.16,13.92,12.93,13.92,264300,0.0578,0.0708,3679056.0,1450106.7
2004-03-02,13.73,14.83,13.6,13.77,285600,0.0029,-0.0108,3932712.0,1680279.9
2004-03-03,13.77,13.84,12.67,13.67,358200,-0.0073,-0.0073,4896594.0,1913660.1
2004-03-04,13.53,13.78,13.17,13.43,39600,-0.0074,-0.0176,531828.0,2181811.5
2004-03-05,13.43,13.43,12.92,13.12,187800,-0.0231,-0.0231,2463936.0,2088302.4
2004-03-08,13.33,13.41,12.83,12.9,142500,-0.0323,-0.0168,1838250.0,2261301.0
2004-03-09,13.08,13.18,12.77,12.94,61800,-0.0107,0.0031,799692.0,2268421.2
2004-03-10,12.88,13.18,12.35,12.56,117000,-0.0248,-0.0294,1469520.0,2139566.4
2004-03-11,12.31,12.66,12.03,12.54,117300,0.0187,-0.0016,1470942.0,2157481.8
2004-03-12,12.54,13.16,12.42,13.16,43800,0.0494,0.0494,576408.0,2217843.0
2004-03-15,13.17,13.17,12.79,12.87,20400,-0.0228,-0.022,262548.0,2165893.8
2004-03-16,12.96,13.5,12.93,13.28,105300,0.0247,0.0319,1398384.0,1824243.0
2004-03-17,13.32,13.32,13.01,13.1,38100,-0.0165,-0.0136,499110.0,1570810.2
2004-03-18,13.12,13.16,12.96,13.16,15900,0.003,0.0046,209244.0,1131061.8
2004-03-19,13.16,13.16,12.75,13.02,45300,-0.0106,-0.0106,589806.0,1098803.4
2004-03-22,13.03,13.72,13.03,13.43,141000,0.0307,0.0315,1893630.0,911390.4
2004-03-23,13.28,13.52,13.28,13.31,44100,0.0023,-0.0089,586971.0,916928.4
2004-03-24,13.25,13.71,13.25,13.58,41700,0.0249,0.0203,566286.0,895656.3
2004-03-25,13.62,14.07,13.62,13.83,60900,0.0154,0.0184,842247.0,805332.9
2004-03-26,14.0,14.02,13.67,13.72,55500,-0.02,-0.008,761460.0,742463.4
2004-03-29,14.03,14.03,13.67,13.8,13200,-0.0164,0.0058,182160.0,760968.6
2004-03-30,13.9,14.0,13.89,14.0,66900,0.0072,0.0145,936600.0,752929.8
2004-03-31,13.67,14.05,13.67,13.98,87600,0.0227,-0.0014,1224648.0,706751.4
2004-04-01,13.89,14.05,13.71,14.03,39900,0.0101,0.0036,559797.0,779305.2
2004-04-02,14.03,14.09,13.7,14.01,38100,-0.0014,-0.0014,533781.0,814360.5
2004-04-05,13.65,14.0,13.65,13.91,36300,0.019,-0.0071,504933.0,808758.0
2004-04-06,13.76,14.03,13.76,13.83,32700,0.0051,-0.0058,452241.0,669888.3
2004-04-07,13.92,14.05,13.91,14.04,17700,0.0086,0.0152,248508.0,656415.3
2004-04-08,14.04,14.04,13.9,13.95,35700,-0.0064,-0.0064,498015.0,624637.5
2004-04-12,13.9,13.95,13.76,13.78,28500,-0.0086,-0.0122,392730.0,590214.3
2004-04-13,13.76,13.76,13.33,13.42,102900,-0.0247,-0.0261,1380918.0,553341.3
2004-04-14,13.33,13.33,12.97,13.09,122400,-0.018,-0.0246,1602216.0,673217.1
2004-04-15,13.18,13.4,13.0,13.4,21300,0.0167,0.0237,285420.0,739778.7
2004-04-16,13.42,13.42,13.24,13.4,18900,-0.0015,0.0,253260.0,645855.9
2004-04-19,13.41,13.52,13.0,13.33,47700,-0.006,-0.0052,635841.0,615202.2
2004-04-20,13.09,13.32,13.09,13.3,9600,0.016,-0.0023,127680.0,625408.2
2004-04-21,12.92,13.33,12.92,13.0,102900,0.0062,-0.0226,1337700.0,587682.9
2004-04-22,12.92,13.0,12.9,12.95,25800,0.0023,-0.0038,334110.0,676228.8
2004-04-23,13.0,13.17,12.93,13.01,31500,0.0008,0.0046,409815.0,684789.0
2004-04-26,13.5,13.5,13.01,13.2,28500,-0.0222,0.0146,376200.0,675969.0
2004-04-27,13.07,13.67,13.07,13.25,28200,0.0138,0.0038,373650.0,674316.0
2004-04-28,13.33,13.68,13.12,13.67,43500,0.0255,0.0317,594645.0,573589.2
2004-04-29,13.67,13.67,13.53,13.55,34800,-0.0088,-0.0088,471540.0,472832.1
2004-04-30,13.55,13.68,13.55,13.64,28800,0.0066,0.0066,392832.0,491444.1
2004-05-03,13.62,14.12,13.61,14.12,93000,0.0367,0.0352,1313160.0,505401.3
2004-05-04,14.12,14.33,14.02,14.33,76800,0.0149,0.0149,1100544.0,573133.2
2004-05-05,14.33,15.0,14.17,14.53,113400,0.014,0.014,1647702.0,670419.6
2004-05-06,14.37,14.78,14.25,14.54,33300,0.0118,0.0007,484182.0,701419.8
2004-05-07,14.37,14.67,14.37,14.48,25500,0.0077,-0.0041,369240.0,716427.0
2004-05-10,14.37,14.49,14.02,14.26,208500,-0.0077,-0.0152,2973210.0,712369.5
2004-05-11,14.17,14.48,14.17,14.48,21300,0.0219,0.0154,308424.0,972070.5
2004-05-12,14.48,14.84,14.31,14.38,39600,-0.0069,-0.0069,569448.0,965547.9
2004-05-13,14.33,14.4,13.67,13.87,77700,-0.0321,-0.0355,1077699.0,963028.2
2004-05-14,13.75,14.0,13.75,13.98,42000,0.0167,0.0079,587160.0,1023644.1
2004-05-17,13.88,14.0,13.83,13.93,28800,0.0036,-0.0036,401184.0,1043076.9
2004-05-18,13.83,13.92,13.83,13.85,21300,0.0014,-0.0057,295005.0,951879.3
2004-05-19,13.83,14.17,13.83,13.95,14700,0.0087,0.0072,205065.0,871325.4
2004-05-20,13.88,14.09,13.83,13.83,28800,-0.0036,-0.0086,398304.0,727061.7
2004-05-21,14.1,14.26,13.85,14.16,45000,0.0043,0.0239,637200.0,718473.9
2004-05-24,13.94,14.25,13.88,14.24,20100,0.0215,0.0056,286224.0,745269.9
2004-05-25,14.0,14.16,13.87,13.99,21000,-0.0007,-0.0176,293790.0,476571.3
2004-05-26,14.16,14.25,13.89,13.97,16800,-0.0134,-0.0014,234696.0,475107.9
2004-05-27,14.18,14.23,14.01,14.01,31800,-0.012,0.0029,445518.0,441632.7
2004-05-28,13.87,13.98,13.86,13.87,9900,0.0,-0.01,137313.0,378414.6
2004-06-01,13.85,14.02,13.83,14.02,18000,0.0123,0.0108,252360.0,333429.9
2004-06-02,14.01,14.29,13.83,14.29,24300,0.02,0.0193,347247.0,318547.5
2004-06-03,14.07,14.26,13.84,13.84,18300,-0.0163,-0.0315,253272.0,323771.7
2004-06-04,14.2,14.25,13.88,14.25,15000,0.0035,0.0296,213750.0,328592.4
2004-06-07,14.25,14.33,13.87,14.27,23700,0.0014,0.0014,338199.0,310137.0
2004-06-08,13.91,14.07,13.87,13.88,14700,-0.0022,-0.0273,204036.0,280236.9
2004-06-09,14.35,14.35,13.67,13.99,29700,-0.0251,0.0079,415503.0,272018.1
2004-06-10,13.75,13.92,13.67,13.85,30300,0.0073,-0.01,419655.0,284189.4
2004-06-14,13.63,13.8,13.63,13.66,27600,0.0022,-0.0137,377016.0,302685.3
2004-06-15,14.13,14.13,13.65,13.7,40500,-0.0304,0.0029,554850.0,295835.1
2004-06-16,13.83,13.96,13.67,13.84,24600,0.0007,0.0102,340464.0,337588.8
2004-06-17,13.69,14.25,13.69,14.23,12600,0.0394,0.0282,179298.0,346399.2
2004-06-18,14.23,14.34,14.04,14.33,42000,0.007,0.007,601860.0,329604.3
2004-06-21,14.34,14.47,14.1,14.1,69300,-0.0167,-0.0161,977130.0,364463.1
2004-06-22,14.48,14.64,14.07,14.62,18300,0.0097,0.0369,267546.0,440801.1
2004-06-23,14.61,14.9,14.41,14.66,59100,0.0034,0.0027,866406.0,433735.8
2004-06-24,14.5,14.62,14.17,14.3,52200,-0.0138,-0.0246,746460.0,499972.8
2004-06-25,14.24,14.66,12.03,13.97,461100,-0.019,-0.0231,6441567.0,533068.5
2004-06-28,14.3,14.32,13.12,13.53,281100,-0.0538,-0.0315,3803283.0,1135259.7
2004-06-29,13.38,13.73,13.33,13.4,103200,0.0015,-0.0096,1382880.0,1477886.4
2004-06-30,13.5,13.5,13.37,13.37,59700,-0.0096,-0.0022,798189.0,1560689.4
2004-07-01,13.54,13.54,13.27,13.39,42900,-0.0111,0.0015,574431.0,1606461.9
2004-07-02,13.34,13.38,13.32,13.37,59100,0.0022,-0.0015,790167.0,1645975.2
2004-07-06,13.43,13.52,13.33,13.44,65400,0.0007,0.0052,878976.0,1664805.9
2004-07-07,13.35,13.62,13.33,13.62,57600,0.0202,0.0134,784512.0,1654990.5
2004-07-08,13.5,13.79,13.37,13.39,35400,-0.0081,-0.0169,474006.0,1706687.1
2004-07-09,13.34,13.65,13.29,13.34,13800,0.0,-0.0037,184092.0,1667447.1
2004-07-12,13.62,13.67,13.44,13.57,19200,-0.0037,0.0172,260544.0,1611210.3
2004-07-13,13.65,13.65,13.42,13.65,46500,0.0,0.0059,634725.0,993108.0
2004-07-14,13.43,13.79,13.43,13.79,66000,0.0268,0.0103,910140.0,676252.2
2004-07-15,13.59,13.81,13.55,13.77,99900,0.0132,-0.0015,1375623.0,628978.2
2004-07-16,13.67,13.83,13.67,13.75,26400,0.0059,-0.0015,363000.0,686721.6
2004-07-19,13.67,14.05,13.55,13.76,47100,0.0066,0.0007,648096.0,665578.5
2004-07-20,13.8,13.8,13.65,13.67,48300,-0.0094,-0.0065,660261.0,651371.4
2004-07-21,13.63,13.65,13.4,13.41,36600,-0.0161,-0.019,490806.0,629499.9
2004-07-22,13.39,13.39,13.2,13.21,43200,-0.0134,-0.0149,570672.0,600129.3
2004-07-23,13.19,13.19,12.7,12.92,103200,-0.0205,-0.022,1333344.0,609795.9
2004-07-26,13.17,13.4,13.0,13.06,52200,-0.0084,0.0108,681732.0,724721.1
2004-07-27,13.15,13.4,13.11,13.28,89100,0.0099,0.0168,1183248.0,766839.9
2004-07-28,13.37,13.37,13.17,13.27,62400,-0.0075,-0.0008,828048.0,821692.2
2004-07-29,13.33,13.33,13.3,13.33,25200,0.0,0.0045,335916.0,813483.0
2004-07-30,13.33,13.33,13.23,13.33,7500,0.0,0.0,99975.0,709512.3
2004-08-02,13.07,13.33,13.07,13.33,11100,0.0199,0.0,147963.0,683209.8
2004-08-03,13.07,13.25,13.07,13.19,18300,0.0092,-0.0105,241377.0,633196.5
2004-08-04,13.08,13.24,12.9,12.97,17400,-0.0084,-0.0167,225678.0,591308.1
2004-08-05,12.87,12.95,12.69,12.69,12000,-0.014,-0.0216,152280.0,564795.3
2004-08-06,12.83,12.83,11.72,12.27,193200,-0.0436,-0.0331,2370564.0,522956.1
2004-08-09,12.07,12.38,12.05,12.37,46500,0.0249,0.0081,575205.0,626678.1
2004-08-10,12.5,12.92,12.5,12.92,69900,0.0336,0.0445,903108.0,616025.4
2004-08-11,12.83,13.07,12.83,12.89,20700,0.0047,-0.0023,266823.0,588011.4
2004-08-12,12.84,12.91,12.64,12.64,89400,-0.0156,-0.0194,1130016.0,531888.9
2004-08-13,12.67,12.85,12.67,12.72,18000,0.0039,0.0063,228960.0,611298.9
2004-08-16,12.82,12.83,12.75,12.77,65400,-0.0039,0.0039,835158.0,624197.4
2004-08-17,12.88,12.88,12.64,12.64,5700,-0.0186,-0.0102,72048.0,692916.9
2004-08-18,12.67,12.67,12.57,12.57,12900,-0.0079,-0.0055,162153.0,675984.0
2004-08-19,12.57,12.85,12.47,12.65,57300,0.0064,0.0064,724845.0,669631.5
2004-08-20,12.95,12.95,12.03,12.23,228900,-0.0556,-0.0332,2799447.0,726888.0
2004-08-23,12.41,12.52,12.08,12.42,34800,0.0008,0.0155,432216.0,769776.3
2004-08-24,12.42,12.5,12.32,12.46,23100,0.0032,0.0032,287826.0,755477.4
2004-08-25,12.5,12.5,12.39,12.4,65700,-0.008,-0.0048,814680.0,693949.2
2004-08-26,12.43,12.45,12.27,12.27,7800,-0.0129,-0.0105,95706.0,748734.9
2004-08-27,12.3,12.33,11.97,12.31,26100,0.0008,0.0033,321291.0,645303.9
2004-08-30,12.5,12.5,12.13,12.27,9000,-0.0184,-0.0032,110430.0,654537.0
2004-08-31,12.33,12.48,12.29,12.42,5400,0.0073,0.0122,67068.0,582064.2
2004-09-01,12.56,12.82,12.28,12.5,21600,-0.0048,0.0064,270000.0,581566.2
2004-09-02,12.4,12.76,12.38,12.51,17100,0.0089,0.0008,213921.0,592350.9
2004-09-03,12.73,12.76,12.4,12.4,4800,-0.0259,-0.0088,59520.0,541258.5
2004-09-07,12.59,12.59,12.3,12.33,13500,-0.0207,-0.0056,166455.0,267265.8
2004-09-08,12.34,12.52,12.32,12.52,6600,0.0146,0.0154,82632.0,240689.7
2004-09-09,12.5,12.5,12.25,12.25,6600,-0.02,-0.0216,80850.0,220170.3
2004-09-10,12.27,12.36,12.27,12.33,43800,0.0049,0.0065,540054.0,146787.3
2004-09-13,12.35,12.35,12.08,12.08,25800,-0.0219,-0.0203,311664.0,191222.1
2004-09-14,12.25,12.32,12.08,12.09,18000,-0.0131,0.0008,217620.0,190259.4
2004-09-15,12.09,12.27,12.09,12.26,18900,0.0141,0.0141,231714.0,200978.4
2004-09-16,12.5,12.5,12.12,12.33,7200,-0.0136,0.0057,88776.0,217443.0
2004-09-17,12.54,12.54,12.15,12.28,25500,-0.0207,-0.0041,313140.0,199320.6
2004-09-20,12.21,12.3,12.2,12.28,20700,0.0057,0.0,254196.0,209242.5
2004-09-21,12.33,12.33,12.13,12.28,15000,-0.0041,0.0,184200.0,228710.1
2004-09-22,12.77,12.87,12.26,12.33,84300,-0.0345,0.0041,1039419.0,230484.6
2004-09-23,12.33,12.57,12.26,12.46,79800,0.0105,0.0105,994308.0,326163.3
2004-09-24,12.43,12.97,12.41,12.85,102300,0.0338,0.0313,1314555.0,417509.1
2004-09-27,13.07,13.65,12.95,13.65,142800,0.0444,0.0623,1949220.0,494959.2
2004-09-28,13.5,13.67,13.5,13.51,21600,0.0007,-0.0103,291816.0,658714.8
2004-09-29,13.5,13.57,13.1,13.5,56400,0.0,-0.0007,761400.0,666134.4
2004-09-30,13.17,13.7,13.01,13.7,38100,0.0402,0.0148,521970.0,719103.0
2004-10-01,13.73,14.0,13.56,13.99,35400,0.0189,0.0212,495246.0,762422.4
2004-10-04,13.8,13.9,13.75,13.87,18900,0.0051,-0.0086,262143.0,780633.0
2004-10-05,13.76,13.86,13.72,13.75,22200,-0.0007,-0.0087,305250.0,781427.7
2004-10-06,13.79,13.8,13.62,13.8,19800,0.0007,0.0036,273240.0,793532.7
2004-10-07,13.76,13.8,13.67,13.8,11400,0.0029,0.0,157320.0,716914.8
2004-10-08,13.78,13.86,13.77,13.86,10800,0.0058,0.0043,149688.0,633216.0
2004-10-11,13.83,13.83,13.73,13.76,22500,-0.0051,-0.0072,309600.0,516729.3
2004-10-12,13.8,14.0,13.78,13.98,23400,0.013,0.016,327132.0,352767.3
2004-10-13,13.72,13.77,13.07,13.12,166200,-0.0437,-0.0615,2180544.0,356298.9
2004-10-14,13.12,13.12,12.96,13.04,21600,-0.0061,-0.0061,281664.0,498213.3
2004-10-15,13.21,13.4,13.21,13.26,14100,0.0038,0.0169,186966.0,474182.7
2004-10-18,13.43,13.63,13.43,13.49,4200,0.0045,0.0173,56658.0,443354.7
2004-10-19,13.46,13.75,13.44,13.73,12900,0.0201,0.0178,177117.0,422806.2
2004-10-20,13.66,13.67,13.57,13.6,3600,-0.0044,-0.0095,48960.0,409992.9
2004-10-21,13.75,13.78,13.62,13.62,7500,-0.0095,0.0015,102150.0,387564.9
2004-10-22,13.67,13.88,13.53,13.74,35400,0.0051,0.0088,486396.0,382047.9
2004-10-25,13.6,13.67,13.53,13.67,17700,0.0051,-0.0051,241959.0,415718.7
2004-10-26,13.67,13.72,13.59,13.69,11100,0.0015,0.0015,151959.0,408954.6
2004-10-27,13.55,13.92,13.55,13.68,14700,0.0096,-0.0007,201096.0,391437.3
2004-10-28,13.85,13.92,13.52,13.92,26100,0.0051,0.0175,363312.0,193492.5
2004-10-29,13.98,14.17,13.35,14.0,63000,0.0014,0.0057,882000.0,201657.3
2004-11-01,13.97,14.17,13.97,14.16,22200,0.0136,0.0114,314352.0,271160.7
2004-11-02,14.21,14.21,14.0,14.0,36900,-0.0148,-0.0113,516600.0,296930.1
2004-11-03,14.05,14.11,13.93,14.11,8700,0.0043,0.0079,122757.0,330878.4
2004-11-04,13.77,13.97,13.58,13.97,47100,0.0145,-0.0099,657987.0,338258.1
2004-11-05,13.72,13.83,13.6,13.8,34800,0.0058,-0.0122,480240.0,393841.8
2004-11-08,13.67,13.67,13.5,13.52,86100,-0.011,-0.0203,1164072.0,393226.2
2004-11-09,13.67,13.67,13.5,13.5,89700,-0.0124,-0.0015,1210950.0,485437.5
2004-11-10,13.52,13.55,13.4,13.53,148500,0.0007,0.0022,2009205.0,591336.6
2004-11-11,13.38,13.44,13.37,13.44,55200,0.0045,-0.0067,741888.0,772147.5
2004-11-12,13.45,13.46,13.18,13.42,36600,-0.0022,-0.0015,491172.0,810005.1
2004-11-15,13.4,13.43,13.18,13.41,47700,0.0007,-0.0007,639657.0,770922.3
2004-11-16,13.0,13.38,13.0,13.32,58800,0.0246,-0.0067,783216.0,803452.8
2004-11-17,13.03,13.51,13.03,13.43,142200,0.0307,0.0083,1909746.0,830114.4
2004-11-18,13.37,13.43,13.3,13.43,25800,0.0045,0.0,346494.0,1008813.3
2004-11-19,13.16,13.7,13.16,13.63,44100,0.0357,0.0149,601083.0,977664.0
2004-11-22,13.71,13.72,13.63,13.69,41400,-0.0015,0.0044,566766.0,989748.3
2004-11-23,13.65,14.17,13.65,14.17,39600,0.0381,0.0351,561132.0,930017.7
2004-11-24,13.95,14.31,13.75,14.28,41100,0.0237,0.0078,586908.0,865035.9
2004-11-26,14.02,14.33,14.02,14.33,4500,0.0221,0.0035,64485.0,722806.2
2004-11-29,13.67,14.9,13.67,14.7,48000,0.0753,0.0258,705600.0,655065.9
2004-11-30,14.45,14.45,13.34,13.42,674400,-0.0713,-0.0871,9050448.0,676508.7
2004-12-01,13.34,13.42,13.17,13.33,245100,-0.0007,-0.0067,3267183.0,1517587.8
2004-12-02,13.17,13.5,13.1,13.33,251100,0.0121,0.0,3347163.0,1765984.5
2004-12-03,13.43,13.5,13.27,13.33,164400,-0.0074,0.0,2191452.0,1909726.2
2004-12-06,13.33,13.33,13.21,13.33,121800,0.0,0.0,1623594.0,2094222.0
2004-12-07,13.33,13.33,13.2,13.26,159000,-0.0053,-0.0053,2108340.0,2196473.1
2004-12-08,13.25,13.5,13.21,13.5,84300,0.0189,0.0181,1138050.0,2350630.5
2004-12-09,13.5,13.5,13.42,13.5,37800,0.0,0.0,510300.0,2408322.3
2004-12-10,13.5,13.5,13.21,13.5,114300,0.0,0.0,1543050.0,2400661.5
2004-12-13,13.59,13.59,13.2,13.33,112800,-0.0191,-0.0126,1503624.0,2548518.0
2004-12-14,13.36,13.58,13.31,13.53,163500,0.0127,0.015,2212155.0,2628320.4
2004-12-15,13.39,13.53,13.39,13.48,266700,0.0067,-0.0037,3595116.0,1944491.1
2004-12-16,13.41,13.71,13.41,13.71,56400,0.0224,0.0171,773244.0,1977284.4
2004-12-17,13.51,14.14,13.51,13.99,183000,0.0355,0.0204,2560170.0,1719892.5
2004-12-20,13.86,14.12,13.43,13.47,237900,-0.0281,-0.0372,3204513.0,1756764.3
2004-12-21,13.47,13.66,13.47,13.66,134400,0.0141,0.0141,1835904.0,1914856.2
2004-12-22,13.5,13.5,13.42,13.47,92100,-0.0022,-0.0139,1240587.0,1887612.6
2004-12-23,13.5,13.52,13.45,13.5,122400,0.0,0.0022,1652400.0,1897866.3
2004-12-27,13.6,13.6,13.43,13.48,108600,-0.0088,-0.0015,1463928.0,2012076.3
2004-12-28,13.5,13.5,13.42,13.5,137700,0.0,0.0015,1858950.0,2004164.1
2004-12-29,13.5,13.6,13.43,13.48,154500,-0.0015,-0.0015,2082660.0,2039696.7
2004-12-30,13.56,13.83,13.56,13.83,105600,0.0199,0.026,1460448.0,2026747.2
2004-12-31,13.83,13.97,13.7,13.97,53700,0.0101,0.0101,750189.0,1813280.4
2005-01-03,13.95,13.95,13.42,13.5,99900,-0.0323,-0.0336,1348650.0,1810974.9
2005-01-04,13.43,13.59,13.43,13.59,47100,0.0119,0.0067,640089.0,1689822.9
2005-01-05,13.49,13.74,13.49,13.51,20400,0.0015,-0.0059,275604.0,1433380.5
2005-01-06,13.43,13.57,13.43,13.51,23100,0.006,0.0,312081.0,1277350.5
2005-01-07,13.51,13.57,13.5,13.53,13200,0.0015,0.0015,178596.0,1184499.9
2005-01-10,13.55,13.83,13.55,13.82,46200,0.0199,0.0214,638484.0,1037119.5
2005-01-11,13.57,14.03,13.57,13.99,58500,0.031,0.0123,818415.0,954575.1
2005-01-12,13.8,14.1,13.52,14.09,99000,0.021,0.0071,1394910.0,850521.6
2005-01-13,13.66,14.08,13.66,13.96,119700,0.022,-0.0092,1671012.0,781746.6
2005-01-14,13.72,13.99,13.72,13.79,48600,0.0051,-0.0122,670194.0,802803.0
2005-01-18,13.79,14.01,13.74,13.9,118200,0.008,0.008,1642980.0,794803.5
2005-01-19,13.99,13.99,13.78,13.91,150300,-0.0057,0.0007,2090673.0,824236.5
2005-01-20,13.72,13.96,13.72,13.96,134400,0.0175,0.0036,1876224.0,969294.9
2005-01-21,13.78,13.96,13.78,13.9,178500,0.0087,-0.0043,2481150.0,1129356.9
2005-01-24,13.88,13.91,13.78,13.81,159600,-0.005,-0.0065,2204076.0,1346263.8
2005-01-25,13.81,13.84,13.22,13.41,1349100,-0.029,-0.029,18091431.0,1548811.8
2005-01-26,13.42,13.56,13.37,13.56,160800,0.0104,0.0112,2180448.0,3294106.5
2005-01-27,13.77,13.77,13.52,13.71,435300,-0.0044,0.0111,5967963.0,3430309.8
2005-01-28,13.75,13.8,13.69,13.75,177900,0.0,0.0029,2446125.0,3887615.1
2005-01-31,13.67,13.81,13.67,13.77,146400,0.0073,0.0015,2015928.0,3965126.4
2005-02-01,13.67,13.7,13.57,13.7,150900,0.0022,-0.0051,2067330.0,4099699.8
2005-02-02,13.54,13.78,13.54,13.78,116400,0.0177,0.0058,1603992.0,4142134.8
2005-02-03,13.69,13.82,13.56,13.71,72300,0.0015,-0.0051,991233.0,4093466.7
2005-02-04,13.7,13.7,13.33,13.5,246600,-0.0146,-0.0153,3329100.0,4004967.6
2005-02-07,13.42,13.49,13.33,13.33,306600,-0.0067,-0.0126,4086978.0,4089762.6
2005-02-08,13.34,13.58,13.34,13.58,118800,0.018,0.0188,1613304.0,4278052.8
2005-02-09,13.6,13.63,13.38,13.63,198300,0.0022,0.0037,2702829.0,2630240.1
2005-02-10,13.45,13.6,13.45,13.51,145200,0.0045,-0.0088,1961652.0,2682478.2
2005-02-11,13.5,13.59,13.44,13.56,128700,0.0044,0.0037,1745172.0,2281847.1
2005-02-14,13.37,13.57,13.37,13.57,26100,0.015,0.0007,354177.0,2211751.8
2005-02-15,13.68,14.02,13.62,13.98,346500,0.0219,0.0302,4844070.0,2045576.7
2005-02-16,14.16,14.23,14.0,14.23,148200,0.0049,0.0179,2108886.0,2323250.7
2005-02-17,14.28,14.28,13.82,13.85,91800,-0.0301,-0.0267,1271430.0,2373740.1
2005-02-18,13.75,14.07,13.48,14.0,113700,0.0182,0.0108,1591800.0,2401759.8
2005-02-22,14.33,14.33,13.53,13.83,43800,-0.0349,-0.0121,605754.0,2228029.8
2005-02-23,13.5,14.0,13.5,13.8,145500,0.0222,-0.0022,2007900.0,1879907.4
2005-02-24,14.0,14.0,13.67,13.91,51300,-0.0064,0.008,713583.0,1919367.0
2005-02-25,13.98,14.0,13.76,13.94,134700,-0.0029,0.0022,1877718.0,1720442.4
2005-02-28,13.83,13.9,13.75,13.83,65100,0.0,-0.0079,900333.0,1712049.0
2005-03-01,13.77,14.0,13.77,13.98,259200,0.0153,0.0108,3623616.0,1627565.1
2005-03-02,14.0,14.02,13.76,13.97,178200,-0.0021,-0.0007,2489454.0,1954509.0
2005-03-03,14.0,14.52,13.95,14.03,271500,0.0021,0.0043,3809145.0,1719047.4
2005-03-04,14.25,14.3,14.06,14.3,116100,0.0035,0.0192,1660230.0,1889073.3
2005-03-07,14.26,14.66,14.2,14.33,275100,0.0049,0.0021,3942183.0,1927953.3
2005-03-08,14.34,14.44,14.25,14.33,65400,-0.0007,0.0,937182.0,2162991.6
2005-03-09,14.49,14.53,14.0,14.35,113400,-0.0097,0.0014,1627290.0,2196134.4
2005-03-10,14.36,14.46,14.3,14.32,88800,-0.0028,-0.0021,1271616.0,2158073.4
2005-03-11,14.33,14.33,13.74,14.17,714900,-0.0112,-0.0105,10130133.0,2213876.7
2005-03-14,14.33,14.33,14.16,14.22,167400,-0.0077,0.0035,2380428.0,3039118.2
2005-03-15,14.23,14.36,14.2,14.34,428100,0.0077,0.0084,6138954.0,3187127.7
2005-03-16,14.23,14.43,14.15,14.35,183000,0.0084,0.0007,2626050.0,3438661.5
2005-03-17,14.43,14.5,14.38,14.45,263400,0.0014,0.007,3806130.0,3452321.1
2005-03-18,14.42,14.66,14.38,14.61,229500,0.0132,0.0111,3352995.0,3452019.6
2005-03-21,14.66,14.68,14.59,14.67,106800,0.0007,0.0041,1566756.0,3621296.1
2005-03-22,14.53,14.72,14.23,14.4,136500,-0.0089,-0.0184,1965600.0,3383753.4
2005-03-23,14.52,14.58,14.13,14.26,205200,-0.0179,-0.0097,2926152.0,3486595.2
2005-03-24,14.25,14.33,14.05,14.28,54300,0.0021,0.0014,775404.0,3616481.4
2005-03-28,14.23,14.34,14.23,14.23,51900,0.0,-0.0035,738537.0,3566860.2
2005-03-29,14.2,14.42,14.2,14.27,88500,0.0049,0.0028,1262895.0,2627700.6
2005-03-30,14.27,14.34,14.17,14.33,154500,0.0042,0.0042,2213985.0,2515947.3
2005-03-31,14.35,14.6,14.34,14.59,76200,0.0167,0.0181,1111758.0,2123450.4
2005-04-01,14.41,14.95,14.41,14.93,390300,0.0361,0.0233,5827179.0,1972021.2
2005-04-04,15.0,15.17,14.87,15.09,174600,0.006,0.0107,2634714.0,2174126.1
2005-04-05,15.18,15.56,15.17,15.56,135600,0.025,0.0311,2109936.0,2102298.0
2005-04-06,15.4,15.92,15.28,15.91,114600,0.0331,0.0225,1823286.0,2156616.0
2005-04-07,15.75,16.2,15.75,15.96,115800,0.0133,0.0031,1848168.0,2142384.6
2005-04-08,15.44,16.03,15.44,16.01,164100,0.0369,0.0031,2627241.0,2034586.2
2005-04-11,15.91,16.17,15.35,15.5,96600,-0.0258,-0.0319,1497300.0,2219769.9
2005-04-12,15.31,15.88,15.2,15.49,90900,0.0118,-0.0006,1408041.0,2295646.2
2005-04-13,15.54,15.68,15.12,15.35,68700,-0.0122,-0.009,1054545.0,2310160.8
2005-04-14,15.35,15.84,14.9,15.18,153900,-0.0111,-0.0111,2336202.0,2194216.8
2005-04-15,15.17,15.34,14.52,14.6,133500,-0.0376,-0.0382,1949100.0,2316661.2
2005-04-18,14.99,14.99,14.3,14.47,252300,-0.0347,-0.0089,3650781.0,1928853.3
2005-04-19,14.72,15.42,14.72,15.2,113400,0.0326,0.0504,1723680.0,2030460.0
2005-04-20,15.26,15.37,14.86,14.86,23100,-0.0262,-0.0224,343266.0,1991834.4
2005-04-21,15.21,15.28,14.92,15.16,28800,-0.0033,0.0202,436608.0,1843832.4
2005-04-22,15.09,15.35,14.58,14.73,52500,-0.0239,-0.0284,773325.0,1702676.4
2005-04-25,15.0,15.08,15.0,15.07,13500,0.0047,0.0231,203445.0,1517284.8
2005-04-26,14.86,15.07,14.75,14.86,38100,0.0,-0.0139,566166.0,1387899.3
2005-04-27,14.7,14.94,14.7,14.89,19800,0.0129,0.002,294822.0,1303711.8
2005-04-28,15.06,15.06,14.47,14.61,54300,-0.0299,-0.0188,793323.0,1227739.5
2005-04-29,14.64,14.87,14.28,14.87,41700,0.0157,0.0178,620079.0,1073451.6
2005-05-02,14.93,15.26,14.84,15.03,141300,0.0067,0.0108,2123739.0,940549.5
2005-05-03,15.12,15.12,14.74,14.74,35400,-0.0251,-0.0193,521796.0,787845.3
2005-05-04,14.54,15.53,14.53,15.44,78000,0.0619,0.0475,1204320.0,667656.9
2005-05-05,15.6,15.64,15.2,15.4,45600,-0.0128,-0.0026,702240.0,753762.3
2005-05-06,15.64,15.64,15.2,15.21,36900,-0.0275,-0.0123,561249.0,780325.5
2005-05-09,15.06,15.55,15.06,15.51,53400,0.0299,0.0197,828234.0,759117.9
2005-05-10,15.34,15.34,14.86,15.15,94800,-0.0124,-0.0232,1436220.0,821596.8
2005-05-11,14.93,15.04,14.78,14.81,69300,-0.008,-0.0224,1026333.0,908602.2
2005-05-12,14.77,14.99,14.67,14.97,78900,0.0135,0.0108,1181133.0,981753.3
2005-05-13,14.81,15.0,14.81,14.83,30300,0.0014,-0.0094,449349.0,1020534.3
2005-05-16,14.84,15.03,14.71,14.96,68400,0.0081,0.0088,1023264.0,1003461.3
2005-05-17,14.85,14.88,14.33,14.42,122400,-0.029,-0.0361,1765008.0,893413.8
2005-05-18,14.69,14.96,14.58,14.87,125700,0.0123,0.0312,1869159.0,1017735.0
2005-05-19,15.01,15.63,14.97,15.5,336300,0.0326,0.0424,5212650.0,1084218.9
2005-05-20,15.22,15.23,14.59,14.63,420600,-0.0388,-0.0561,6153378.0,1535259.9
2005-05-23,14.64,14.83,14.38,14.4,232800,-0.0164,-0.0157,3352320.0,2094472.8
2005-05-24,14.48,14.54,14.34,14.47,105900,-0.0007,0.0049,1532373.0,2346881.4
2005-05-25,14.54,14.64,14.34,14.4,85800,-0.0096,-0.0048,1235520.0,2356496.7
2005-05-26,14.34,14.92,14.34,14.88,359700,0.0377,0.0333,5352336.0,2377415.4
2005-05-27,14.91,15.33,14.84,15.25,282900,0.0228,0.0249,4314225.0,2794535.7
2005-05-31,15.25,15.51,15.25,15.26,201000,0.0007,0.0007,3067260.0,3181023.3
2005-06-01,15.01,15.5,15.01,15.12,110100,0.0073,-0.0092,1664712.0,3385422.9
2005-06-02,15.39,15.57,15.09,15.22,140400,-0.011,0.0066,2136888.0,3375393.3
2005-06-03,15.22,15.22,15.09,15.1,78900,-0.0079,-0.0079,1191390.0,3402166.2
2005-06-06,15.35,15.35,15.16,15.21,63900,-0.0091,0.0073,971919.0,3000040.2
2005-06-07,15.14,15.32,15.04,15.2,46200,0.004,-0.0007,702240.0,2481894.3
2005-06-08,15.08,15.27,15.03,15.23,92400,0.0099,0.002,1407252.0,2216886.3
2005-06-09,15.3,15.3,15.17,15.18,35400,-0.0078,-0.0033,537372.0,2204374.2
2005-06-10,15.32,15.32,15.03,15.06,96000,-0.017,-0.0079,1445760.0,2134559.4
2005-06-13,15.17,15.17,14.92,15.08,131700,-0.0059,0.0013,1986036.0,1743901.8
2005-06-14,15.19,15.19,14.99,15.05,131400,-0.0092,-0.002,1977570.0,1511082.9
2005-06-15,15.01,15.13,14.93,15.0,126900,-0.0007,-0.0033,1903500.0,1402113.9
2005-06-16,15.06,15.08,14.93,15.04,119100,-0.0013,0.0027,1791264.0,1425992.7
2005-06-17,14.29,15.04,14.29,15.04,311700,0.0525,0.0,4687968.0,1391430.3
2005-06-20,15.09,15.09,14.88,14.88,73800,-0.0139,-0.0106,1098144.0,1741088.1
2005-06-21,15.03,15.09,14.85,14.87,90300,-0.0106,-0.0007,1342761.0,1753710.6
2005-06-22,15.08,15.08,14.83,14.87,99600,-0.0139,0.0,1481052.0,1817762.7
2005-06-23,15.02,15.02,14.84,14.91,76200,-0.0073,0.0027,1136142.0,1825142.7
2005-06-24,15.5,15.91,15.13,15.62,1077900,0.0077,0.0476,16836798.0,1885019.7
2005-06-27,15.69,15.94,15.62,15.93,160800,0.0153,0.0198,2561544.0,3424123.5
2005-06-28,15.97,15.99,15.79,15.97,147600,0.0,0.0025,2357172.0,3481674.3
2005-06-29,15.98,16.0,15.92,15.98,165900,0.0,0.0006,2651082.0,3519634.5
2005-06-30,15.99,16.14,15.96,16.1,85200,0.0069,0.0075,1371720.0,3594392.7
2005-07-01,16.1,16.57,16.02,16.54,199500,0.0273,0.0273,3299730.0,3552438.3
2005-07-05,16.57,17.45,16.39,17.37,202200,0.0483,0.0502,3512214.0,3413614.5
2005-07-06,17.37,17.82,17.37,17.55,328200,0.0104,0.0104,5759910.0,3655021.5
2005-07-07,17.36,17.98,17.31,17.73,177000,0.0213,0.0103,3138210.0,4096736.4
2005-07-08,17.76,17.76,17.41,17.51,481800,-0.0141,-0.0124,8436318.0,4262452.2
2005-07-11,17.55,17.6,17.22,17.5,121500,-0.0028,-0.0006,2126250.0,4992469.8
2005-07-12,17.5,17.52,17.2,17.45,214500,-0.0029,-0.0029,3743025.0,3521415.0
2005-07-13,17.46,17.56,17.45,17.5,130200,0.0023,0.0029,2278500.0,3639563.1
2005-07-14,17.56,17.56,16.74,17.08,132900,-0.0273,-0.024,2269932.0,3631695.9
2005-07-15,16.91,17.41,16.89,17.17,66600,0.0154,0.0053,1143522.0,3593580.9
2005-07-18,17.25,17.31,16.7,17.25,112200,0.0,0.0047,1935450.0,3570761.1
2005-07-19,17.32,17.89,17.26,17.89,182100,0.0329,0.0371,3257769.0,3434333.1
2005-07-20,17.83,18.08,17.67,17.91,181800,0.0045,0.0011,3256038.0,3408888.6
2005-07-21,18.08,18.21,17.85,18.05,131700,-0.0017,0.0078,2377185.0,3158501.4
2005-07-22,18.05,18.89,18.01,18.87,153300,0.0454,0.0454,2892771.0,3082398.9
2005-07-25,18.93,19.18,18.45,18.81,208200,-0.0063,-0.0032,3916242.0,2528044.2
2005-07-26,18.81,19.32,18.72,19.24,91200,0.0229,0.0229,1754688.0,2707043.4
2005-07-27,19.12,19.29,18.91,19.28,106500,0.0084,0.0021,2053320.0,2508209.7
2005-07-28,19.28,19.62,19.15,19.58,227400,0.0156,0.0156,4452492.0,2485691.7
2005-07-29,19.58,19.81,19.5,19.8,147000,0.0112,0.0112,2910600.0,2703947.7
2005-08-01,19.69,20.28,19.69,20.23,184800,0.0274,0.0217,3738504.0,2880655.5
2005-08-02,20.25,20.73,20.07,20.47,296400,0.0109,0.0119,6067308.0,3060960.9
2005-08-03,20.38,20.46,19.4,19.83,294300,-0.027,-0.0313,5835969.0,3341914.8
2005-08-04,19.73,19.81,18.98,19.47,195600,-0.0132,-0.0182,3808332.0,3599907.9
2005-08-05,19.43,19.55,18.42,18.62,174000,-0.0417,-0.0437,3239880.0,3743022.6
2005-08-08,18.55,20.2,18.53,19.58,296400,0.0555,0.0516,5803512.0,3777733.5
2005-08-09,20.5,21.59,20.42,20.9,597600,0.0195,0.0674,12489840.0,3966460.5
2005-08-10,20.99,21.52,20.84,21.51,173100,0.0248,0.0292,3723381.0,5039975.7
2005-08-11,21.56,22.35,21.5,22.02,269100,0.0213,0.0237,5925582.0,5206981.8
2005-08-12,21.92,22.03,21.79,21.99,108600,0.0032,-0.0014,2388114.0,5354290.8
2005-08-15,22.14,22.35,21.83,21.95,116100,-0.0086,-0.0018,2548395.0,5302042.2
2005-08-16,21.67,21.67,20.07,20.98,689400,-0.0318,-0.0442,14463612.0,5183031.3
2005-08-17,20.98,21.16,20.52,20.67,170100,-0.0148,-0.0148,3515967.0,6022661.7
2005-08-18,20.65,20.67,20.39,20.42,103200,-0.0111,-0.0121,2107344.0,5790661.5
2005-08-19,20.38,21.24,20.36,20.99,215400,0.0299,0.0279,4521246.0,5620562.7
2005-08-22,21.12,21.33,20.53,20.75,155700,-0.0175,-0.0114,3230775.0,5748699.3
2005-08-23,20.74,20.88,20.47,20.8,92700,0.0029,0.0024,1928160.0,5491425.6
2005-08-24,20.8,21.23,20.45,20.82,158700,0.001,0.001,3304134.0,4435257.6
2005-08-25,20.95,20.95,20.53,20.63,53100,-0.0153,-0.0091,1095453.0,4393332.9
2005-08-26,20.55,20.72,20.39,20.54,73500,-0.0005,-0.0044,1509690.0,3910320.0
2005-08-29,20.57,20.73,20.03,20.47,155700,-0.0049,-0.0034,3187179.0,3822477.6
2005-08-30,20.42,21.3,20.4,21.05,148500,0.0309,0.0283,3125925.0,3886356.0
2005-08-31,21.09,21.41,21.09,21.27,254400,0.0085,0.0105,5411088.0,2752587.3
2005-09-01,21.27,21.81,20.45,21.45,195300,0.0085,0.0085,4189185.0,2942099.4
2005-09-02,21.45,21.45,20.85,20.89,54600,-0.0261,-0.0261,1140594.0,3150283.5
2005-09-06,21.11,21.61,21.02,21.42,154500,0.0147,0.0254,3309390.0,2812218.3
2005-09-07,21.38,21.41,20.96,21.37,55200,-0.0005,-0.0023,1179624.0,2820079.8
2005-09-08,21.37,21.37,20.88,21.21,186300,-0.0075,-0.0075,3951423.0,2745226.2
2005-09-09,21.22,21.43,21.16,21.24,168600,0.0009,0.0014,3581064.0,2809955.1
2005-09-12,21.39,21.43,20.81,21.13,104400,-0.0122,-0.0052,2205972.0,3058516.2
2005-09-13,21.07,21.07,20.18,20.67,131400,-0.019,-0.0218,2716038.0,3128144.4
2005-09-14,20.77,20.83,20.53,20.66,89100,-0.0053,-0.0005,1840806.0,3081030.3
2005-09-15,20.66,20.85,20.6,20.67,61800,0.0005,0.0005,1277406.0,2952518.4
2005-09-16,20.79,20.87,20.7,20.83,205500,0.0019,0.0077,4280565.0,2539150.2
2005-09-19,20.78,21.13,20.56,21.09,221100,0.0149,0.0125,4662999.0,2548288.2
2005-09-20,21.14,21.4,20.93,21.14,160800,0.0,0.0024,3399312.0,2900528.7
2005-09-21,21.0,21.04,20.5,20.85,138600,-0.0071,-0.0137,2889810.0,2909520.9
2005-09-22,20.64,20.64,19.86,20.1,241500,-0.0262,-0.036,4854150.0,3080539.5
2005-09-23,20.05,20.32,19.87,20.23,82800,0.009,0.0065,1675044.0,3170812.2
2005-09-26,20.44,21.1,20.01,21.09,146400,0.0318,0.0425,3087576.0,2980210.2
2005-09-27,21.04,21.04,20.67,20.86,40200,-0.0086,-0.0109,838572.0,3068370.6
2005-09-28,20.74,20.74,20.15,20.7,134400,-0.0019,-0.0077,2782080.0,2880624.0
2005-09-29,20.8,21.25,20.8,21.25,78300,0.0216,0.0266,1663875.0,2974751.4
2005-09-30,21.25,21.33,20.82,21.32,76200,0.0033,0.0033,1624584.0,3013398.3
2005-10-03,21.25,21.4,21.15,21.24,68400,-0.0005,-0.0038,1452816.0,2747800.2
2005-10-04,21.42,21.42,20.5,20.66,96300,-0.0355,-0.0273,1989558.0,2426781.9
2005-10-05,20.78,20.78,20.02,20.19,130800,-0.0284,-0.0227,2640852.0,2285806.5
2005-10-06,20.2,20.2,18.86,19.2,199500,-0.0495,-0.049,3830400.0,2260910.7
2005-10-07,19.26,20.67,19.26,20.55,193500,0.067,0.0703,3976425.0,2158535.7
2005-10-10,20.49,20.86,20.21,20.52,144000,0.0015,-0.0015,2954880.0,2388673.8
2005-10-11,20.28,21.29,20.28,21.08,180900,0.0394,0.0273,3813372.0,2375404.2
2005-10-12,21.03,21.81,21.03,21.6,677400,0.0271,0.0247,14631840.0,2672884.2
2005-10-13,21.49,21.56,20.4,20.88,133200,-0.0284,-0.0333,2781216.0,3857860.2
2005-10-14,20.99,20.99,20.37,20.7,78600,-0.0138,-0.0086,1627020.0,3969594.3
2005-10-17,20.53,21.26,20.52,21.01,64200,0.0234,0.015,1348842.0,3969837.9
2005-10-18,21.14,21.14,20.62,20.65,68400,-0.0232,-0.0171,1412460.0,3959440.5
2005-10-19,20.58,21.33,20.43,21.33,99000,0.0364,0.0329,2111670.0,3901730.7
2005-10-20,21.26,21.55,20.82,21.24,118200,-0.0009,-0.0042,2510568.0,3848812.5
2005-10-21,21.08,21.67,21.08,21.44,88800,0.0171,0.0094,1903872.0,3716829.3
2005-10-24,21.36,21.98,21.33,21.96,117300,0.0281,0.0243,2575908.0,3509574.0
2005-10-25,21.89,22.27,21.58,21.99,87000,0.0046,0.0014,1913130.0,3471676.8
2005-10-26,21.88,21.92,21.22,21.47,56400,-0.0187,-0.0236,1210908.0,3281652.6
2005-10-27,21.38,21.83,21.32,21.62,114900,0.0112,0.007,2484138.0,1939559.4
2005-10-28,21.42,22.0,21.35,21.93,66900,0.0238,0.0143,1467117.0,1909851.6
2005-10-31,21.85,22.33,21.75,22.07,132300,0.0101,0.0064,2919861.0,1893861.3
2005-11-01,21.85,22.08,21.07,21.83,132600,-0.0009,-0.0109,2894658.0,2050963.2
2005-11-02,21.81,22.0,21.78,22.0,69000,0.0087,0.0078,1518000.0,2199183.0
2005-11-03,22.0,22.93,21.9,22.75,321900,0.0341,0.0341,7323225.0,2139816.0
2005-11-04,22.78,23.14,22.37,22.73,191400,-0.0022,-0.0009,4350522.0,2621081.7
2005-11-07,22.82,22.82,21.5,21.89,151200,-0.0408,-0.037,3309768.0,2865746.7
2005-11-08,22.01,22.17,21.67,22.17,59700,0.0073,0.0128,1323549.0,2939132.7
2005-11-09,22.32,22.67,22.02,22.36,235800,0.0018,0.0086,5272488.0,2880174.6
2005-11-10,22.37,22.43,21.77,22.38,206100,0.0004,0.0009,4612518.0,3286332.6
2005-11-11,21.72,22.28,21.42,21.9,594600,0.0083,-0.0214,13021740.0,3499170.6
2005-11-14,21.9,21.96,21.59,21.88,180600,-0.0009,-0.0009,3951528.0,4654632.9
2005-11-15,21.83,21.86,21.49,21.7,202500,-0.006,-0.0082,4394250.0,4757799.6
2005-11-16,21.7,21.92,21.36,21.74,210300,0.0018,0.0018,4571922.0,4907758.8
2005-11-17,21.74,22.19,21.74,21.91,146700,0.0078,0.0078,3214197.0,5213151.0
2005-11-18,22.13,22.13,21.6,21.72,86700,-0.0185,-0.0087,1883124.0,4802248.2
2005-11-21,21.42,21.64,21.42,21.56,157800,0.0065,-0.0074,3402168.0,4555508.4
2005-11-22,21.71,22.0,21.69,21.77,144900,0.0028,0.0097,3154473.0,4564748.4
2005-11-23,21.74,21.98,21.52,21.84,383100,0.0046,0.0032,8366904.0,4747840.8
2005-11-25,21.95,21.95,21.75,21.76,29400,-0.0087,-0.0037,639744.0,5057282.4
2005-11-28,21.91,22.0,21.62,21.85,342300,-0.0027,0.0041,7479255.0,4660005.0
2005-11-29,21.91,22.0,21.4,21.6,137400,-0.0141,-0.0114,2967840.0,4105756.5
2005-11-30,21.65,22.0,21.65,21.79,125100,0.0065,0.0088,2725929.0,4007387.7
2005-12-01,21.72,21.84,21.41,21.73,156000,0.0005,-0.0028,3389880.0,3840555.6
2005-12-02,21.78,21.78,21.52,21.57,115500,-0.0096,-0.0074,2491335.0,3722351.4
2005-12-05,21.67,21.67,21.17,21.27,209700,-0.0185,-0.0139,4460319.0,3650065.2
2005-12-06,21.29,21.56,21.1,21.14,120900,-0.007,-0.0061,2555826.0,3907784.7
2005-12-07,21.29,21.29,20.75,21.01,250800,-0.0132,-0.0061,5269308.0,3823150.5
2005-12-08,21.02,21.12,20.26,20.82,294000,-0.0095,-0.009,6121080.0,4034634.0
2005-12-09,20.76,20.76,20.41,20.66,253800,-0.0048,-0.0077,5243508.0,3810051.6
2005-12-12,20.86,20.86,20.49,20.71,292800,-0.0072,0.0024,6063888.0,4270428.0
2005-12-13,20.75,20.97,20.58,20.74,183000,-0.0005,0.0014,3795420.0,4128891.3
2005-12-14,20.94,21.0,20.74,20.99,100500,0.0024,0.0121,2109495.0,4211649.3
2005-12-15,21.11,21.17,20.68,20.82,148200,-0.0137,-0.0081,3085524.0,4150005.9
2005-12-16,20.87,21.1,20.87,21.04,235200,0.0081,0.0106,4948608.0,4119570.3
2005-12-19,21.04,21.04,20.63,20.88,189900,-0.0076,-0.0076,3965112.0,4365297.6
2005-12-20,20.98,21.0,20.7,20.78,253800,-0.0095,-0.0048,5273964.0,4315776.9
2005-12-21,20.87,21.04,20.72,21.04,93900,0.0081,0.0125,1975656.0,4587590.7
2005-12-22,21.04,21.15,20.84,21.08,33900,0.0019,0.0019,714612.0,4258225.5
2005-12-23,21.29,21.33,20.97,21.33,57300,0.0019,0.0119,1222209.0,3717578.7
2005-12-27,21.26,21.26,20.95,20.95,72900,-0.0146,-0.0178,1527255.0,3315448.8
2005-12-28,21.13,21.21,20.82,21.2,37200,0.0033,0.0119,788640.0,2861785.5
2005-12-29,21.03,21.27,20.86,21.14,62400,0.0052,-0.0028,1319136.0,2561107.5
2005-12-30,21.18,21.23,21.0,21.02,52800,-0.0076,-0.0057,1109856.0,2482071.6
2006-01-03,21.07,22.17,21.07,22.12,250500,0.0498,0.0523,5541060.0,2284504.8
2006-01-04,21.95,22.16,21.26,21.59,135000,-0.0164,-0.024,2914650.0,2343750.0
2006-01-05,21.76,22.14,21.72,22.01,354000,0.0115,0.0195,7791540.0,2238703.8
2006-01-06,22.07,22.29,22.0,22.21,469500,0.0063,0.0091,10427595.0,2490461.4
2006-01-09,22.1,22.22,22.01,22.13,78000,0.0014,-0.0036,1726140.0,3335655.3
2006-01-10,22.02,22.66,22.02,22.65,177600,0.0286,0.0235,4022640.0,3436808.1
2006-01-11,22.75,24.66,22.75,23.96,523500,0.0532,0.0578,12543060.0,3716851.2
2006-01-12,24.01,24.88,24.01,24.67,308700,0.0275,0.0296,7615629.0,4818431.7
2006-01-13,24.61,24.99,24.17,24.96,191700,0.0142,0.0118,4784832.0,5501130.6
2006-01-17,25.0,25.33,24.79,25.17,155400,0.0068,0.0084,3911418.0,5847700.2
2006-01-18,25.17,25.5,24.84,25.01,129300,-0.0064,-0.0064,3233793.0,6127856.4
2006-01-19,25.17,25.51,24.89,25.37,123300,0.0079,0.0144,3128121.0,5897129.7
2006-01-20,25.55,25.59,25.04,25.41,59700,-0.0055,0.0016,1516977.0,5918476.8
2006-01-23,25.56,25.63,25.05,25.62,70200,0.0023,0.0083,1798524.0,5291020.5
2006-01-24,25.67,26.13,25.42,26.12,121200,0.0175,0.0195,3165744.0,4428113.4
2006-01-25,26.13,26.13,25.46,25.81,142200,-0.0122,-0.0119,3670182.0,4572073.8
2006-01-26,25.83,26.4,25.69,26.4,131400,0.0221,0.0229,3468960.0,4536828.0
2006-01-27,26.44,27.29,26.4,26.9,170100,0.0174,0.0189,4575690.0,3629418.0
2006-01-30,27.03,27.31,26.67,26.73,108900,-0.0111,-0.0063,2910897.0,3325424.1
2006-01-31,25.94,26.82,25.94,26.74,78600,0.0308,0.0004,2101764.0,3138030.6
2006-02-01,26.83,27.07,26.76,26.91,104700,0.003,0.0064,2817477.0,2957065.2
2006-02-02,27.0,27.17,26.7,26.93,105600,-0.0026,0.0007,2843808.0,2915433.6
2006-02-03,26.92,27.25,26.92,27.13,157200,0.0078,0.0074,4264836.0,2887002.3
2006-02-06,27.33,27.87,26.94,27.68,110100,0.0128,0.0203,3047568.0,3161788.2
2006-02-07,27.73,27.83,26.88,27.06,162900,-0.0242,-0.0224,4408074.0,3286692.6
2006-02-08,27.27,27.27,26.48,26.97,143700,-0.011,-0.0033,3875589.0,3410925.6
2006-02-09,27.14,27.41,26.78,26.78,26400,-0.0133,-0.007,706992.0,3431466.3
2006-02-10,26.82,27.12,25.93,26.74,157800,-0.003,-0.0015,4219572.0,3155269.5
2006-02-13,26.87,26.87,26.2,26.7,142500,-0.0063,-0.0015,3804750.0,3119657.7
2006-02-14,26.7,27.08,26.39,26.65,96900,-0.0019,-0.0019,2582385.0,3209043.0
2006-02-15,26.89,26.89,26.01,26.23,153900,-0.0245,-0.0158,4036797.0,3257105.1
2006-02-16,26.33,26.75,26.23,26.67,96900,0.0129,0.0168,2584323.0,3379037.1
2006-02-17,26.67,27.26,26.45,26.61,125700,-0.0022,-0.0022,3344877.0,3353088.6
2006-02-21,26.93,26.93,26.24,26.51,106200,-0.0156,-0.0038,2815362.0,3261092.7
2006-02-22,26.77,26.83,26.33,26.74,51300,-0.0011,0.0087,1371762.0,3237872.1
2006-02-23,26.83,26.83,26.42,26.67,21000,-0.006,-0.0026,560070.0,2934240.9
2006-02-24,26.97,27.16,26.52,26.95,49500,-0.0007,0.0105,1334025.0,2602689.0
2006-02-27,27.08,27.08,26.52,26.94,43200,-0.0052,-0.0004,1163808.0,2665392.3
2006-02-28,26.33,26.62,26.02,26.52,153300,0.0072,-0.0156,4065516.0,2359815.9
2006-03-01,26.31,26.9,25.8,26.9,111000,0.0224,0.0143,2985900.0,2385892.5
2006-03-02,27.0,27.13,26.39,27.07,102900,0.0026,0.0063,2785503.0,2426244.0
2006-03-03,26.87,27.16,26.79,26.94,50400,0.0026,-0.0048,1357776.0,2301114.6
2006-03-06,27.16,27.16,26.4,26.86,138600,-0.011,-0.003,3722796.0,2178459.9
2006-03-07,26.66,26.83,25.93,26.67,268200,0.0004,-0.0071,7152894.0,2216251.8
2006-03-08,26.65,26.87,26.61,26.68,86700,0.0011,0.0004,2313156.0,2650005.0
2006-03-09,26.6,26.83,26.58,26.73,284100,0.0049,0.0019,7593993.0,2744144.4
2006-03-10,27.0,27.08,26.66,27.08,113400,0.003,0.0131,3070872.0,3447536.7
2006-03-13,27.08,27.28,26.8,26.89,391800,-0.007,-0.007,10535502.0,3621221.4
2006-03-14,26.82,27.0,26.5,26.78,309600,-0.0015,-0.0041,8291088.0,4558390.8
2006-03-15,26.46,26.82,26.14,26.33,755700,-0.0049,-0.0168,19897581.0,4980948.0
2006-03-16,26.16,26.74,26.16,26.68,192900,0.0199,0.0133,5146572.0,6672116.1
2006-03-17,26.8,26.8,26.44,26.59,196200,-0.0078,-0.0034,5216958.0,6908223.0
2006-03-20,26.36,26.54,26.11,26.22,315600,-0.0053,-0.0139,8275032.0,7294141.2
2006-03-21,26.27,26.33,25.83,25.85,331500,-0.016,-0.0141,8569275.0,7749364.8
2006-03-22,24.83,25.13,24.33,24.83,767700,0.0,-0.0395,19061991.0,7891002.9
2006-03-23,24.97,24.97,24.31,24.44,426000,-0.0212,-0.0157,10411440.0,9565886.4
2006-03-24,24.58,24.71,24.02,24.59,209400,0.0004,0.0061,5149146.0,9847631.1
2006-03-27,24.77,24.96,24.37,24.8,150900,0.0012,0.0085,3742320.0,10055458.5
2006-03-28,24.8,24.87,24.59,24.8,80400,0.0,0.0,1993920.0,9376140.3
2006-03-29,24.9,25.17,24.85,25.05,137700,0.006,0.0101,3449385.0,8746423.5
2006-03-30,25.04,25.49,24.91,25.44,97800,0.016,0.0156,2488032.0,7101603.9
2006-03-31,25.77,25.82,25.34,25.82,449100,0.0019,0.0149,11595762.0,6835749.9
2006-04-03,25.64,25.73,25.1,25.3,277800,-0.0133,-0.0201,7028340.0,7473630.3
2006-04-04,25.11,26.0,25.11,25.79,216300,0.0271,0.0194,5578377.0,7348961.1
2006-04-05,24.81,26.08,24.81,25.88,198600,0.0431,0.0035,5139768.0,7049871.3
2006-04-06,26.11,26.31,25.72,25.83,109200,-0.0107,-0.0019,2820636.0,5657649.0
2006-04-07,25.71,25.99,25.35,25.7,191400,-0.0004,-0.005,4918980.0,4898568.6
2006-04-10,25.89,25.89,24.82,25.0,238200,-0.0344,-0.0272,5955000.0,4875552.0
2006-04-11,24.88,24.9,24.33,24.4,250500,-0.0193,-0.024,6112200.0,5096820.0
2006-04-12,24.33,24.54,24.09,24.18,199800,-0.0062,-0.009,4831164.0,5508648.0
2006-04-13,24.04,24.69,23.83,24.6,277200,0.0233,0.0174,6819120.0,5646825.9
2006-04-17,24.45,24.53,24.1,24.38,214500,-0.0029,-0.0089,5229510.0,6079934.7
2006-04-18,24.17,24.7,23.9,24.68,116400,0.0211,0.0123,2872752.0,5443309.5
2006-04-19,24.44,25.03,24.24,24.95,123000,0.0209,0.0109,3068850.0,5027750.7
2006-04-20,25.0,25.08,24.47,24.93,90000,-0.0028,-0.0008,2243700.0,4776798.0
2006-04-21,25.11,25.14,24.77,25.04,106200,-0.0028,0.0044,2659248.0,4487191.2
2006-04-24,25.23,25.4,24.94,25.12,87600,-0.0044,0.0032,2200512.0,4471052.4
2006-04-25,25.31,25.31,24.37,24.87,114300,-0.0174,-0.01,2842641.0,4199205.6
2006-04-26,24.75,25.32,24.51,24.91,119400,0.0065,0.0016,2974254.0,3887969.7
2006-04-27,24.89,24.98,24.28,24.66,70500,-0.0092,-0.01,1738530.0,3574175.1
2006-04-28,24.68,25.09,24.39,24.4,86100,-0.0113,-0.0105,2100840.0,3264911.7
2006-05-01,24.62,24.82,24.41,24.45,84300,-0.0069,0.002,2061135.0,2793083.7
2006-05-02,24.97,26.07,24.8,25.83,435000,0.0344,0.0564,11236050.0,2476246.2
2006-05-03,25.83,26.83,25.7,26.28,357600,0.0174,0.0174,9397728.0,3312576.0
2006-05-04,26.79,26.83,26.38,26.47,280500,-0.0119,0.0072,7424835.0,3945463.8
2006-05-05,26.74,26.74,25.75,25.99,168900,-0.028,-0.0181,4389711.0,4463577.3
2006-05-08,26.83,27.71,26.54,27.5,553200,0.025,0.0581,15213000.0,4636623.6
2006-05-09,26.66,28.79,26.66,28.06,259500,0.0525,0.0204,7281570.0,5937872.4
2006-05-10,28.19,28.42,27.92,28.37,146700,0.0064,0.011,4161879.0,6381765.3
2006-05-11,28.5,28.5,26.97,27.23,161700,-0.0446,-0.0402,4403091.0,6500527.8
2006-05-12,27.47,27.47,26.46,26.47,77700,-0.0364,-0.0279,2056719.0,6766983.9
2006-05-15,26.45,26.61,25.79,26.34,103800,-0.0042,-0.0049,2734092.0,6762571.8
2006-05-16,27.47,27.83,26.82,27.01,268800,-0.0167,0.0254,7260288.0,6829867.5
2006-05-17,26.66,26.92,25.7,26.41,213900,-0.0094,-0.0222,5649099.0,6432291.3
2006-05-18,26.61,27.21,26.48,27.17,291000,0.021,0.0288,7906470.0,6057428.4
2006-05-19,27.43,28.66,27.43,28.33,489600,0.0328,0.0427,13870368.0,6105591.9
2006-05-22,28.33,28.66,27.54,28.27,517800,-0.0021,-0.0021,14638206.0,7053657.6
2006-05-23,28.62,29.44,28.6,29.03,297900,0.0143,0.0269,8648037.0,6996178.2
2006-05-24,29.13,30.0,28.77,28.9,475200,-0.0079,-0.0045,13733280.0,7132824.9
2006-05-25,29.17,29.99,29.1,29.99,418200,0.0281,0.0377,12541818.0,8089965.0
2006-05-26,30.0,30.59,29.83,30.08,244800,0.0027,0.003,7363584.0,8903837.7
2006-05-30,30.33,30.9,30.22,30.3,369300,-0.001,0.0073,11189790.0,9434524.2
2006-05-31,30.2,30.85,29.41,30.09,405300,-0.0036,-0.0069,12195477.0,10280094.0
2006-06-01,30.01,30.93,29.51,30.17,224400,0.0053,0.0027,6770148.0,10773612.9
2006-06-02,30.34,30.83,29.58,30.72,250200,0.0125,0.0182,7686144.0,10885717.8
2006-06-05,30.91,31.27,30.04,30.12,250500,-0.0256,-0.0195,7545060.0,10863685.2
2006-06-06,30.06,30.47,29.42,30.26,175800,0.0067,0.0046,5319708.0,10231154.4
2006-06-07,30.47,30.78,29.87,30.27,224400,-0.0066,0.0003,6792588.0,9299304.6
2006-06-08,29.87,30.35,29.73,30.24,261300,0.0124,-0.001,7901712.0,9113759.7
2006-06-09,30.17,30.42,29.39,29.44,151200,-0.0242,-0.0265,4451328.0,8530602.9
2006-06-12,29.66,30.33,28.52,28.79,251700,-0.0293,-0.0221,7246443.0,7721553.9
2006-06-13,28.52,28.68,27.7,28.03,426300,-0.0172,-0.0264,11949189.0,7709839.8
2006-06-14,28.3,28.88,28.0,28.42,393900,0.0042,0.0139,11194638.0,7785779.7
2006-06-15,28.64,29.98,28.63,29.86,220200,0.0426,0.0507,6575172.0,7685695.8
2006-06-16,29.82,30.47,29.6,30.06,359700,0.008,0.0067,10812582.0,7666198.2
2006-06-19,29.97,30.38,29.04,29.28,174900,-0.023,-0.0259,5121072.0,7978842.0
2006-06-20,29.28,29.9,28.93,29.36,112200,0.0027,0.0027,3294192.0,7736443.2
2006-06-21,29.33,29.56,28.87,29.07,144300,-0.0089,-0.0099,4194801.0,7533891.6
2006-06-22,29.03,30.03,28.91,29.77,178500,0.0255,0.0241,5313945.0,7274112.9
2006-06-23,29.84,30.71,29.79,30.35,228600,0.0171,0.0195,6938010.0,7015336.2
2006-06-26,30.62,30.68,30.4,30.53,307500,-0.0029,0.0059,9387975.0,7264004.4
2006-06-27,30.53,30.66,30.36,30.56,277200,0.001,0.001,8471232.0,7478157.6
2006-06-28,30.66,30.66,30.09,30.51,106200,-0.0049,-0.0016,3240162.0,7130361.9
2006-06-29,30.59,31.33,30.52,31.33,364800,0.0242,0.0269,11429184.0,6334914.3
2006-06-30,31.65,32.0,31.34,31.69,1270200,0.0013,0.0115,40252638.0,6820315.5
2006-07-03,32.49,32.83,32.1,32.39,261900,-0.0031,0.0221,8482941.0,9764321.1
2006-07-05,32.49,32.49,32.07,32.44,318900,-0.0015,0.0015,10345116.0,10100508.0
2006-07-06,32.23,32.33,31.8,31.87,210900,-0.0112,-0.0176,6721383.0,10805600.4
2006-07-07,31.82,31.82,30.86,31.27,264900,-0.0173,-0.0188,8283423.0,11058258.6
2006-07-10,31.27,31.47,30.95,31.43,161700,0.0051,0.0051,5082231.0,11355206.4
2006-07-11,31.33,31.76,31.1,31.63,195600,0.0096,0.0064,6186828.0,11169628.5
2006-07-12,31.76,31.81,30.41,30.89,236100,-0.0274,-0.0234,7293129.0,10849513.8
2006-07-13,30.85,31.18,29.67,30.06,192300,-0.0256,-0.0269,5780538.0,10731703.5
2006-07-14,29.64,29.99,28.51,29.77,281100,0.0044,-0.0096,8368347.0,10985741.1
2006-07-17,29.64,29.96,29.39,29.75,149100,0.0037,-0.0007,4435725.0,10679657.4
2006-07-18,30.27,30.67,29.79,30.15,216900,-0.004,0.0134,6539535.0,7097966.1
2006-07-19,30.29,31.58,30.14,31.4,299700,0.0366,0.0415,9410580.0,6903625.5
2006-07-20,31.58,31.63,31.05,31.12,134400,-0.0146,-0.0089,4182528.0,6810171.9
2006-07-21,31.06,31.18,30.08,30.47,156000,-0.019,-0.0209,4753320.0,6556286.4
2006-07-24,30.56,31.44,30.19,31.35,182400,0.0259,0.0289,5718240.0,6203276.1
2006-07-25,31.25,32.0,31.14,31.92,294000,0.0214,0.0182,9384480.0,6266877.0
2006-07-26,32.4,32.42,31.64,32.15,321900,-0.0077,0.0072,10349085.0,6586642.2
2006-07-27,32.2,32.61,31.88,32.2,138900,0.0,0.0016,4472580.0,6892237.8
2006-07-28,32.52,32.58,32.16,32.42,68400,-0.0031,0.0068,2217528.0,6761442.0
2006-07-31,32.25,33.22,31.75,32.9,208500,0.0202,0.0148,6859650.0,6146360.1
2006-08-01,33.29,33.44,32.72,33.23,228000,-0.0018,0.01,7576440.0,6388752.6
2006-08-02,33.27,33.39,32.36,32.51,125100,-0.0228,-0.0217,4067001.0,6492443.1
2006-08-03,32.29,33.19,32.09,33.06,129600,0.0238,0.0169,4284576.0,5958085.2
2006-08-04,33.15,33.15,31.67,32.53,321000,-0.0187,-0.016,10442130.0,5968290.0
2006-08-07,32.63,32.67,31.67,32.1,180300,-0.0162,-0.0132,5787630.0,6537171.0
2006-08-08,32.05,32.43,30.68,31.43,172800,-0.0193,-0.0209,5431104.0,6544110.0
2006-08-09,31.37,31.37,30.0,30.09,552000,-0.0408,-0.0426,16609680.0,6148772.4
2006-08-10,29.91,31.44,29.45,31.44,336600,0.0512,0.0449,10582704.0,6774831.9
2006-08-11,31.48,31.7,30.65,31.23,190200,-0.0079,-0.0067,5939946.0,7385844.3
2006-08-14,30.94,31.39,29.17,30.06,532500,-0.0284,-0.0375,16006950.0,7758086.1
2006-08-15,30.49,30.71,29.88,30.06,269100,-0.0141,0.0,8089146.0,8672816.1
2006-08-16,30.38,30.57,29.77,29.83,279600,-0.0181,-0.0077,8340468.0,8724086.7
2006-08-17,29.59,30.07,29.59,29.79,118800,0.0068,-0.0013,3539052.0,9151433.4
2006-08-18,29.94,30.09,29.67,29.97,122700,0.001,0.006,3677319.0,9076881.0
2006-08-21,29.72,30.71,29.72,30.58,322200,0.0289,0.0204,9852876.0,8400399.9
2006-08-22,30.45,30.85,30.22,30.7,268200,0.0082,0.0039,8233740.0,8806924.5
2006-08-23,30.55,30.8,29.99,30.43,208500,-0.0039,-0.0088,6344655.0,9087188.1
2006-08-24,30.38,30.67,30.23,30.63,348000,0.0082,0.0066,10659240.0,8060685.6
2006-08-25,30.63,30.83,30.44,30.61,135900,-0.0007,-0.0007,4159899.0,8068339.2
2006-08-28,30.33,30.5,30.0,30.33,182700,0.0,-0.0091,5541291.0,7890334.5
2006-08-29,30.53,31.0,30.18,30.69,199500,0.0052,0.0119,6122655.0,6843768.6
2006-08-30,30.74,30.74,30.12,30.23,102300,-0.0166,-0.015,3092529.0,6647119.5
2006-08-31,30.3,30.86,30.15,30.73,454200,0.0142,0.0165,13957566.0,6122325.6
2006-09-01,30.61,30.67,30.14,30.22,464400,-0.0127,-0.0166,14034168.0,7164177.0
2006-09-05,29.93,30.09,29.88,29.99,166500,0.002,-0.0076,4993335.0,8199861.9
2006-09-06,29.83,29.95,29.42,29.59,236100,-0.008,-0.0133,6986199.0,7713907.8
2006-09-07,29.55,29.82,29.45,29.5,243300,-0.0017,-0.003,7177350.0,7589153.7
2006-09-08,29.33,29.38,28.76,29.01,379200,-0.0109,-0.0166,11000592.0,7672423.2
2006-09-11,28.33,28.72,27.33,28.43,403800,0.0035,-0.02,11480034.0,7706558.4
2006-09-12,28.44,29.03,28.44,28.97,237000,0.0186,0.019,6865890.0,8438571.9
2006-09-13,28.98,30.22,28.94,30.16,450600,0.0407,0.0411,13590096.0,8571031.8
2006-09-14,30.16,30.58,29.77,29.93,355200,-0.0076,-0.0076,10631136.0,9317775.9
2006-09-15,30.15,30.26,29.52,29.75,632100,-0.0133,-0.006,18804975.0,10071636.6
2006-09-18,30.01,30.31,29.49,30.17,273300,0.0053,0.0141,8245461.0,10556377.5
2006-09-19,30.15,30.15,29.46,30.0,320100,-0.005,-0.0056,9603000.0,9977506.8
2006-09-20,29.5,30.12,29.5,29.84,224400,0.0115,-0.0053,6696096.0,10438473.3
2006-09-21,29.88,30.0,29.58,29.81,234600,-0.0023,-0.001,6993426.0,10409463.0
2006-09-22,29.8,29.85,29.42,29.43,190200,-0.0124,-0.0127,5597586.0,10391070.6
2006-09-25,29.39,29.54,28.71,29.23,313200,-0.0054,-0.0068,9154836.0,9850770.0
2006-09-26,28.97,29.5,28.97,29.49,153900,0.0179,0.0089,4538511.0,9618250.2
2006-09-27,28.8,29.5,28.8,29.41,350400,0.0212,-0.0027,10305264.0,9385512.3
2006-09-28,29.49,29.66,29.19,29.63,208800,0.0047,0.0075,6186744.0,9057029.1
2006-09-29,29.45,30.14,29.45,29.86,412800,0.0139,0.0078,12326208.0,8612589.9
2006-10-02,29.66,29.79,28.87,29.08,123600,-0.0196,-0.0261,3594288.0,7964713.2
2006-10-03,28.84,29.56,28.28,28.76,188400,-0.0028,-0.011,5418384.0,7499595.9
2006-10-04,28.56,29.43,28.35,29.36,240300,0.028,0.0209,7055208.0,7081134.3
2006-10-05,29.51,29.99,29.47,29.74,229200,0.0078,0.0129,6816408.0,7117045.5
2006-10-06,29.58,30.23,29.58,30.23,309300,0.022,0.0165,9350139.0,7099343.7
2006-10-09,30.26,30.47,29.6,29.95,120300,-0.0102,-0.0093,3602985.0,7474599.0
2006-10-10,29.86,30.2,29.57,30.04,223800,0.006,0.003,6722952.0,6919413.9
2006-10-11,30.08,30.37,30.02,30.24,184500,0.0053,0.0067,5579280.0,7137858.0
2006-10-12,30.5,30.66,30.21,30.63,283500,0.0043,0.0129,8683605.0,6665259.6
2006-10-13,30.67,31.63,30.67,31.47,408300,0.0261,0.0274,12849201.0,6914945.7
2006-10-16,31.63,32.28,31.38,32.14,280500,0.0161,0.0213,9015270.0,6967245.0
2006-10-17,31.83,32.45,31.71,32.35,366000,0.0163,0.0065,11840100.0,7509343.2
2006-10-18,31.62,32.21,31.61,32.12,221700,0.0158,-0.0071,7121004.0,8151514.8
2006-10-19,31.97,32.58,31.74,32.47,199800,0.0156,0.0109,6487506.0,8158094.4
2006-10-20,32.63,32.63,32.0,32.18,75300,-0.0138,-0.0089,2423154.0,8125204.2
2006-10-23,32.0,32.16,31.48,31.71,80700,-0.0091,-0.0146,2558997.0,7432505.7
2006-10-24,31.81,32.6,31.51,32.4,142200,0.0185,0.0218,4607280.0,7328106.9
2006-10-25,32.26,32.67,31.9,32.37,154500,0.0034,-0.0009,5001165.0,7116539.7
2006-10-26,32.55,32.89,32.41,32.71,243900,0.0049,0.0105,7977969.0,7058728.2
2006-10-27,32.78,32.91,32.13,32.13,129600,-0.0198,-0.0177,4164048.0,6988164.6
2006-10-30,32.13,32.27,31.04,31.98,155400,-0.0047,-0.0047,4969692.0,6119649.3
2006-10-31,31.9,32.21,31.6,31.99,189600,0.0028,0.0003,6065304.0,5715091.5
2006-11-01,32.08,33.0,31.57,31.84,150600,-0.0075,-0.0047,4795104.0,5137611.9
2006-11-02,31.88,32.33,31.55,32.28,244800,0.0125,0.0138,7902144.0,4905021.9
2006-11-03,32.28,32.49,32.12,32.33,62400,0.0015,0.0015,2017392.0,5046485.7
2006-11-06,32.31,32.4,31.98,32.19,93000,-0.0037,-0.0043,2993670.0,5005909.5
2006-11-07,32.0,32.67,31.8,32.58,244200,0.0181,0.0121,7956036.0,5049376.8
2006-11-08,31.48,32.67,31.16,32.43,374700,0.0302,-0.0046,12151521.0,5384252.4
2006-11-09,32.48,32.48,31.92,31.99,261000,-0.0151,-0.0136,8349390.0,6099288.0
2006-11-10,32.02,32.43,31.82,32.15,171900,0.0041,0.005,5526585.0,6136430.1
2006-11-13,32.0,32.45,32.0,32.37,117300,0.0116,0.0068,3797001.0,6272683.8
2006-11-14,32.45,32.66,32.13,32.64,217800,0.0059,0.0083,7108992.0,6155414.7
2006-11-15,32.36,32.99,32.36,32.77,327600,0.0127,0.004,10735452.0,6259783.5
2006-11-16,32.83,32.95,32.23,32.67,194700,-0.0049,-0.0031,6360849.0,6853818.3
2006-11-17,32.63,32.68,31.83,32.1,298800,-0.0162,-0.0174,9591480.0,6699688.8
2006-11-20,32.07,32.68,31.85,32.59,136800,0.0162,0.0153,4458312.0,7457097.6
2006-11-21,32.33,32.5,31.46,32.11,558600,-0.0068,-0.0147,17936646.0,7603561.8
2006-11-22,32.15,32.15,31.81,31.9,126900,-0.0078,-0.0065,4048110.0,8601622.8
2006-11-24,31.71,32.12,31.71,32.08,64200,0.0117,0.0056,2059536.0,7791281.7
2006-11-27,32.33,32.42,31.78,31.88,123900,-0.0139,-0.0062,3949932.0,7162296.3
2006-11-28,31.88,32.15,31.78,31.87,145800,-0.0003,-0.0003,4646646.0,7004631.0
2006-11-29,32.05,32.58,31.87,32.47,174900,0.0131,0.0188,5679003.0,7089595.5
2006-11-30,32.82,32.82,31.87,32.35,436800,-0.0143,-0.0037,14130480.0,6946596.6
2006-12-01,32.33,32.63,31.88,32.36,155100,0.0009,0.0003,5019036.0,7286099.4
2006-12-04,32.32,32.63,32.04,32.48,138900,0.005,0.0037,4511472.0,7151918.1
2006-12-05,32.53,32.71,32.27,32.32,157200,-0.0065,-0.0049,5080704.0,6643917.3
2006-12-06,32.23,32.66,32.2,32.27,132900,0.0012,-0.0015,4288683.0,6706156.5
2006-12-07,32.41,32.5,31.98,32.03,113400,-0.0117,-0.0074,3632202.0,5341360.2
2006-12-08,32.08,32.08,31.79,31.91,95100,-0.0053,-0.0037,3034641.0,5299769.4
2006-12-11,31.7,32.19,31.69,32.1,138000,0.0126,0.006,4429800.0,5397279.9
2006-12-12,32.08,32.26,31.59,31.86,204900,-0.0069,-0.0075,6528114.0,5445266.7
2006-12-13,31.83,31.95,31.72,31.89,104700,0.0019,0.0009,3338883.0,5633413.5
2006-12-14,31.86,32.3,31.78,32.25,82800,0.0122,0.0113,2670300.0,5399401.5
2006-12-15,32.16,32.52,32.16,32.45,347400,0.009,0.0062,11273130.0,4253383.5
2006-12-18,32.34,32.47,31.37,31.46,178100,-0.0272,-0.0305,5603026.0,4878792.9
2006-12-19,31.26,31.91,30.97,31.64,270800,0.0122,0.0057,8568112.0,4987948.3
2006-12-20,31.82,32.06,31.0,31.04,172000,-0.0245,-0.019,5338880.0,5336689.1
2006-12-21,31.01,31.75,30.64,30.69,157000,-0.0103,-0.0113,4818330.0,5441708.8
2006-12-22,30.56,31.15,30.5,30.82,136300,0.0085,0.0042,4200766.0,5560321.6
2006-12-26,30.64,31.01,30.5,30.6,174000,-0.0013,-0.0071,5324400.0,5676934.1
2006-12-27,31.24,31.47,30.6,31.0,132900,-0.0077,0.0131,4119900.0,5766394.1
2006-12-28,31.14,31.45,30.55,30.88,186100,-0.0083,-0.0039,5746768.0,5525572.7
2006-12-29,30.75,31.96,30.74,31.69,263600,0.0306,0.0262,8353484.0,5766361.2
2007-01-03,31.75,32.46,31.75,32.32,427700,0.018,0.0199,13823264.0,6334679.6
2007-01-04,32.19,32.65,31.98,32.6,276900,0.0127,0.0087,9026940.0,6589693.0
2007-01-05,32.4,32.59,31.96,32.0,208800,-0.0123,-0.0184,6681600.0,6932084.4
2007-01-08,32.0,32.12,31.88,31.98,152500,-0.0006,-0.0006,4876950.0,6743433.2
2007-01-09,31.87,32.58,31.85,32.27,292500,0.0126,0.0091,9438975.0,6697240.2
2007-01-10,32.05,32.17,31.92,32.01,159400,-0.0012,-0.0081,5102394.0,7159304.7
2007-01-11,32.0,32.5,31.86,32.17,224200,0.0053,0.005,7212514.0,7249467.5
2007-01-12,32.25,32.41,32.04,32.39,117400,0.0043,0.0068,3802586.0,7438278.9
2007-01-16,32.48,32.5,31.72,31.96,217500,-0.016,-0.0133,6951300.0,7406547.5
2007-01-17,31.79,32.2,31.75,31.91,133600,0.0038,-0.0016,4263176.0,7527000.7
2007-01-18,31.82,31.97,31.42,31.65,210400,-0.0053,-0.0081,6659160.0,7117969.9
2007-01-19,31.42,31.98,31.42,31.93,105800,0.0162,0.0088,3378194.0,6401559.5
2007-01-22,31.8,32.15,31.61,32.0,210200,0.0063,0.0022,6726400.0,5836684.9
2007-01-23,31.94,32.46,31.5,32.37,103300,0.0135,0.0116,3343821.0,5841164.9
2007-01-24,32.17,32.91,31.54,32.78,191300,0.019,0.0127,6270814.0,5687852.0
2007-01-25,32.74,32.9,32.08,32.15,85000,-0.018,-0.0192,2732750.0,5371035.9
2007-01-26,32.08,32.55,31.83,32.5,178700,0.0131,0.0109,5807750.0,5134071.5
2007-01-29,31.86,32.5,31.86,32.3,202100,0.0138,-0.0062,6527830.0,4993595.1
2007-01-30,32.27,32.61,32.01,32.28,140600,0.0003,-0.0006,4538568.0,5266119.5
2007-01-31,32.44,33.09,32.12,32.78,221900,0.0105,0.0155,7273882.0,5024846.3
2007-02-01,32.89,33.6,32.89,33.54,249900,0.0198,0.0232,8381646.0,5325916.9
2007-02-02,33.6,33.6,32.9,33.46,194900,-0.0042,-0.0024,6521354.0,5498165.5
2007-02-05,33.7,33.76,33.31,33.42,323600,-0.0083,-0.0012,10814712.0,5812481.5
2007-02-06,33.5,33.59,32.5,32.91,214700,-0.0176,-0.0153,7065777.0,6221312.7
2007-02-07,32.9,33.0,32.49,32.7,139300,-0.0061,-0.0064,4555110.0,6593508.3
2007-02-08,32.54,33.07,32.24,32.85,181700,0.0095,0.0046,5968845.0,6421937.9
2007-02-09,32.74,32.74,31.95,32.02,222300,-0.022,-0.0253,7118046.0,6745547.4
2007-02-12,32.0,32.0,31.36,31.55,126000,-0.0141,-0.0147,3975300.0,6876577.0
2007-02-13,31.52,31.56,31.12,31.24,172200,-0.0089,-0.0098,5379528.0,6621324.0
2007-02-14,31.17,31.57,31.07,31.29,169100,0.0038,0.0016,5291139.0,6705420.0
2007-02-15,31.19,31.21,30.9,31.05,191400,-0.0045,-0.0077,5942970.0,6507145.7
2007-02-16,31.07,31.47,31.0,31.33,173100,0.0084,0.009,5423223.0,6263278.1
2007-02-20,31.15,31.99,31.05,31.75,113700,0.0193,0.0134,3609975.0,6153465.0
2007-02-21,31.61,32.2,31.59,31.89,127400,0.0089,0.0044,4062786.0,5432991.3
2007-02-22,31.81,32.13,31.61,31.98,118700,0.0053,0.0028,3796026.0,5132692.2
2007-02-23,31.93,32.21,31.93,32.2,121000,0.0085,0.0069,3896200.0,5056783.8
2007-02-26,32.16,32.83,32.16,32.75,215900,0.0183,0.0171,7070725.0,4849519.3
2007-02-27,32.67,32.67,31.92,32.31,265400,-0.011,-0.0134,8575074.0,4844787.2
2007-02-28,32.14,32.89,31.35,32.45,253700,0.0096,0.0043,8232565.0,5304764.6
2007-03-01,30.63,32.45,30.08,32.31,587300,0.0548,-0.0043,18975663.0,5590068.3
2007-03-02,31.26,31.83,29.09,30.09,1001800,-0.0374,-0.0687,30144162.0,6958520.7
2007-03-05,29.05,29.96,28.05,29.53,685900,0.0165,-0.0186,20254627.0,9378639.9
2007-03-06,29.5,29.5,28.1,29.02,882300,-0.0163,-0.0173,25604346.0,10861780.3
2007-03-07,28.9,29.2,27.78,27.98,765900,-0.0318,-0.0358,21429882.0,13061217.4
2007-03-08,28.08,28.37,27.97,28.15,484200,0.0025,0.0061,13630230.0,14797927.0
2007-03-09,28.25,28.5,27.9,28.06,263200,-0.0067,-0.0032,7385392.0,15781347.4
2007-03-12,27.92,28.51,27.89,28.05,315900,0.0047,-0.0004,8860995.0,16130266.6
2007-03-13,27.68,28.13,27.5,27.63,402700,-0.0018,-0.015,11126601.0,16309293.6
2007-03-14,27.36,28.09,27.29,28.0,286200,0.0234,0.0134,8013600.0,16564446.3
2007-03-15,28.05,28.11,27.65,27.85,188800,-0.0071,-0.0054,5258080.0,16542549.8
2007-03-16,27.84,27.84,27.13,27.45,514500,-0.014,-0.0144,14123025.0,15170791.5
2007-03-19,27.48,27.81,27.23,27.81,329300,0.012,0.0131,9157833.0,13568677.8
2007-03-20,27.67,27.98,27.47,27.73,313700,0.0022,-0.0029,8698901.0,12458998.4
2007-03-21,27.25,28.11,27.25,27.91,302100,0.0242,0.0065,8431611.0,10768453.9
2007-03-22,28.06,28.29,27.76,28.14,199700,0.0029,0.0082,5619558.0,9468626.8
2007-03-23,29.35,30.01,29.18,29.82,621700,0.016,0.0597,18539094.0,8667559.6
2007-03-26,29.68,29.95,29.24,29.29,394800,-0.0131,-0.0178,11563692.0,9782929.8
2007-03-27,29.36,29.37,28.8,29.01,307300,-0.0119,-0.0096,8914773.0,10053199.5
2007-03-28,29.05,29.28,28.94,29.15,204700,0.0034,0.0048,5967005.0,9832016.7
2007-03-29,29.26,29.31,28.9,29.05,133100,-0.0072,-0.0034,3866555.0,9627357.2
2007-03-30,29.13,29.13,28.62,28.75,369100,-0.013,-0.0103,10611625.0,9488204.7
2007-04-02,28.87,28.87,28.42,28.46,203800,-0.0142,-0.0101,5800148.0,9137064.7
2007-04-03,28.52,28.52,28.04,28.24,365900,-0.0098,-0.0077,10333016.0,8801296.2
2007-04-04,28.09,28.5,28.07,28.46,282000,0.0132,0.0078,8025720.0,8964707.7
2007-04-05,28.54,28.62,28.42,28.5,169200,-0.0014,0.0014,4822200.0,8924118.6
2007-04-09,28.57,29.05,28.38,29.04,280100,0.0165,0.0189,8134104.0,8844382.8
2007-04-10,28.98,29.47,28.95,29.25,222400,0.0093,0.0072,6505200.0,7803883.8
2007-04-11,29.37,29.5,28.66,28.81,195100,-0.0191,-0.015,5620831.0,7298034.6
2007-04-12,28.73,28.86,28.57,28.7,133500,-0.001,-0.0038,3831450.0,6968640.4
2007-04-13,28.48,29.05,28.48,28.94,279800,0.0162,0.0084,8097412.0,6755084.9
2007-04-16,28.86,29.96,28.85,29.34,230500,0.0166,0.0138,6762870.0,7178170.6
2007-04-17,29.23,29.5,29.01,29.1,97100,-0.0044,-0.0082,2825610.0,6793295.1
2007-04-18,29.01,29.34,28.92,29.06,121900,0.0017,-0.0014,3542414.0,6495841.3
2007-04-19,28.86,29.34,28.76,29.03,300100,0.0059,-0.001,8711903.0,5816781.1
2007-04-20,29.37,29.57,29.01,29.32,255700,-0.0017,0.01,7497124.0,5885399.4
2007-04-23,29.32,29.56,29.11,29.47,258900,0.0051,0.0051,7629783.0,6152891.8
2007-04-24,29.41,29.66,29.37,29.49,242500,0.0027,0.0007,7151325.0,6102459.7
2007-04-25,29.65,30.1,29.56,29.85,204300,0.0067,0.0122,6098355.0,6167072.2
2007-04-26,29.8,30.19,29.65,29.99,218700,0.0064,0.0047,6558813.0,6214824.6
2007-04-27,29.9,30.12,29.55,29.73,99200,-0.0057,-0.0087,2949216.0,6487560.9
2007-04-30,29.72,30.17,28.79,30.05,414600,0.0111,0.0108,12458730.0,5972741.3
2007-05-01,29.99,30.49,29.77,30.23,492100,0.008,0.006,14876183.0,6542327.3
2007-05-02,30.13,30.68,30.13,30.4,303000,0.009,0.0056,9211200.0,7747384.6
2007-05-03,30.3,31.13,30.3,30.9,457000,0.0198,0.0164,14121300.0,8314263.2
2007-05-04,31.0,31.04,30.34,30.58,294900,-0.0135,-0.0104,9018042.0,8855202.9
2007-05-07,31.28,31.28,30.84,30.87,407200,-0.0131,0.0095,12570264.0,9007294.7
2007-05-08,30.87,30.98,30.59,30.86,304100,-0.0003,-0.0003,9384526.0,9501342.8
2007-05-09,30.86,30.89,30.6,30.8,177700,-0.0019,-0.0019,5473160.0,9724662.9
2007-05-10,30.8,30.95,30.01,30.29,220000,-0.0166,-0.0166,6663800.0,9662143.4
2007-05-11,30.13,30.8,30.02,30.05,317300,-0.0027,-0.0079,9534865.0,9672642.1
2007-05-14,30.13,30.2,29.98,30.01,254200,-0.004,-0.0013,7628542.0,10331207.0
2007-05-15,30.09,30.15,29.75,29.75,462400,-0.0113,-0.0087,13756400.0,9848188.2
2007-05-16,29.83,30.02,29.5,29.59,292800,-0.008,-0.0054,8663952.0,9736209.9
2007-05-17,29.48,29.99,29.48,29.61,164600,0.0044,0.0007,4873806.0,9681485.1
2007-05-18,29.62,29.8,29.32,29.7,199500,0.0027,0.003,5925150.0,8756735.7
2007-05-21,29.97,30.41,29.81,30.09,298000,0.004,0.0131,8966820.0,8447446.5
2007-05-22,30.22,30.57,30.06,30.46,322100,0.0079,0.0123,9811166.0,8087102.1
2007-05-23,30.54,30.6,30.36,30.5,316900,-0.0013,0.0013,9665450.0,8129766.1
2007-05-24,30.53,30.86,30.04,30.25,467100,-0.0092,-0.0082,14129775.0,8548995.1
2007-05-25,30.4,30.49,30.0,30.07,183400,-0.0109,-0.006,5514838.0,9295592.6
2007-05-29,30.24,30.25,29.93,30.07,252100,-0.0056,0.0,7580647.0,8893589.9
2007-05-30,29.96,30.24,29.75,30.08,383600,0.004,0.0003,11538688.0,8888800.4
2007-05-31,30.27,30.33,29.89,29.97,319700,-0.0099,-0.0037,9581409.0,8667029.2
2007-06-01,30.14,30.5,29.93,30.03,271000,-0.0036,0.002,8138130.0,8758774.9
2007-06-04,30.13,30.69,29.99,30.0,312200,-0.0043,-0.001,9366000.0,9085207.3
2007-06-05,30.06,30.06,29.64,29.73,471000,-0.011,-0.009,14002830.0,9429292.3
2007-06-06,29.81,29.81,29.57,29.62,335800,-0.0064,-0.0037,9946396.0,9932893.3
2007-06-07,29.59,29.68,28.56,28.89,464700,-0.0237,-0.0246,13425183.0,9946416.3
2007-06-08,28.77,28.94,28.61,28.8,331400,0.001,-0.0031,9544320.0,10322389.6
2007-06-11,29.0,29.05,28.89,29.0,198600,0.0,0.0069,5759400.0,9863844.1
2007-06-12,28.99,28.99,28.39,28.64,312200,-0.0121,-0.0124,8941408.0,9888300.3
2007-06-13,28.91,29.83,28.88,29.6,339800,0.0239,0.0335,10058080.0,10024376.4
2007-06-14,29.6,29.84,29.4,29.68,235700,0.0027,0.0027,6995576.0,9876315.6
2007-06-15,30.54,30.54,29.7,29.85,438000,-0.0226,0.0057,13074300.0,9617732.3
2007-06-18,29.85,29.85,29.14,29.49,297800,-0.0121,-0.0121,8782122.0,10111349.3
2007-06-19,29.49,29.68,29.15,29.56,200700,0.0024,0.0024,5932692.0,10052961.5
2007-06-20,30.16,30.16,28.95,28.99,304600,-0.0388,-0.0193,8830354.0,9245947.7
2007-06-21,28.97,29.08,28.74,28.78,208800,-0.0066,-0.0072,6009264.0,9134343.5
2007-06-22,28.78,29.06,28.65,28.9,498900,0.0042,0.0042,14418210.0,8392751.6
2007-06-25,28.83,29.31,28.65,28.89,249000,0.0021,-0.0003,7193610.0,8880140.6
2007-06-26,29.05,29.34,28.52,28.86,351700,-0.0065,-0.001,10150062.0,9023561.6
2007-06-27,28.73,29.4,28.72,29.37,183900,0.0223,0.0177,5401143.0,9144427.0
2007-06-28,29.66,29.66,28.9,28.9,207000,-0.0256,-0.016,5982300.0,8678733.3
2007-06-29,28.95,29.33,28.7,28.73,171700,-0.0076,-0.0059,4932941.0,8577405.7
2007-07-02,28.85,29.32,28.58,29.0,338800,0.0052,0.0094,9825200.0,7763269.8
2007-07-03,29.0,29.24,28.9,29.0,552600,0.0,0.0,16025400.0,7867577.6
2007-07-05,28.93,29.17,28.75,28.95,372800,0.0007,-0.0017,10792560.0,8876848.4
2007-07-06,28.94,29.23,28.89,29.14,163900,0.0069,0.0066,4776046.0,9073069.0
2007-07-09,29.18,30.34,29.18,30.15,272800,0.0332,0.0347,8224920.0,8949747.2
2007-07-10,29.83,30.11,29.2,29.79,294700,-0.0013,-0.0119,8779113.0,8330418.2
2007-07-11,29.7,30.11,29.49,29.63,204900,-0.0024,-0.0054,6071187.0,8488968.5
2007-07-12,29.79,30.35,29.79,30.19,189600,0.0134,0.0189,5724024.0,8081081.0
2007-07-13,30.17,30.48,29.51,30.04,208000,-0.0043,-0.005,6248320.0,8113369.1
2007-07-16,30.0,31.16,29.9,30.26,277700,0.0087,0.0073,8403202.0,8139971.1
2007-07-17,30.21,30.55,30.12,30.18,151100,-0.001,-0.0026,4560198.0,8486997.2
2007-07-18,30.19,30.76,29.91,30.73,198900,0.0179,0.0182,6112197.0,7960497.0
2007-07-19,30.87,30.87,30.19,30.38,164000,-0.0159,-0.0114,4982320.0,6969176.7
2007-07-20,30.31,30.31,29.47,30.0,287700,-0.0102,-0.0125,8631000.0,6388152.7
2007-07-23,30.06,30.21,29.67,29.8,220900,-0.0086,-0.0067,6582820.0,6773648.1
2007-07-24,29.75,29.99,29.49,29.72,287200,-0.001,-0.0027,8535584.0,6609438.1
2007-07-25,30.0,30.0,29.53,29.96,296500,-0.0013,0.0081,8883140.0,6585085.2
2007-07-26,29.65,29.9,28.85,29.51,347800,-0.0047,-0.015,10263578.0,6866280.5
2007-07-27,29.38,29.75,28.76,29.12,571000,-0.0088,-0.0132,16627520.0,7320235.9
2007-07-30,30.28,30.68,28.91,29.1,315300,-0.039,-0.0007,9175230.0,8358155.9
2007-07-31,29.27,29.42,28.75,28.91,355000,-0.0123,-0.0065,10263050.0,8435358.7
2007-08-01,28.89,29.51,28.74,29.51,355000,0.0215,0.0208,10476050.0,9005643.9
2007-08-02,29.61,29.7,28.92,29.51,306100,-0.0034,0.0,9033011.0,9442029.2
2007-08-03,29.51,29.76,28.7,29.14,300400,-0.0125,-0.0125,8753656.0,9847098.3
2007-08-06,29.14,30.14,28.21,30.01,721000,0.0299,0.0299,21637210.0,9859363.9
2007-08-07,30.0,32.43,29.93,32.26,1015200,0.0753,0.075,32750352.0,11364802.9
2007-08-08,32.15,38.52,32.14,34.0,2000600,0.0575,0.0539,68020400.0,13786279.7
2007-08-09,32.77,36.34,32.75,34.82,1619300,0.0626,0.0241,56384026.0,19700005.7
2007-08-10,34.99,35.31,31.67,33.26,730100,-0.0494,-0.0448,24283126.0,24312050.5
2007-08-13,36.0,36.0,32.08,32.27,302400,-0.1036,-0.0298,9758448.0,25077611.1
2007-08-14,32.17,33.89,32.0,32.26,232300,0.0028,-0.0003,7493998.0,25135932.9
2007-08-15,33.07,33.1,30.62,30.71,333700,-0.0714,-0.048,10247927.0,24859027.7
2007-08-16,30.67,31.46,30.01,31.19,525500,0.017,0.0156,16390345.0,24836215.4
2007-08-17,32.62,32.85,32.0,32.23,419200,-0.012,0.0333,13510816.0,25571948.8
2007-08-20,32.5,32.5,31.85,31.96,171700,-0.0166,-0.0084,5487532.0,26047664.8
2007-08-21,31.96,32.1,31.75,31.87,135800,-0.0028,-0.0028,4327946.0,24432697.0
2007-08-22,32.05,32.14,31.59,31.79,181400,-0.0081,-0.0025,5766706.0,21590456.4
2007-08-23,31.81,31.81,31.24,31.44,144300,-0.0116,-0.011,4536792.0,15365087.0
2007-08-24,31.83,31.99,31.43,31.75,149500,-0.0025,0.0099,4746625.0,10180363.6
2007-08-27,31.6,31.82,31.2,31.36,152300,-0.0076,-0.0123,4776128.0,8226713.5
2007-08-28,31.22,31.97,30.88,30.91,239900,-0.0099,-0.0143,7415309.0,7728481.5
2007-08-29,31.15,31.93,31.12,31.87,342600,0.0231,0.0311,10918662.0,7720612.6
2007-08-30,31.64,32.73,31.12,32.14,183200,0.0158,0.0085,5888048.0,7787686.1
2007-08-31,32.48,33.2,32.41,32.84,394700,0.0111,0.0218,12961948.0,6737456.4
2007-09-04,32.76,34.36,31.78,34.23,547200,0.0449,0.0423,18730656.0,6682569.6
2007-09-05,34.08,34.5,33.25,34.16,162600,0.0023,-0.002,5554416.0,8006882.0
2007-09-06,33.92,35.99,33.92,35.95,470900,0.0598,0.0524,16928855.0,8129529.0
2007-09-07,35.63,35.9,35.05,35.54,243400,-0.0025,-0.0114,8650436.0,9245743.9
2007-09-10,35.67,35.92,35.0,35.67,261900,0.0,0.0037,9341973.0,9657108.3
2007-09-11,35.76,35.96,35.09,35.49,213100,-0.0076,-0.005,7562919.0,10116643.1
2007-09-12,35.5,35.55,34.89,35.28,140500,-0.0062,-0.0059,4956840.0,10395322.2
2007-09-13,34.17,34.97,33.75,34.88,256500,0.0208,-0.0113,8946720.0,10149475.3
2007-09-14,34.66,35.03,34.61,34.96,201500,0.0087,0.0023,7044440.0,9952281.1
2007-09-17,34.86,35.19,34.74,34.91,186200,0.0014,-0.0014,6500242.0,10067920.3
2007-09-18,35.04,35.75,34.67,35.73,147400,0.0197,0.0235,5266602.0,9421749.7
2007-09-19,35.97,36.94,35.9,36.92,205200,0.0264,0.0333,7575984.0,8075344.3
2007-09-20,36.71,37.3,36.71,37.27,181800,0.0153,0.0095,6775686.0,8277501.1
2007-09-21,37.33,38.3,37.33,38.03,426300,0.0188,0.0204,16212189.0,7262184.2
2007-09-24,37.83,38.12,37.73,37.95,207400,0.0032,-0.0021,7870830.0,8018359.5
2007-09-25,37.71,37.96,37.36,37.67,347800,-0.0011,-0.0074,13101626.0,7871245.2
2007-09-26,37.88,38.14,36.99,37.54,206800,-0.009,-0.0035,7763272.0,8425115.9
2007-09-27,37.72,38.03,37.13,37.81,139100,0.0024,0.0072,5259371.0,8705759.1
2007-09-28,38.0,38.09,37.43,37.91,229700,-0.0024,0.0026,8707927.0,8337024.2
2007-10-01,37.91,38.96,37.49,38.91,198800,0.0264,0.0264,7735308.0,8503372.9
2007-10-02,38.74,39.58,38.71,39.28,154800,0.0139,0.0095,6080544.0,8626879.5
2007-10-03,39.01,39.41,37.79,37.89,158200,-0.0287,-0.0354,5994198.0,8708273.7
2007-10-04,38.12,38.68,37.59,38.56,193000,0.0115,0.0177,7442080.0,8550095.1
2007-10-05,38.98,40.39,38.44,38.55,156800,-0.011,-0.0003,6044640.0,8616734.5
2007-10-08,38.31,38.62,38.05,38.34,74000,0.0008,-0.0054,2837160.0,7599979.6
2007-10-09,38.47,38.47,37.88,38.07,200700,-0.0104,-0.007,7640649.0,7096612.6
2007-10-10,37.85,38.2,37.73,38.02,171300,0.0045,-0.0013,6512826.0,6550514.9
2007-10-11,38.14,38.49,37.51,37.97,140500,-0.0045,-0.0013,5334785.0,6425470.3
2007-10-12,37.91,38.58,37.77,38.0,90900,0.0024,0.0008,3454200.0,6433011.7
2007-10-15,39.65,39.65,37.84,38.16,182300,-0.0376,0.0042,6956568.0,5907639.0
2007-10-16,38.13,38.4,38.0,38.25,149400,0.0031,0.0024,5714550.0,5829765.0
2007-10-17,38.68,38.8,37.4,38.16,141600,-0.0134,-0.0024,5403456.0,5793165.6
2007-10-18,38.08,38.54,37.76,38.24,150400,0.0042,0.0021,5751296.0,5734091.4
2007-10-19,38.16,38.16,36.24,36.29,178200,-0.049,-0.051,6466878.0,5565013.0
2007-10-22,36.05,37.57,36.0,36.31,210900,0.0072,0.0006,7657779.0,5607236.8
2007-10-23,36.67,37.4,36.26,37.05,122400,0.0104,0.0204,4534920.0,6089298.7
2007-10-24,36.87,37.52,36.0,37.44,132100,0.0155,0.0105,4945824.0,5778725.8
2007-10-25,37.51,38.38,37.32,37.82,172100,0.0083,0.0101,6508822.0,5622025.6
2007-10-26,38.38,38.5,37.75,38.04,113500,-0.0089,0.0058,4317540.0,5739429.3
2007-10-29,38.09,38.26,37.52,38.06,85300,-0.0008,0.0005,3246518.0,5825763.3
2007-10-30,37.55,38.22,36.81,37.0,114500,-0.0146,-0.0279,4236500.0,5454758.3
2007-10-31,37.07,37.27,35.8,36.87,146300,-0.0054,-0.0035,5394081.0,5306953.3
2007-11-01,36.27,36.86,35.3,35.43,177900,-0.0232,-0.0391,6302997.0,5306015.8
2007-11-02,35.72,37.15,35.27,36.57,163600,0.0238,0.0322,5982852.0,5361185.9
2007-11-05,36.06,37.49,35.7,36.68,266400,0.0172,0.003,9771552.0,5312783.3
2007-11-06,36.66,37.3,35.97,37.13,145400,0.0128,0.0123,5398702.0,5524160.6
2007-11-07,36.57,37.06,35.68,35.69,155800,-0.0241,-0.0388,5560502.0,5610538.8
2007-11-08,35.0,36.26,35.0,35.83,247300,0.0237,0.0039,8860759.0,5672006.6
2007-11-09,35.55,36.37,35.3,35.89,151700,0.0096,0.0017,5444513.0,5907200.3
2007-11-12,35.77,36.44,35.18,35.18,158700,-0.0165,-0.0198,5583066.0,6019897.6
2007-11-13,35.44,36.17,35.17,35.77,195200,0.0093,0.0168,6982304.0,6253552.4
2007-11-14,35.75,35.97,35.2,35.76,126100,0.0003,-0.0003,4509336.0,6528132.8
2007-11-15,35.52,36.25,35.04,35.38,181100,-0.0039,-0.0106,6407318.0,6439658.3
2007-11-16,35.6,36.32,35.22,35.63,184300,0.0008,0.0071,6566609.0,6450090.4
2007-11-19,35.46,36.24,34.81,35.29,98300,-0.0048,-0.0095,3469007.0,6508466.1
2007-11-20,35.35,36.1,34.56,35.55,334100,0.0057,0.0074,11877255.0,5878211.6
2007-11-21,35.41,35.73,34.19,35.21,88700,-0.0056,-0.0096,3123127.0,6526066.9
2007-11-23,35.51,36.5,35.25,35.99,40500,0.0135,0.0222,1457595.0,6282329.4
2007-11-26,35.75,36.26,35.09,35.33,141000,-0.0117,-0.0183,4981530.0,5542013.0
2007-11-27,35.21,35.77,34.96,35.55,105300,0.0097,0.0062,3743415.0,5495714.7
2007-11-28,35.99,36.36,35.74,36.0,127000,0.0003,0.0127,4572000.0,5311749.6
2007-11-29,35.94,36.3,35.52,35.81,86700,-0.0036,-0.0053,3104727.0,5070719.2
2007-11-30,36.22,36.88,35.53,35.9,150200,-0.0088,0.0025,5392180.0,4930258.3
2007-12-03,35.91,36.11,35.27,35.95,136500,0.0011,0.0014,4907175.0,4828744.5
2007-12-04,35.65,35.65,35.0,35.32,85700,-0.0093,-0.0175,3026924.0,4662801.1
2007-12-05,36.0,36.0,35.18,35.69,300900,-0.0086,0.0105,10739121.0,4618592.8
2007-12-06,35.69,36.02,35.69,35.85,442400,0.0045,0.0045,15860040.0,4504779.4
2007-12-07,35.55,36.06,35.16,35.95,632000,0.0113,0.0028,22720400.0,5778470.7
2007-12-10,35.96,36.11,35.79,36.07,318700,0.0031,0.0033,11495509.0,7904751.2
2007-12-11,36.25,36.53,35.72,35.8,158700,-0.0124,-0.0075,5681460.0,8556149.1
2007-12-12,36.66,36.75,36.0,36.56,151200,-0.0027,0.0212,5527872.0,8749953.6
2007-12-13,36.42,36.66,36.12,36.65,129600,0.0063,0.0025,4749840.0,8845540.8
2007-12-14,36.41,36.58,35.71,36.04,160600,-0.0102,-0.0166,5788024.0,9010052.1
2007-12-17,35.88,36.27,35.37,35.85,172200,-0.0008,-0.0053,6173370.0,9049636.5
2007-12-18,36.13,36.74,35.77,36.73,179900,0.0166,0.0245,6607727.0,9176256.0
2007-12-19,36.76,37.14,36.31,37.11,114200,0.0095,0.0103,4237962.0,9534336.3
2007-12-20,37.35,37.51,36.53,37.36,154600,0.0003,0.0067,5775856.0,8884220.4
2007-12-21,37.98,38.3,37.44,38.27,392000,0.0076,0.0244,15001840.0,7875802.0
2007-12-24,38.49,38.49,37.83,38.0,56900,-0.0127,-0.0071,2162200.0,7103946.0
2007-12-26,37.86,38.03,37.12,37.93,169000,0.0018,-0.0018,6410170.0,6170615.1
2007-12-27,38.0,38.0,37.37,37.65,123900,-0.0092,-0.0074,4664835.0,6243486.1
2007-12-28,37.79,38.04,36.93,37.8,96500,0.0003,0.004,3647700.0,6157182.4
2007-12-31,37.5,38.18,36.82,37.24,104000,-0.0069,-0.0148,3872960.0,6046968.4
2008-01-02,37.04,37.91,36.7,37.37,175500,0.0089,0.0035,6558435.0,5855462.0
2008-01-03,37.8,37.98,36.19,36.23,210000,-0.0415,-0.0305,7608300.0,5893968.5
2008-01-04,35.95,36.24,35.05,35.05,150600,-0.025,-0.0326,5278530.0,5994025.8
2008-01-07,35.05,35.92,34.98,35.38,155200,0.0094,0.0094,5490976.0,6098082.6
2008-01-08,35.48,36.23,34.78,34.82,164800,-0.0186,-0.0158,5738336.0,6069594.6
2008-01-09,34.67,35.46,34.31,34.68,186300,0.0003,-0.004,6460884.0,5143244.2
2008-01-10,34.35,34.73,34.29,34.5,217600,0.0044,-0.0052,7507200.0,5573112.6
2008-01-11,34.28,34.72,33.06,33.35,178500,-0.0271,-0.0333,5952975.0,5682815.6
2008-01-14,33.42,33.96,33.26,33.82,283600,0.012,0.0141,9591352.0,5811629.6
2008-01-15,33.31,33.56,32.64,32.99,126600,-0.0096,-0.0245,4176534.0,6405994.8
2008-01-16,33.03,33.99,32.56,32.95,154100,-0.0024,-0.0012,5077595.0,6436352.2
2008-01-17,33.22,33.5,32.82,32.98,189100,-0.0072,0.0009,6236518.0,6288268.2
2008-01-18,32.78,33.59,32.75,33.24,283300,0.014,0.0079,9416892.0,6151090.0
2008-01-22,32.02,33.61,31.75,33.06,251500,0.0325,-0.0054,8314590.0,6564926.2
2008-01-23,32.48,33.55,31.64,33.48,209600,0.0308,0.0127,7017408.0,6847287.6
2008-01-24,33.5,33.8,32.8,33.25,209500,-0.0075,-0.0069,6965875.0,6975194.8
2008-01-25,33.65,34.36,32.93,33.02,178800,-0.0187,-0.0069,5903976.0,7025693.9
2008-01-28,33.01,33.89,32.65,33.54,254600,0.0161,0.0157,8539284.0,6865371.5
2008-01-29,33.5,33.73,33.16,33.27,134500,-0.0069,-0.0081,4474815.0,7124002.4
2008-01-30,33.1,33.88,32.82,32.86,155700,-0.0073,-0.0123,5116302.0,6612348.7
2008-01-31,32.12,33.08,31.97,32.74,283700,0.0193,-0.0037,9288338.0,6706325.5
2008-02-01,32.94,33.58,32.74,33.4,162100,0.014,0.0202,5414140.0,7127399.8
2008-02-04,33.38,33.83,32.56,33.75,169900,0.0111,0.0105,5734125.0,7045162.0
2008-02-05,33.13,33.97,32.84,32.91,214000,-0.0066,-0.0249,7042740.0,6676885.3
2008-02-06,33.21,33.28,32.75,33.0,218500,-0.0063,0.0027,7210500.0,6549700.3
2008-02-07,32.88,33.59,32.7,33.07,197200,0.0058,0.0021,6521404.0,6569009.5
2008-02-08,32.94,33.26,32.52,32.9,159100,-0.0012,-0.0051,5234390.0,6524562.4
2008-02-11,32.98,33.46,32.5,33.12,183000,0.0042,0.0067,6060960.0,6457603.8
2008-02-12,33.22,33.22,32.25,32.62,194400,-0.0181,-0.0151,6341328.0,6209771.4
2008-02-13,32.75,33.76,32.54,32.84,124400,0.0027,0.0067,4085296.0,6396422.7
2008-02-14,32.95,33.36,32.57,33.0,194400,0.0015,0.0049,6415200.0,6293322.1
2008-02-15,32.89,33.41,32.5,32.77,156600,-0.0036,-0.007,5131782.0,6006008.3
2008-02-19,33.3,33.93,32.74,33.19,143900,-0.0033,0.0128,4776041.0,5977772.5
2008-02-20,33.02,33.57,32.65,32.97,149600,-0.0015,-0.0066,4932312.0,5881964.1
2008-02-21,33.21,33.68,32.25,32.41,142300,-0.0241,-0.017,4611943.0,5670921.3
2008-02-22,32.61,32.93,31.85,32.79,140800,0.0055,0.0117,4616832.0,5411065.6
2008-02-25,32.91,34.75,32.91,34.43,249100,0.0462,0.05,8576513.0,5220608.4
2008-02-26,34.39,35.25,33.87,34.89,143800,0.0145,0.0134,5017182.0,5554820.7
2008-02-27,34.69,35.33,34.18,34.51,119400,-0.0052,-0.0109,4120494.0,5450442.9
2008-02-28,34.62,35.69,34.31,35.44,131400,0.0237,0.0269,4656816.0,5228359.5
2008-02-29,35.4,36.0,34.5,35.75,194500,0.0099,0.0087,6953375.0,5285511.5
2008-03-03,36.73,36.74,35.5,35.78,219800,-0.0259,0.0008,7864444.0,5339329.0
2008-03-04,35.55,36.06,35.19,35.6,198100,0.0014,-0.005,7052360.0,5612595.2
2008-03-05,35.53,35.91,35.22,35.53,107300,0.0,-0.002,3812369.0,5840227.1
2008-03-06,35.29,35.9,34.44,34.44,208500,-0.0241,-0.0307,7180740.0,5728232.8
2008-03-07,34.0,34.95,34.0,34.65,190600,0.0191,0.0061,6604290.0,5985112.5
2008-03-10,34.65,34.81,33.63,33.75,783000,-0.026,-0.026,26426250.0,6183858.3
2008-03-11,35.05,35.18,33.69,34.32,611800,-0.0208,0.0169,20996976.0,7968832.0
2008-03-12,34.73,35.42,34.0,34.16,288100,-0.0164,-0.0047,9841496.0,9566811.4
2008-03-13,33.9,34.32,33.33,33.62,335900,-0.0083,-0.0158,11292958.0,10138911.6
2008-03-14,33.84,34.47,32.64,32.85,239100,-0.0293,-0.0229,7854435.0,10802525.8
2008-03-17,32.32,32.66,31.43,31.55,326400,-0.0238,-0.0396,10297920.0,10892631.8
2008-03-18,32.14,33.08,31.55,32.99,255700,0.0264,0.0456,8435543.0,11135979.4
2008-03-19,32.95,35.08,32.0,32.0,195300,-0.0288,-0.03,6249600.0,11274297.7
2008-03-20,32.48,33.07,31.82,32.07,581000,-0.0126,0.0022,18632670.0,11518020.8
2008-03-24,32.1,33.26,32.1,32.7,179900,0.0187,0.0196,5882730.0,12663213.8
2008-03-25,32.84,33.55,32.58,33.33,174500,0.0149,0.0193,5816085.0,12591057.8
2008-03-26,33.07,33.76,32.95,33.32,194000,0.0076,-0.0003,6464080.0,10530041.3
2008-03-27,33.43,33.96,32.96,33.06,175500,-0.0111,-0.0078,5802030.0,9076751.7
2008-03-28,33.17,33.8,33.08,33.33,120300,0.0048,0.0082,4009599.0,8672805.1
2008-03-31,33.55,34.08,33.55,33.95,198000,0.0119,0.0186,6722100.0,7944469.2
2008-04-01,34.29,34.89,34.03,34.71,207600,0.0122,0.0224,7205796.0,7831235.7
2008-04-02,34.83,35.7,34.83,35.42,260000,0.0169,0.0205,9209200.0,7522023.3
2008-04-03,35.04,36.23,35.04,36.19,228600,0.0328,0.0217,8273034.0,7599389.0
2008-04-04,36.29,36.34,35.41,35.53,156500,-0.0209,-0.0182,5560445.0,7801732.4
2008-04-07,35.71,36.49,35.63,35.78,111500,0.002,0.007,3989470.0,6494509.9
2008-04-08,35.42,36.98,35.05,36.79,176100,0.0387,0.0282,6478719.0,6305183.9
2008-04-09,37.0,37.0,35.05,35.27,132600,-0.0468,-0.0413,4676802.0,6371447.3
2008-04-10,35.35,35.67,34.63,35.1,190400,-0.0071,-0.0048,6683040.0,6192719.5
2008-04-11,34.99,35.43,33.95,33.97,171500,-0.0292,-0.0322,5825855.0,6280820.5
2008-04-14,34.0,34.58,33.71,33.86,232600,-0.0041,-0.0032,7875836.0,6462446.1
2008-04-15,34.02,34.53,34.02,34.15,151000,0.0038,0.0086,5156650.0,6577819.7
2008-04-16,34.42,34.67,34.09,34.29,200500,-0.0038,0.0041,6875145.0,6372905.1
2008-04-17,34.25,34.61,33.58,33.99,154200,-0.0076,-0.0087,5241258.0,6139499.6
2008-04-18,34.17,34.54,33.79,34.0,241900,-0.005,0.0003,8224600.0,5836322.0
2008-04-21,34.0,34.51,34.0,34.3,130000,0.0088,0.0088,4459000.0,6102737.5
2008-04-22,34.12,34.34,33.54,33.93,126500,-0.0056,-0.0108,4292145.0,6149690.5
2008-04-23,34.08,34.39,33.59,33.79,104700,-0.0085,-0.0041,3537813.0,5931033.1
2008-04-24,33.7,33.79,33.29,33.54,205000,-0.0047,-0.0074,6875700.0,5817134.2
2008-04-25,33.75,34.14,33.51,33.71,418400,-0.0012,0.0051,14104264.0,5836400.2
2008-04-28,33.84,34.28,33.75,33.97,431800,0.0038,0.0077,14668246.0,6664241.1
2008-04-29,34.24,34.77,34.12,34.45,171700,0.0061,0.0141,5915065.0,7343482.1
2008-04-30,34.81,35.0,34.28,34.61,197200,-0.0057,0.0046,6825092.0,7419323.6
2008-05-01,34.5,34.96,34.25,34.73,182300,0.0067,0.0035,6331279.0,7414318.3
2008-05-02,34.9,35.11,34.52,35.05,179200,0.0043,0.0092,6280960.0,7523320.4
2008-05-05,35.17,35.27,34.63,34.99,140200,-0.0051,-0.0017,4905598.0,7328956.4
2008-05-06,35.25,35.75,34.88,35.74,199800,0.0139,0.0214,7140852.0,7373616.2
2008-05-07,35.95,36.48,34.5,34.57,132700,-0.0384,-0.0327,4587439.0,7658486.9
2008-05-08,35.96,35.96,34.29,34.7,245100,-0.035,0.0038,8504970.0,7763449.5
2008-05-09,34.62,35.14,34.62,34.94,119400,0.0092,0.0069,4171836.0,7926376.5
2008-05-12,35.28,35.31,34.43,34.81,240700,-0.0133,-0.0037,8378767.0,6933133.7
2008-05-13,34.72,34.88,34.17,34.86,205800,0.004,0.0014,7174188.0,6304185.8
2008-05-14,34.84,35.92,34.75,35.14,211900,0.0086,0.008,7446166.0,6430098.1
2008-05-15,34.93,35.8,34.67,35.23,190700,0.0086,0.0026,6718361.0,6492205.5
2008-05-16,35.58,35.58,34.63,35.07,153300,-0.0143,-0.0045,5376231.0,6530913.7
2008-05-19,34.95,35.14,34.75,34.96,176800,0.0003,-0.0031,6180928.0,6440440.8
2008-05-20,35.62,35.74,35.07,35.57,186900,-0.0014,0.0174,6648033.0,6567973.8
2008-05-21,35.27,35.79,34.85,34.91,164000,-0.0102,-0.0186,5725240.0,6518691.9
2008-05-22,34.97,35.49,34.75,35.04,167300,0.002,0.0037,5862192.0,6632472.0
2008-05-23,34.96,35.17,34.54,34.7,147700,-0.0074,-0.0097,5125190.0,6368194.2
2008-05-27,34.92,35.14,34.2,34.29,145200,-0.018,-0.0118,4978908.0,6463529.6
2008-05-28,34.4,34.63,33.91,34.34,85200,-0.0017,0.0015,2925768.0,6123543.7
2008-05-29,34.32,35.09,34.07,34.79,191700,0.0137,0.0131,6669243.0,5698701.7
2008-05-30,35.04,35.04,33.96,34.13,213700,-0.026,-0.019,7293581.0,5621009.4
2008-06-02,33.96,34.95,33.38,34.25,195600,0.0085,0.0035,6699300.0,5678531.4
2008-06-03,34.33,34.75,34.08,34.28,130100,-0.0015,0.0009,4459828.0,5810838.3
2008-06-04,33.95,34.25,33.56,33.73,162000,-0.0065,-0.016,5464260.0,5638728.3
2008-06-05,33.63,34.65,33.6,34.65,179600,0.0303,0.0273,6223140.0,5520351.0
2008-06-06,34.49,34.97,33.89,33.99,195300,-0.0145,-0.019,6638247.0,5570141.0
2008-06-09,34.0,34.62,33.44,34.62,163400,0.0182,0.0185,5656908.0,5647746.5
2008-06-10,34.46,34.94,34.1,34.25,253800,-0.0061,-0.0107,8692650.0,5700918.3
2008-06-11,34.44,35.25,34.39,35.02,172400,0.0168,0.0225,6037448.0,6072292.5
2008-06-12,35.59,35.59,34.62,34.95,93000,-0.018,-0.002,3250350.0,6383460.5
2008-06-13,35.63,35.69,34.85,35.47,94700,-0.0045,0.0149,3359009.0,6041571.2
2008-06-16,35.47,35.7,34.93,35.69,65700,0.0062,0.0062,2344833.0,5648114.0
2008-06-17,35.4,35.54,35.05,35.52,95500,0.0034,-0.0048,3392160.0,5212667.3
2008-06-18,35.51,35.51,34.96,35.03,118500,-0.0135,-0.0138,4151055.0,5105900.5
2008-06-19,35.01,35.59,34.13,34.36,145800,-0.0186,-0.0191,5009688.0,4974580.0
2008-06-20,34.27,34.89,33.51,34.17,267900,-0.0029,-0.0055,9154143.0,4853234.8
2008-06-23,34.24,34.65,33.52,34.48,122000,0.007,0.0091,4206560.0,5104824.4
2008-06-24,34.1,34.57,33.59,33.97,128000,-0.0038,-0.0148,4348160.0,4959789.6
2008-06-25,33.93,34.93,33.7,34.82,151500,0.0262,0.025,5275230.0,4525340.6
2008-06-26,34.64,35.08,33.9,34.24,138300,-0.0115,-0.0167,4735392.0,4449118.8
2008-06-27,34.09,34.35,33.84,34.21,789700,0.0035,-0.0009,27015637.0,4597623.0
2008-06-30,34.29,35.13,33.99,34.66,212400,0.0108,0.0132,7361784.0,6963285.8
2008-07-01,34.43,34.94,33.71,34.13,245500,-0.0087,-0.0153,8378915.0,7464980.9
2008-07-02,34.24,34.37,33.44,33.44,173400,-0.0234,-0.0202,5798496.0,7963656.4
2008-07-03,33.39,33.8,32.8,33.1,102900,-0.0087,-0.0102,3405990.0,8128400.5
2008-07-07,33.17,33.93,31.75,31.75,215400,-0.0428,-0.0408,6838950.0,7968030.7
2008-07-08,31.9,32.61,31.75,32.49,202500,0.0185,0.0233,6579225.0,7736511.4
2008-07-09,32.56,33.09,31.58,31.59,167800,-0.0298,-0.0277,5300802.0,7973777.9
2008-07-10,31.5,32.88,30.65,32.86,173800,0.0432,0.0402,5711068.0,8069042.1
2008-07-11,32.51,33.1,31.86,32.73,143700,0.0068,-0.004,4703301.0,8112625.9
2008-07-14,33.06,33.06,32.15,32.53,96800,-0.016,-0.0061,3148904.0,8109416.8
2008-07-15,32.22,32.53,31.3,31.57,219400,-0.0202,-0.0295,6926458.0,5722743.5
2008-07-16,31.57,32.34,30.5,32.1,194700,0.0168,0.0168,6249870.0,5679210.9
2008-07-17,32.3,32.3,31.66,32.12,149700,-0.0056,0.0006,4808364.0,5466306.4
2008-07-18,32.1,32.22,31.01,31.62,165500,-0.015,-0.0156,5233110.0,5367293.2
2008-07-21,31.67,33.05,31.28,32.97,200200,0.041,0.0427,6600594.0,5550005.2
2008-07-22,32.79,34.48,32.38,32.59,181700,-0.0061,-0.0115,5921603.0,5526169.6
2008-07-23,32.61,32.61,32.08,32.08,193700,-0.0163,-0.0156,6213896.0,5460407.4
2008-07-24,32.29,32.46,31.68,31.95,167600,-0.0105,-0.0041,5354820.0,5551716.8
2008-07-25,32.31,32.79,31.88,32.15,145900,-0.005,0.0063,4690685.0,5516092.0
2008-07-28,32.0,32.25,31.85,31.98,126400,-0.0006,-0.0053,4042272.0,5514830.4
2008-07-29,32.15,33.1,31.7,32.77,157200,0.0193,0.0247,5151444.0,5604167.2
2008-07-30,33.04,33.56,32.63,33.44,209600,0.0121,0.0204,7009024.0,5426665.8
2008-07-31,32.95,33.21,31.74,32.14,202800,-0.0246,-0.0389,6517992.0,5502581.2
2008-08-01,32.25,32.34,31.79,31.94,114200,-0.0096,-0.0062,3647548.0,5673544.0
2008-08-04,32.12,32.64,30.7,31.07,264000,-0.0327,-0.0272,8202480.0,5514987.8
2008-08-05,31.3,31.46,30.94,31.3,109500,0.0,0.0074,3427350.0,5675176.4
2008-08-06,31.5,32.07,31.25,32.01,151300,0.0162,0.0227,4843113.0,5425751.1
2008-08-07,31.67,31.86,31.05,31.18,132800,-0.0155,-0.0259,4140704.0,5288672.8
2008-08-08,32.97,32.98,31.0,31.15,397000,-0.0552,-0.001,12366550.0,5167261.2
2008-08-11,31.54,32.23,31.14,32.16,133300,0.0197,0.0324,4286928.0,5934847.7
2008-08-12,32.01,32.02,31.32,31.66,180000,-0.0109,-0.0155,5698800.0,5959313.3
2008-08-13,31.69,31.98,31.35,31.82,537800,0.0041,0.0051,17112796.0,6014048.9
2008-08-14,31.77,31.85,31.46,31.73,468900,-0.0013,-0.0028,14878197.0,7024426.1
2008-08-15,32.0,32.19,31.58,31.79,387900,-0.0066,0.0019,12331341.0,7860446.6
2008-08-18,30.48,31.85,30.48,31.42,330400,0.0308,-0.0116,10381168.0,8728825.9
2008-08-19,31.21,31.59,31.05,31.59,233700,0.0122,0.0054,7382583.0,8946694.7
2008-08-20,31.63,32.84,31.59,32.79,248100,0.0367,0.038,8135199.0,9342218.0
2008-08-21,32.79,32.96,32.11,32.11,162900,-0.0207,-0.0207,5230719.0,9671426.6
2008-08-22,32.11,32.54,31.78,32.19,130500,0.0025,0.0025,4200795.0,9780428.1
2008-08-25,32.14,32.14,31.58,31.68,177900,-0.0143,-0.0158,5635872.0,8963852.6
2008-08-26,31.71,32.05,31.51,31.87,135200,0.005,0.006,4308824.0,9098747.0
2008-08-27,32.06,32.52,32.03,32.38,129700,0.01,0.016,4199686.0,8959749.4
2008-08-28,32.35,33.15,32.33,33.05,143900,0.0216,0.0207,4755895.0,7668438.4
2008-08-29,33.08,33.16,32.34,32.57,199500,-0.0154,-0.0145,6497715.0,6656208.2
2008-09-02,33.38,33.38,32.01,32.06,209000,-0.0395,-0.0157,6700540.0,6072845.6
2008-09-03,32.2,32.94,32.2,32.51,145000,0.0096,0.014,4713950.0,5704782.8
2008-09-04,32.46,32.6,31.59,31.85,116500,-0.0188,-0.0203,3710525.0,5437919.5
2008-09-05,31.83,31.83,30.67,31.49,185200,-0.0107,-0.0113,5831948.0,4995452.1
2008-09-08,31.99,32.27,31.5,31.89,138600,-0.0031,0.0127,4419954.0,5055575.0
2008-09-09,31.66,32.11,30.35,30.4,238700,-0.0398,-0.0467,7256480.0,5077490.9
2008-09-10,30.9,31.2,30.05,30.65,181600,-0.0081,0.0082,5566040.0,5239551.7
2008-09-11,30.8,30.8,29.79,30.06,195400,-0.024,-0.0192,5873724.0,5365273.3
2008-09-12,30.11,30.42,29.8,29.95,343000,-0.0053,-0.0037,10272850.0,5532677.1
2008-09-15,29.06,29.98,28.0,28.05,220700,-0.0348,-0.0634,6190635.0,6084372.6
2008-09-16,28.31,29.39,27.29,29.2,449300,0.0314,0.041,13119560.0,6053664.6
2008-09-17,28.86,30.35,26.29,26.38,548200,-0.0859,-0.0966,14461516.0,6695566.6
2008-09-18,26.92,27.67,25.27,26.75,531000,-0.0063,0.014,14204250.0,7670323.2
2008-09-19,28.93,29.98,28.25,29.98,1073800,0.0363,0.1207,32192524.0,8719695.7
2008-09-22,29.76,30.08,29.18,29.63,289700,-0.0044,-0.0117,8583811.0,11355753.3
2008-09-23,29.57,29.75,28.61,28.68,204800,-0.0301,-0.0321,5873664.0,11772139.0
2008-09-24,28.88,29.48,28.05,28.23,204300,-0.0225,-0.0157,5767389.0,11633857.4
2008-09-25,28.64,28.83,28.04,28.46,284100,-0.0063,0.0081,8085486.0,11653992.3
2008-09-26,27.8,28.25,27.03,28.06,164800,0.0094,-0.0141,4624288.0,11875168.5
2008-09-29,27.46,27.46,22.65,24.26,338800,-0.1165,-0.1354,8219288.0,11310312.3
2008-09-30,24.46,25.36,23.45,24.97,497400,0.0209,0.0293,12420078.0,11513177.6
2008-10-01,23.86,23.86,19.92,20.93,1078100,-0.1228,-0.1618,22564633.0,11443229.4
2008-10-02,20.68,20.84,18.59,18.68,558800,-0.0967,-0.1075,10438384.0,12253541.1
2008-10-03,18.87,19.31,16.88,16.9,461500,-0.1044,-0.0953,7799350.0,11876954.5
2008-10-06,16.63,16.71,13.4,13.81,1308000,-0.1696,-0.1828,18063480.0,9437637.1
2008-10-07,14.74,14.74,12.21,12.22,904800,-0.171,-0.1151,11056656.0,10385604.0
2008-10-08,12.16,12.58,10.16,11.66,886700,-0.0411,-0.0458,10338922.0,10903903.2
2008-10-09,11.83,12.3,10.09,10.16,557900,-0.1412,-0.1286,5668264.0,11361056.5
2008-10-10,9.61,10.45,8.51,9.82,705500,0.0219,-0.0335,6928010.0,11119334.3
2008-10-13,10.24,12.97,10.17,12.4,837200,0.2109,0.2627,10381280.0,11349706.5
2008-10-14,13.18,13.3,12.17,12.46,497800,-0.0546,0.0048,6202588.0,11565905.7
2008-10-15,11.97,12.38,10.69,10.7,386100,-0.1061,-0.1413,4131270.0,10944156.7
2008-10-16,10.84,12.2,10.16,11.57,568100,0.0673,0.0813,6572917.0,9100820.4
2008-10-17,11.01,12.27,10.89,11.42,541500,0.0372,-0.013,6183930.0,8714273.7
2008-10-20,11.9,12.93,11.76,12.87,396800,0.0815,0.127,5106816.0,8552731.7
2008-10-21,12.6,13.19,12.29,12.76,427500,0.0127,-0.0085,5454900.0,7257065.3
2008-10-22,12.37,13.25,12.06,12.52,501800,0.0121,-0.0188,6282536.0,6696889.7
2008-10-23,12.76,13.17,12.01,12.65,450600,-0.0086,0.0104,5700090.0,6291251.1
2008-10-24,11.98,12.83,11.47,12.54,332800,0.0467,-0.0087,4173312.0,6294433.7
2008-10-27,12.27,12.82,11.74,11.8,392400,-0.0383,-0.059,4630320.0,6018963.9
2008-10-28,12.23,12.85,11.28,12.64,443400,0.0335,0.0712,5604576.0,5443867.9
2008-10-29,12.82,13.41,12.24,12.5,743100,-0.025,-0.0111,9288750.0,5384066.7
2008-10-30,12.93,13.03,11.83,12.96,483200,0.0023,0.0368,6262272.0,5899814.7
2008-10-31,12.5,12.5,9.75,10.21,1062900,-0.1832,-0.2122,10852209.0,5868750.2
2008-11-03,9.94,12.45,8.75,9.12,981200,-0.0825,-0.1068,8948544.0,6335578.1
2008-11-04,9.3,9.31,8.74,9.0,1124400,-0.0323,-0.0132,10119600.0,6719750.9
2008-11-05,8.87,8.99,8.3,8.63,832300,-0.0271,-0.0411,7182749.0,7186220.9
2008-11-06,8.37,8.44,7.34,7.35,606200,-0.1219,-0.1483,4455570.0,7276242.2
2008-11-07,7.32,7.53,7.02,7.28,874500,-0.0055,-0.0095,6366360.0,7151790.2
2008-11-10,7.59,7.59,6.86,7.31,629700,-0.0369,0.0041,4603107.0,7371095.0
2008-11-11,7.13,7.24,6.12,6.17,854600,-0.1346,-0.156,5272882.0,7368373.7
2008-11-12,6.01,6.48,5.04,5.04,674400,-0.1614,-0.1831,3398976.0,7335204.3
2008-11-13,5.03,5.37,4.46,5.35,1205900,0.0636,0.0615,6451565.0,6746226.9
2008-11-14,5.25,5.25,4.29,4.38,785100,-0.1657,-0.1813,3438738.0,6765156.2
2008-11-17,4.72,4.77,4.11,4.15,546500,-0.1208,-0.0525,2267975.0,6023809.1
2008-11-18,4.14,4.28,3.83,4.06,1036000,-0.0193,-0.0217,4206160.0,5355752.2
2008-11-19,4.01,4.07,2.77,2.98,772900,-0.2569,-0.266,2303242.0,4764408.2
2008-11-20,3.0,3.25,2.82,2.84,1087100,-0.0533,-0.047,3087364.0,4276457.5
2008-11-21,2.89,3.51,2.53,2.8,1135600,-0.0311,-0.0141,3179680.0,4139636.9
2008-11-24,2.84,3.08,2.64,3.03,1132100,0.0669,0.0821,3430263.0,3820968.9
2008-11-25,3.05,3.25,2.97,3.25,783500,0.0656,0.0726,2546375.0,3703684.5
2008-11-26,3.29,3.62,3.19,3.59,647800,0.0912,0.1046,2325602.0,3431033.8
2008-11-28,3.6,4.15,3.55,4.15,348100,0.1528,0.156,1444615.0,3323696.4
2008-12-01,4.07,4.07,3.26,3.27,842200,-0.1966,-0.212,2753994.0,2823001.4
2008-12-02,3.37,3.61,3.02,3.34,568500,-0.0089,0.0214,1898790.0,2754527.0
2008-12-03,3.31,3.58,3.12,3.41,656600,0.0302,0.021,2239006.0,2717608.5
2008-12-04,3.38,3.38,3.03,3.1,452900,-0.0828,-0.0909,1403990.0,2520893.1
2008-12-05,3.05,3.2,2.83,2.97,786000,-0.0262,-0.0419,2334420.0,2430967.9
2008-12-08,3.18,3.24,2.92,2.99,901800,-0.0597,0.0067,2696382.0,2355673.5
2008-12-09,3.04,3.4,2.78,2.87,846700,-0.0559,-0.0401,2430029.0,2307343.7
2008-12-10,3.02,3.1,2.78,3.0,646200,-0.0066,0.0453,1938600.0,2207320.3
2008-12-11,2.98,3.02,2.61,2.64,585800,-0.1141,-0.12,1546512.0,2146542.8
2008-12-12,2.6,2.64,2.07,2.29,1370900,-0.1192,-0.1326,3139361.0,2068633.8
2008-12-15,2.49,2.65,2.15,2.19,1182800,-0.1205,-0.0437,2590332.0,2238108.4
2008-12-16,2.29,2.4,2.22,2.4,920900,0.048,0.0959,2210160.0,2221742.2
2008-12-17,2.41,2.56,2.21,2.32,688700,-0.0373,-0.0333,1597784.0,2252879.2
2008-12-18,2.37,2.42,2.24,2.26,645200,-0.0464,-0.0259,1458152.0,2188757.0
2008-12-19,2.36,2.64,2.3,2.64,1606800,0.1186,0.1681,4241952.0,2194173.2
2008-12-22,2.72,2.93,2.45,2.75,1164000,0.011,0.0417,3201000.0,2384926.4
2008-12-23,2.71,2.73,2.45,2.6,665400,-0.0406,-0.0545,1730040.0,2435388.2
2008-12-24,2.57,2.61,2.45,2.61,214800,0.0156,0.0038,560628.0,2365389.3
2008-12-26,2.62,2.67,2.52,2.67,327800,0.0191,0.023,875226.0,2227592.1
2008-12-29,2.69,2.7,2.45,2.49,494800,-0.0743,-0.0674,1232052.0,2160463.5
2008-12-30,2.55,2.6,2.5,2.59,611700,0.0157,0.0402,1584303.0,1969732.6
2008-12-31,2.56,4.09,2.52,3.9,2093300,0.5234,0.5058,8163870.0,1869129.7
2009-01-02,3.92,3.93,3.65,3.89,810600,-0.0077,-0.0026,3153234.0,2464500.7
2009-01-05,3.94,4.97,3.92,4.53,1236400,0.1497,0.1645,5600892.0,2620045.7
2009-01-06,4.66,6.98,4.66,6.71,2631200,0.4399,0.4812,17655352.0,3034319.7
2009-01-07,6.49,6.55,5.2,5.45,2051000,-0.1602,-0.1878,11177950.0,4375659.7
2009-01-08,5.34,6.49,5.2,6.31,1888900,0.1816,0.1578,11918959.0,5173354.7
2009-01-09,6.15,6.26,5.65,5.68,1123800,-0.0764,-0.0998,6383184.0,6192246.6
2009-01-12,5.61,5.85,4.81,4.89,1252700,-0.1283,-0.1391,6125703.0,6774502.2
2009-01-13,4.85,5.41,4.67,5.24,1452200,0.0804,0.0716,7609528.0,7299549.9
2009-01-14,5.24,5.41,4.4,4.41,1185900,-0.1584,-0.1584,5229819.0,7937297.5
2009-01-15,4.4,4.59,3.49,4.2,1304200,-0.0455,-0.0476,5477640.0,8301849.1
2009-01-16,4.37,4.64,4.03,4.19,757900,-0.0412,-0.0024,3175601.0,8033226.1
2009-01-20,4.15,4.15,3.62,3.62,724200,-0.1277,-0.136,2621604.0,8035462.8
2009-01-21,4.06,4.09,3.63,3.82,799200,-0.0591,0.0552,3052944.0,7737534.0
2009-01-22,3.72,3.84,3.46,3.5,635000,-0.0591,-0.0838,2222500.0,6277293.2
2009-01-23,3.32,3.68,3.27,3.51,401500,0.0572,0.0029,1409265.0,5381748.2
2009-01-26,3.52,3.92,3.38,3.56,592600,0.0114,0.0142,2109656.0,4330778.8
2009-01-27,3.59,3.82,3.52,3.79,499600,0.0557,0.0646,1893484.0,3903426.0
2009-01-28,3.95,4.08,3.82,4.0,748400,0.0127,0.0554,2993600.0,3480204.1
2009-01-29,3.92,4.02,3.77,3.77,389800,-0.0383,-0.0575,1469546.0,3018611.3
2009-01-30,3.6,3.73,3.3,3.32,650500,-0.0778,-0.1194,2159660.0,2642584.0
2009-02-02,3.27,3.43,3.12,3.19,677300,-0.0245,-0.0392,2160587.0,2310786.0
2009-02-03,3.14,3.15,2.93,3.03,787700,-0.035,-0.0502,2386731.0,2209284.6
2009-02-04,3.09,3.2,3.0,3.04,742800,-0.0162,0.0033,2258112.0,2185797.3
2009-02-05,3.1,3.1,2.95,3.05,573900,-0.0161,0.0033,1750395.0,2106314.1
2009-02-06,3.06,3.56,3.05,3.45,860400,0.1275,0.1311,2968380.0,2059103.6
2009-02-09,3.56,3.6,3.36,3.46,628800,-0.0281,0.0029,2175648.0,2215015.1
2009-02-10,3.54,3.54,3.11,3.14,538200,-0.113,-0.0925,1689948.0,2221614.3
2009-02-11,3.22,3.4,3.1,3.2,488400,-0.0062,0.0191,1562880.0,2201260.7
2009-02-12,3.14,3.29,3.12,3.25,422300,0.035,0.0156,1372475.0,2058188.7
2009-02-13,3.28,3.3,3.17,3.18,197000,-0.0305,-0.0215,626460.0,2048481.6
2009-02-17,3.08,3.2,3.0,3.0,545600,-0.026,-0.0566,1636800.0,1895161.6
2009-02-18,3.09,3.09,2.7,2.75,505000,-0.11,-0.0833,1388750.0,1842782.9
2009-02-19,2.66,2.88,2.52,2.63,480300,-0.0113,-0.0436,1263189.0,1742984.8
2009-02-20,2.58,2.62,2.27,2.36,543100,-0.0853,-0.1027,1281716.0,1643492.5
2009-02-23,2.47,2.5,2.17,2.17,493300,-0.1215,-0.0805,1070461.0,1596624.6
2009-02-24,2.16,2.5,2.16,2.49,478200,0.1528,0.1475,1190718.0,1406832.7
2009-02-25,2.55,2.58,2.29,2.36,333100,-0.0745,-0.0522,786116.0,1308339.7
2009-02-26,2.37,2.56,2.35,2.35,369300,-0.0084,-0.0042,867855.0,1217956.5
2009-02-27,2.36,2.41,2.22,2.24,455700,-0.0508,-0.0468,1020768.0,1148454.0
2009-03-02,1.98,1.98,1.31,1.35,1401500,-0.3182,-0.3973,1892025.0,1113283.3
2009-03-03,1.41,1.44,0.78,0.83,4805800,-0.4113,-0.3852,3988814.0,1239839.8
2009-03-04,0.89,1.05,0.86,0.9,2355000,0.0112,0.0843,2119500.0,1475041.2
2009-03-05,0.97,0.97,0.79,0.79,1162700,-0.1856,-0.1222,918533.0,1548116.2
2009-03-06,0.85,0.89,0.75,0.87,1158600,0.0235,0.1013,1007982.0,1513650.6
2009-03-09,0.9,0.97,0.84,0.88,737200,-0.0222,0.0115,648736.0,1486277.2
2009-03-10,0.91,1.1,0.91,1.07,834800,0.1758,0.2159,893236.0,1444104.7
2009-03-11,2.2,2.34,1.26,1.49,2651600,-0.3227,0.3925,3950884.0,1414356.5
2009-03-12,1.54,1.58,1.4,1.56,693600,0.013,0.047,1082016.0,1730833.3
2009-03-13,1.74,1.82,1.6,1.77,1083700,0.0172,0.1346,1918149.0,1752249.4
2009-03-16,1.82,2.09,1.74,1.93,794200,0.0604,0.0904,1532806.0,1841987.5
2009-03-17,1.93,2.0,1.8,1.94,400700,0.0052,0.0052,777358.0,1806065.6
2009-03-18,1.9,1.94,1.66,1.9,639700,0.0,-0.0206,1215430.0,1484920.0
2009-03-19,1.92,1.93,1.75,1.85,375200,-0.0365,-0.0263,694120.0,1394513.0
2009-03-20,1.89,1.9,1.59,1.59,1524700,-0.1587,-0.1405,2424273.0,1372071.7
2009-03-23,1.7,1.88,1.69,1.88,519200,0.1059,0.1824,976096.0,1513700.8
2009-03-24,1.85,1.89,1.75,1.8,463700,-0.027,-0.0426,834660.0,1546436.8
2009-03-25,1.82,1.9,1.78,1.88,556300,0.033,0.0444,1045844.0,1540579.2
2009-03-26,1.96,1.98,1.88,1.97,441800,0.0051,0.0479,870346.0,1250075.2
2009-03-27,1.91,1.95,1.85,1.87,514500,-0.0209,-0.0508,962115.0,1228908.2
2009-03-30,1.75,1.83,1.62,1.64,438700,-0.0629,-0.123,719468.0,1133304.8
2009-03-31,1.71,1.8,1.64,1.64,487200,-0.0409,0.0,799008.0,1051971.0
2009-04-01,1.62,1.89,1.62,1.87,547900,0.1543,0.1402,1024573.0,1054136.0
2009-04-02,1.97,2.08,1.91,1.98,529300,0.0051,0.0588,1048014.0,1035050.3
2009-04-03,1.99,2.01,1.91,2.01,245400,0.0101,0.0152,493254.0,1070439.7
2009-04-06,2.0,2.03,1.88,1.91,285200,-0.045,-0.0498,544732.0,877337.8
2009-04-07,1.87,1.9,1.79,1.79,288700,-0.0428,-0.0628,516773.0,834201.4
2009-04-08,1.79,1.87,1.76,1.86,170500,0.0391,0.0391,317130.0,802412.7
2009-04-09,1.94,1.97,1.88,1.95,493400,0.0052,0.0484,962130.0,729541.3
2009-04-13,1.91,1.96,1.89,1.95,308800,0.0209,0.0,602160.0,738719.7
2009-04-14,1.98,2.09,1.89,1.9,526900,-0.0404,-0.0256,1001110.0,702724.2
2009-04-15,1.89,1.96,1.89,1.9,353300,0.0053,0.0,671270.0,730888.4
2009-04-16,1.92,1.96,1.9,1.93,363400,0.0052,0.0158,701362.0,718114.6
2009-04-17,1.96,2.14,1.95,2.12,657700,0.0816,0.0984,1394324.0,685793.5
2009-04-20,2.03,2.05,1.83,1.9,702700,-0.064,-0.1038,1335130.0,720424.5
2009-04-21,1.83,2.0,1.82,2.0,245000,0.0929,0.0526,490000.0,804612.1
2009-04-22,1.93,2.12,1.83,1.95,490200,0.0104,-0.025,955890.0,799138.9
2009-04-23,2.02,2.06,1.9,1.9,322000,-0.0594,-0.0256,611800.0,843050.6
2009-04-24,1.95,2.04,1.9,2.04,537400,0.0462,0.0737,1096296.0,872517.6
2009-04-27,1.97,1.98,1.92,1.95,301300,-0.0102,-0.0441,587535.0,885934.2
2009-04-28,1.91,1.95,1.9,1.93,156600,0.0105,-0.0103,302238.0,884471.7
2009-04-29,1.94,2.03,1.92,2.01,313600,0.0361,0.0415,630336.0,814584.5
2009-04-30,2.04,2.09,1.97,1.97,483300,-0.0343,-0.0199,952101.0,810491.1
2009-05-01,1.99,2.3,1.97,2.21,980100,0.1106,0.1218,2166021.0,835565.0
2009-05-04,2.3,3.74,2.3,3.66,4045600,0.5913,0.6561,14806896.0,912734.7
2009-05-05,4.22,4.93,3.81,4.63,4682300,0.0972,0.265,21679049.0,2259911.3
2009-05-06,4.86,4.9,3.82,4.1,3300000,-0.1564,-0.1145,13530000.0,4378816.2
2009-05-07,4.5,4.5,3.63,4.06,1391600,-0.0978,-0.0098,5649896.0,5636227.2
2009-05-08,3.5,4.19,3.5,4.14,1458800,0.1829,0.0197,6039432.0,6140036.8
2009-05-11,4.02,4.5,3.91,4.38,1196700,0.0896,0.058,5241546.0,6634350.4
2009-05-12,4.06,4.19,3.59,3.78,1238600,-0.069,-0.137,4681908.0,7099751.5
2009-05-13,3.6,3.7,3.03,3.21,1014200,-0.1083,-0.1508,3255582.0,7537718.5
2009-05-14,3.05,3.5,2.89,3.2,896200,0.0492,-0.0031,2867840.0,7800243.1
2009-05-15,3.21,3.37,2.92,3.02,708100,-0.0592,-0.0563,2138462.0,7991817.0
2009-05-18,3.07,3.3,3.05,3.22,618800,0.0489,0.0662,1992536.0,7989061.1
2009-05-19,3.29,3.64,3.24,3.55,755600,0.079,0.1025,2682380.0,6707625.1
2009-05-20,3.59,3.9,3.51,3.6,620600,0.0028,0.0141,2234160.0,4807958.2
2009-05-21,3.52,3.6,3.25,3.58,563600,0.017,-0.0056,2017688.0,3678374.2
2009-05-22,3.55,3.63,3.29,3.33,321100,-0.062,-0.0698,1069263.0,3315153.4
2009-05-26,3.35,3.5,3.26,3.5,474100,0.0448,0.0511,1659350.0,2818136.5
2009-05-27,3.59,3.7,3.43,3.5,455800,-0.0251,0.0,1595300.0,2459916.9
2009-05-28,3.56,3.6,3.33,3.44,303500,-0.0337,-0.0171,1044040.0,2151256.1
2009-05-29,3.55,3.64,3.35,3.5,572900,-0.0141,0.0174,2005150.0,1930101.9
2009-06-01,3.55,3.89,3.52,3.81,799400,0.0732,0.0886,3045714.0,1843832.9
2009-06-02,3.8,3.95,3.68,3.76,647000,-0.0105,-0.0131,2432720.0,1934558.1
2009-06-03,3.66,3.76,3.55,3.76,523000,0.0273,0.0,1966480.0,1978576.5
2009-06-04,3.81,4.39,3.8,4.2,1332700,0.1024,0.117,5597340.0,1906986.5
2009-06-05,4.3,4.98,4.23,4.67,2075500,0.086,0.1119,9692585.0,2243304.5
2009-06-08,4.52,5.31,4.33,4.92,2170200,0.0885,0.0535,10677384.0,3010794.2
2009-06-09,5.15,5.15,4.65,4.79,987500,-0.0699,-0.0264,4730125.0,3971606.3
2009-06-10,4.92,5.14,4.71,5.08,1099500,0.0325,0.0605,5585460.0,4278683.8
2009-06-11,5.08,5.23,4.91,5.12,804600,0.0079,0.0079,4119552.0,4677699.8
2009-06-12,5.14,5.5,4.93,5.4,1174700,0.0506,0.0547,6343380.0,4985251.0
2009-06-15,5.41,5.45,5.0,5.19,739800,-0.0407,-0.0389,3839562.0,5419074.0
2009-06-16,5.21,5.4,4.63,4.8,842600,-0.0787,-0.0751,4044480.0,5498458.8
2009-06-17,4.63,4.7,4.12,4.32,968900,-0.067,-0.1,4185648.0,5659634.8
2009-06-18,4.33,4.43,4.02,4.05,597400,-0.0647,-0.0625,2419470.0,5881551.6
2009-06-19,4.08,4.48,3.93,4.07,1115000,-0.0025,0.0049,4538050.0,5563764.6
2009-06-22,3.89,3.89,3.35,3.36,935100,-0.1362,-0.1744,3141936.0,5048311.1
2009-06-23,3.39,3.41,3.05,3.08,710600,-0.0914,-0.0833,2188648.0,4294766.3
2009-06-24,3.11,3.85,3.1,3.54,982900,0.1383,0.1494,3479466.0,4040618.6
2009-06-25,3.52,4.06,3.26,3.99,757300,0.1335,0.1271,3021627.0,3830019.2
2009-06-26,4.03,4.2,3.76,4.2,2671900,0.0422,0.0526,11221980.0,3720226.7
2009-06-29,4.23,4.43,4.05,4.17,638700,-0.0142,-0.0071,2663379.0,4208086.7
2009-06-30,4.16,4.24,4.02,4.17,522500,0.0024,0.0,2178825.0,4090468.4
2009-07-01,4.25,4.44,4.11,4.19,490100,-0.0141,0.0048,2053519.0,3903902.9
2009-07-02,4.06,4.13,3.76,3.81,648600,-0.0616,-0.0907,2471166.0,3690690.0
2009-07-06,3.63,3.7,3.35,3.51,464100,-0.0331,-0.0787,1628991.0,3695859.6
2009-07-07,3.52,3.53,3.35,3.36,284500,-0.0455,-0.0427,955920.0,3404953.7
2009-07-08,3.4,3.52,3.06,3.13,622200,-0.0794,-0.0685,1947486.0,3186352.1
2009-07-09,3.21,3.48,3.17,3.18,308800,-0.0093,0.016,981984.0,3162235.9
2009-07-10,3.18,3.25,3.1,3.19,267700,0.0031,0.0031,853963.0,2912487.7
2009-07-13,3.21,3.23,3.0,3.2,338800,-0.0031,0.0031,1084160.0,2695721.3
2009-07-14,3.23,3.41,3.22,3.26,318600,0.0093,0.0187,1038636.0,1681939.3
2009-07-15,3.45,3.5,3.3,3.46,425100,0.0029,0.0613,1470846.0,1519465.0
2009-07-16,3.42,3.52,3.27,3.5,399400,0.0234,0.0116,1397900.0,1448667.1
2009-07-17,3.52,3.53,3.31,3.34,562500,-0.0511,-0.0457,1878750.0,1383105.2
2009-07-20,3.38,3.58,3.35,3.42,357200,0.0118,0.024,1221624.0,1323863.6
2009-07-21,3.44,3.48,3.32,3.32,310300,-0.0349,-0.0292,1030196.0,1283126.9
2009-07-22,3.28,3.42,3.24,3.35,382600,0.0213,0.009,1281710.0,1290554.5
2009-07-23,3.36,3.6,3.36,3.53,1004200,0.0506,0.0537,3544826.0,1223976.9
2009-07-24,3.49,3.71,3.4,3.65,477400,0.0458,0.034,1742510.0,1480261.1
2009-07-27,3.65,3.85,3.65,3.7,340100,0.0137,0.0137,1258370.0,1569115.8
2009-07-28,3.66,3.78,3.61,3.72,326700,0.0164,0.0054,1215324.0,1586536.8
2009-07-29,3.66,3.75,3.57,3.66,417800,0.0,-0.0161,1529148.0,1604205.6
2009-07-30,3.75,3.91,3.73,3.81,393200,0.016,0.041,1498092.0,1610035.8
2009-07-31,3.77,3.92,3.75,3.87,329100,0.0265,0.0157,1273617.0,1620055.0
2009-08-03,3.94,4.41,3.89,4.3,876900,0.0914,0.1111,3770670.0,1559541.7
2009-08-04,4.26,4.44,4.15,4.21,568700,-0.0117,-0.0209,2394227.0,1814446.3
2009-08-05,4.17,4.27,4.0,4.24,512300,0.0168,0.0071,2172152.0,1950849.4
2009-08-06,4.29,4.34,4.04,4.12,402800,-0.0396,-0.0283,1659536.0,2039893.6
2009-08-07,4.31,4.41,4.07,4.27,830900,-0.0093,0.0364,3547943.0,1851364.6
2009-08-10,4.24,4.35,4.09,4.23,295500,-0.0024,-0.0094,1249965.0,2031907.9
2009-08-11,4.23,4.23,3.79,3.93,477300,-0.0709,-0.0709,1875789.0,2031067.4
2009-08-12,3.95,4.12,3.75,3.94,246900,-0.0025,0.0025,972786.0,2097113.9
2009-08-13,3.99,4.2,3.94,4.01,315100,0.005,0.0178,1263551.0,2041477.7
2009-08-14,4.05,4.06,3.81,3.86,316700,-0.0469,-0.0374,1222462.0,2018023.6
2009-08-17,3.74,3.74,3.5,3.58,516500,-0.0428,-0.0725,1849070.0,2012908.1
2009-08-18,3.62,3.79,3.62,3.68,220300,0.0166,0.0279,810704.0,1820748.1
2009-08-19,3.62,3.83,3.59,3.78,216500,0.0442,0.0272,818370.0,1662395.8
2009-08-20,3.78,3.88,3.75,3.86,214300,0.0212,0.0212,827198.0,1527017.6
2009-08-21,3.95,3.97,3.78,3.91,420800,-0.0101,0.013,1645328.0,1443783.8
2009-08-24,3.97,4.01,3.83,3.86,373000,-0.0277,-0.0128,1439780.0,1253522.3
2009-08-25,3.87,3.98,3.65,3.85,258400,-0.0052,-0.0026,994840.0,1272503.8
2009-08-26,3.8,3.81,3.68,3.8,317600,0.0,-0.013,1206880.0,1184408.9
2009-08-27,3.78,3.83,3.65,3.83,257300,0.0132,0.0079,985459.0,1207818.3
2009-08-28,3.87,3.98,3.71,3.77,325200,-0.0258,-0.0157,1226004.0,1180009.1
2009-08-31,3.72,3.91,3.57,3.83,815800,0.0296,0.0159,3124514.0,1180363.3
2009-09-01,3.81,3.82,3.5,3.52,634100,-0.0761,-0.0809,2232032.0,1307907.7
2009-09-02,3.52,3.6,3.38,3.41,370000,-0.0312,-0.0312,1261700.0,1450040.5
2009-09-03,3.42,3.44,3.3,3.35,284900,-0.0205,-0.0176,954415.0,1494373.5
2009-09-04,3.3,3.62,3.3,3.57,287200,0.0818,0.0657,1025304.0,1507095.2
2009-09-08,3.68,3.74,3.63,3.66,356700,-0.0054,0.0252,1305522.0,1445092.8
2009-09-09,3.64,3.67,3.53,3.66,329800,0.0055,0.0,1207068.0,1431667.0
2009-09-10,3.67,3.83,3.58,3.8,700000,0.0354,0.0383,2660000.0,1452889.8
2009-09-11,3.88,4.2,3.8,3.96,1022100,0.0206,0.0421,4047516.0,1598201.8
2009-09-14,3.9,4.18,3.85,4.1,686600,0.0513,0.0354,2815060.0,1904407.5
2009-09-15,4.15,4.32,4.1,4.17,725200,0.0048,0.0171,3024084.0,2063313.1
2009-09-16,4.25,4.65,4.25,4.42,1384600,0.04,0.06,6119932.0,2053270.1
2009-09-17,4.5,4.7,4.2,4.35,888700,-0.0333,-0.0158,3865845.0,2442060.1
2009-09-18,4.38,4.5,4.26,4.49,665900,0.0251,0.0322,2989891.0,2702474.6
2009-09-21,4.35,4.44,4.26,4.44,452200,0.0207,-0.0111,2007768.0,2906022.2
2009-09-22,4.72,5.28,4.63,5.23,1798300,0.1081,0.1779,9405109.0,3004268.6
2009-09-23,5.4,6.18,5.29,5.6,3422800,0.037,0.0707,19167680.0,3814227.3
2009-09-24,5.54,5.68,5.13,5.3,1251800,-0.0433,-0.0536,6634540.0,5610288.5
2009-09-25,5.25,5.42,5.04,5.23,720100,-0.0038,-0.0132,3766123.0,6007742.5
2009-09-28,5.23,5.43,5.09,5.34,498700,0.021,0.021,2663058.0,5979603.2
2009-09-29,5.34,5.62,5.12,5.34,597600,0.0,0.0,3191184.0,5964403.0
2009-09-30,5.4,5.47,5.14,5.28,495200,-0.0222,-0.0112,2614656.0,5981113.0
2009-10-01,5.24,5.29,4.74,4.78,798500,-0.0878,-0.0947,3816830.0,5630585.4
2009-10-02,4.62,4.84,4.44,4.83,752100,0.0455,0.0105,3632643.0,5625683.9
2009-10-05,4.86,5.14,4.82,4.98,776100,0.0247,0.0311,3864978.0,5689959.1
2009-10-06,5.17,5.19,4.98,5.04,482800,-0.0251,0.012,2433312.0,5875680.1
2009-10-07,5.05,5.19,5.01,5.02,352000,-0.0059,-0.004,1767040.0,5178500.4
2009-10-08,5.12,5.33,5.02,5.24,445200,0.0234,0.0438,2332848.0,3438436.4
2009-10-09,5.22,5.32,5.1,5.24,256600,0.0038,0.0,1344584.0,3008267.2
2009-10-12,5.34,5.45,5.33,5.35,383200,0.0019,0.021,2050120.0,2766113.3
2009-10-13,5.43,5.5,5.25,5.46,496100,0.0055,0.0206,2708706.0,2704819.5
2009-10-14,5.56,5.97,5.56,5.86,969800,0.054,0.0733,5683028.0,2656571.7
2009-10-15,5.83,6.46,5.68,6.31,1398700,0.0823,0.0768,8825797.0,2963408.9
2009-10-16,6.24,6.47,6.05,6.3,946500,0.0096,-0.0016,5962950.0,3464305.6
2009-10-19,6.45,6.68,6.32,6.49,751100,0.0062,0.0302,4874639.0,3697336.3
2009-10-20,6.55,6.82,6.5,6.53,966700,-0.0031,0.0062,6312551.0,3798302.4
2009-10-21,6.48,6.75,6.35,6.43,836800,-0.0077,-0.0153,5380624.0,4186226.3
2009-10-22,6.49,6.71,6.43,6.57,671500,0.0123,0.0218,4411755.0,4547584.7
2009-10-23,6.64,6.73,6.35,6.4,599400,-0.0361,-0.0259,3836160.0,4755475.4
2009-10-26,6.41,6.66,6.1,6.2,939000,-0.0328,-0.0312,5821800.0,5004633.0
2009-10-27,6.22,6.45,6.12,6.12,577200,-0.0161,-0.0129,3532464.0,5381801.0
2009-10-28,6.12,6.14,5.53,5.55,908900,-0.0931,-0.0931,5044395.0,5464176.8
2009-10-29,5.63,6.17,5.63,6.13,759000,0.0888,0.1045,4652670.0,5400313.5
2009-10-30,6.1,6.1,5.61,5.62,730200,-0.0787,-0.0832,4103724.0,4983000.8
2009-11-02,5.73,5.86,5.24,5.54,768400,-0.0332,-0.0142,4256936.0,4797078.2
2009-11-03,5.46,5.62,5.3,5.59,425800,0.0238,0.009,2380222.0,4735307.9
2009-11-04,5.76,5.85,5.51,5.53,327800,-0.0399,-0.0107,1812734.0,4342075.0
2009-11-05,5.56,5.78,5.41,5.75,370600,0.0342,0.0398,2130950.0,3985286.0
2009-11-06,5.7,5.83,5.28,5.6,464100,-0.0175,-0.0261,2598960.0,3757205.5
2009-11-09,5.76,5.76,5.55,5.73,549800,-0.0052,0.0232,3150354.0,3633485.5
2009-11-10,5.69,5.76,5.46,5.6,437300,-0.0158,-0.0227,2448880.0,3366340.9
2009-11-11,5.7,5.7,5.37,5.45,458000,-0.0439,-0.0268,2496100.0,3257982.5
2009-11-12,5.42,5.51,5.19,5.24,493000,-0.0332,-0.0385,2583320.0,3003153.0
2009-11-13,5.24,5.44,5.09,5.33,407300,0.0172,0.0172,2170909.0,2796218.0
2009-11-16,5.33,5.43,5.2,5.35,786900,0.0038,0.0038,4209915.0,2602936.5
2009-11-17,5.24,5.28,5.07,5.14,677100,-0.0191,-0.0393,3480294.0,2598234.4
2009-11-18,5.16,5.2,5.0,5.09,447500,-0.0136,-0.0097,2277775.0,2708241.6
2009-11-19,5.04,5.09,4.9,5.01,554800,-0.006,-0.0157,2779548.0,2754745.7
2009-11-20,4.95,5.07,4.89,4.94,532500,-0.002,-0.014,2630550.0,2819605.5
2009-11-23,5.07,5.13,4.9,4.94,484900,-0.0256,0.0,2395406.0,2822764.5
2009-11-24,4.94,4.94,4.8,4.93,299800,-0.002,-0.002,1478014.0,2747269.7
2009-11-25,4.9,5.05,4.83,5.04,370400,0.0286,0.0223,1866816.0,2650183.1
2009-11-27,4.75,4.98,4.72,4.85,222500,0.0211,-0.0377,1079125.0,2587254.7
2009-11-30,4.82,4.99,4.77,4.85,467500,0.0062,0.0,2267375.0,2436835.2
2009-12-01,4.95,5.02,4.6,4.68,823300,-0.0545,-0.0351,3853044.0,2446481.8
2009-12-02,4.63,4.64,4.35,4.48,1003800,-0.0324,-0.0427,4497024.0,2410794.7
2009-12-03,4.49,4.53,4.23,4.26,916300,-0.0512,-0.0491,3903438.0,2512467.7
2009-12-04,4.3,4.46,4.1,4.18,1350300,-0.0279,-0.0188,5644254.0,2675034.0
2009-12-07,4.19,4.48,4.17,4.32,630200,0.031,0.0335,2722464.0,2961504.6
2009-12-08,4.28,4.35,4.2,4.22,449500,-0.014,-0.0231,1896890.0,2970696.0
2009-12-09,4.26,4.35,3.98,4.18,978200,-0.0188,-0.0095,4088876.0,2920844.4
2009-12-10,4.19,4.46,4.03,4.15,1198100,-0.0095,-0.0072,4972115.0,3181930.6
2009-12-11,4.17,4.24,4.0,4.13,829700,-0.0096,-0.0048,3426661.0,3492460.5
2009-12-14,4.29,4.51,4.18,4.51,1073400,0.0513,0.092,4841034.0,3727214.1
2009-12-15,4.45,4.51,4.35,4.35,712700,-0.0225,-0.0355,3100245.0,3984580.0
2009-12-16,4.42,4.75,4.37,4.73,1198400,0.0701,0.0874,5668432.0,3909300.1
2009-12-17,4.61,4.71,4.53,4.66,988500,0.0108,-0.0148,4606410.0,4026440.9
2009-12-18,4.74,5.12,4.69,5.0,1244300,0.0549,0.073,6221500.0,4096738.1
2009-12-21,5.24,5.24,5.09,5.16,590000,-0.0153,0.032,3044400.0,4154462.7
2009-12-22,5.25,5.25,5.06,5.15,523000,-0.019,-0.0019,2693450.0,4186656.3
2009-12-23,5.19,5.69,5.19,5.64,786200,0.0867,0.0951,4434168.0,4266312.3
2009-12-24,5.7,5.96,5.67,5.71,545200,0.0018,0.0124,3113092.0,4300841.5
2009-12-28,5.85,5.92,5.65,5.83,1025700,-0.0034,0.021,5979831.0,4114939.2
2009-12-29,5.82,6.26,5.72,6.22,1108600,0.0687,0.0669,6895492.0,4370256.2
2009-12-30,6.11,6.17,5.87,5.99,911200,-0.0196,-0.037,5458088.0,4575702.0
2009-12-31,5.96,6.2,5.83,6.05,855200,0.0151,0.01,5173960.0,4811486.3
2010-01-04,6.19,6.39,6.15,6.39,999700,0.0323,0.0562,6388083.0,4762039.1
2010-01-05,6.36,6.48,6.2,6.37,962500,0.0016,-0.0031,6131125.0,4940206.4
2010-01-06,6.32,6.6,6.31,6.57,801200,0.0396,0.0314,5263884.0,4931168.9
2010-01-07,6.6,7.38,6.52,7.22,1780100,0.0939,0.0989,12852322.0,5153117.3
2010-01-08,7.34,7.77,7.3,7.6,1574700,0.0354,0.0526,11967720.0,6169004.5
2010-01-11,7.75,7.82,7.12,7.31,1756200,-0.0568,-0.0382,12837822.0,6922359.7
2010-01-12,7.03,7.38,6.86,7.04,1717700,0.0014,-0.0369,12092608.0,7894832.7
2010-01-13,7.01,7.25,6.69,7.17,963800,0.0228,0.0185,6910446.0,8506110.4
2010-01-14,7.25,7.79,7.21,7.7,1111300,0.0621,0.0739,8557010.0,8507605.8
2010-01-15,7.71,7.75,7.39,7.69,818300,-0.0026,-0.0013,6292727.0,8817498.0
2010-01-19,7.68,7.93,7.66,7.91,765600,0.0299,0.0286,6055896.0,8929374.7
2010-01-20,7.79,7.94,7.63,7.87,506800,0.0103,-0.0051,3988516.0,8896156.0
2010-01-21,7.92,8.08,7.7,7.74,656100,-0.0227,-0.0165,5078214.0,8681895.1
2010-01-22,7.69,7.85,7.39,7.42,740700,-0.0351,-0.0413,5495994.0,8663328.1
2010-01-25,7.47,7.59,7.33,7.45,563000,-0.0027,0.004,4194350.0,7927695.3
2010-01-26,7.43,7.75,7.21,7.5,652600,0.0094,0.0067,4894500.0,7150358.3
2010-01-27,7.49,7.89,7.48,7.67,547300,0.024,0.0227,4197791.0,6356026.1
2010-01-28,7.73,7.91,7.52,7.78,658900,0.0065,0.0143,5126242.0,5566544.4
2010-01-29,8.14,8.24,7.69,7.75,1156200,-0.0479,-0.0039,8960550.0,5388124.0
2010-02-01,7.89,8.19,7.72,8.16,812900,0.0342,0.0529,6633264.0,5428478.0
2010-02-02,8.2,8.32,8.06,8.14,704800,-0.0073,-0.0025,5737072.0,5462531.7
2010-02-03,8.15,8.19,7.8,7.98,655700,-0.0209,-0.0197,5232486.0,5430649.3
2010-02-04,7.87,7.87,6.97,7.17,1361600,-0.0889,-0.1015,9762672.0,5555046.3
2010-02-05,6.89,7.31,6.23,7.2,1396100,0.045,0.0042,10051920.0,6023492.1
2010-02-08,7.16,7.39,6.88,7.05,448400,-0.0154,-0.0208,3161220.0,6479084.7
2010-02-09,7.18,7.38,7.12,7.27,349400,0.0125,0.0312,2540138.0,6375771.7
2010-02-10,7.24,7.25,7.06,7.21,342400,-0.0041,-0.0083,2468704.0,6140335.5
2010-02-11,7.21,7.5,7.08,7.49,358400,0.0388,0.0388,2684416.0,5967426.8
2010-02-12,7.2,7.58,7.2,7.53,335700,0.0458,0.0053,2527821.0,5723244.2
2010-02-16,7.65,7.77,7.51,7.75,273000,0.0131,0.0292,2115750.0,5079971.3
2010-02-17,7.81,7.86,7.62,7.81,296400,0.0,0.0077,2314884.0,4628219.9
2010-02-18,7.5,7.86,7.44,7.85,284100,0.0467,0.0051,2230185.0,4286001.1
2010-02-19,7.84,7.94,7.71,7.84,283500,0.0,-0.0013,2222640.0,3985771.0
2010-02-22,7.92,7.93,7.75,7.81,181200,-0.0139,-0.0038,1415172.0,3231767.8
2010-02-23,7.75,7.88,7.32,7.38,421000,-0.0477,-0.0551,3106980.0,2368093.0
2010-02-24,7.49,7.73,7.32,7.57,455500,0.0107,0.0257,3448135.0,2362669.0
2010-02-25,7.43,7.73,7.3,7.73,388800,0.0404,0.0211,3005424.0,2453468.7
2010-02-26,7.78,7.88,7.6,7.73,582400,-0.0064,0.0,4501952.0,2507140.7
2010-03-01,7.83,8.8,7.5,8.79,1785400,0.1226,0.1371,15693666.0,2688894.3
2010-03-02,9.0,9.64,8.83,9.39,1440600,0.0433,0.0683,13527234.0,4005478.8
2010-03-03,9.36,9.94,9.22,9.57,903600,0.0224,0.0192,8647452.0,5146627.2
2010-03-04,9.53,9.7,9.04,9.39,611500,-0.0147,-0.0188,5741985.0,5779884.0
2010-03-05,9.45,9.68,9.4,9.58,932900,0.0138,0.0202,8937182.0,6131064.0
2010-03-08,9.62,9.77,9.38,9.68,821600,0.0062,0.0104,7953088.0,6802518.2
2010-03-09,9.61,9.62,9.12,9.14,789500,-0.0489,-0.0558,7216030.0,7456309.8
2010-03-10,9.15,9.39,9.15,9.31,439800,0.0175,0.0186,4094538.0,7867214.8
2010-03-11,9.29,9.39,8.9,9.11,473100,-0.0194,-0.0215,4309941.0,7931855.1
2010-03-12,9.17,9.24,9.07,9.14,400600,-0.0033,0.0033,3661484.0,8062306.8
2010-03-15,9.07,9.08,8.68,9.01,414700,-0.0066,-0.0142,3736447.0,7978260.0
2010-03-16,9.03,9.17,9.0,9.1,338000,0.0078,0.01,3075800.0,6782538.1
2010-03-17,9.1,9.32,9.1,9.17,351500,0.0077,0.0077,3223255.0,5737394.7
2010-03-18,9.1,9.2,8.94,9.04,251400,-0.0066,-0.0142,2272656.0,5194975.0
2010-03-19,8.04,9.06,8.0,8.04,1784600,0.0,-0.1106,14348184.0,4848042.1
2010-03-22,8.03,8.56,7.64,8.33,703000,0.0374,0.0361,5855990.0,5389142.3
2010-03-23,8.31,8.73,8.31,8.69,403300,0.0457,0.0432,3504677.0,5179432.5
2010-03-24,8.62,8.83,8.48,8.6,322500,-0.0023,-0.0104,2773500.0,4808297.2
2010-03-25,8.73,8.79,8.25,8.25,500600,-0.055,-0.0407,4129950.0,4676193.4
2010-03-26,8.33,8.45,7.73,8.05,855300,-0.0336,-0.0242,6885165.0,4658194.3
2010-03-29,8.09,8.32,8.07,8.24,319100,0.0185,0.0236,2629384.0,4980562.4
2010-03-30,8.31,8.57,8.24,8.4,433200,0.0108,0.0194,3638880.0,4869856.1
2010-03-31,8.38,8.78,8.29,8.7,666200,0.0382,0.0357,5795940.0,4926164.1
2010-04-01,8.81,9.15,8.66,8.93,566800,0.0136,0.0264,5061524.0,5183432.6
2010-04-05,9.03,9.18,8.8,9.18,441900,0.0166,0.028,4056642.0,5462319.4
2010-04-06,9.1,9.34,9.05,9.2,357700,0.011,0.0022,3290840.0,4433165.2
2010-04-07,9.17,9.33,9.0,9.12,309200,-0.0055,-0.0087,2819904.0,4176650.2
2010-04-08,9.07,9.3,9.0,9.23,263000,0.0176,0.0121,2427490.0,4108172.9
2010-04-09,9.25,9.4,8.9,9.25,1302300,0.0,0.0022,12046275.0,4073571.9
2010-04-12,9.22,9.33,8.98,9.04,300500,-0.0195,-0.0227,2716520.0,4865204.4
2010-04-13,9.05,9.08,8.82,8.88,292600,-0.0188,-0.0177,2598288.0,4448339.9
2010-04-14,8.99,9.12,8.91,9.1,259500,0.0122,0.0248,2361450.0,4445230.3
2010-04-15,9.11,9.14,9.02,9.07,259800,-0.0044,-0.0033,2356386.0,4317487.3
2010-04-16,9.03,9.04,8.6,8.75,490000,-0.031,-0.0353,4287500.0,3973531.9
2010-04-19,8.73,8.83,8.33,8.59,386100,-0.016,-0.0183,3316599.0,3896129.5
2010-04-20,8.69,9.2,8.69,9.18,394000,0.0564,0.0687,3616920.0,3822125.2
2010-04-21,9.23,9.49,9.11,9.46,528400,0.0249,0.0305,4998664.0,3854733.2
2010-04-22,9.34,9.59,9.1,9.59,298100,0.0268,0.0137,2858779.0,4072609.2
2010-04-23,9.6,9.69,9.41,9.57,295400,-0.0031,-0.0021,2826978.0,4115738.1
2010-04-26,9.58,9.7,9.5,9.52,195800,-0.0063,-0.0052,1864016.0,3193808.4
2010-04-27,9.5,9.7,9.31,9.34,403800,-0.0168,-0.0189,3771492.0,3108558.0
2010-04-28,9.4,9.49,9.17,9.33,257500,-0.0074,-0.0011,2402475.0,3225878.4
2010-04-29,9.49,9.65,9.36,9.65,267100,0.0169,0.0343,2577515.0,3229980.9
2010-04-30,9.71,9.71,9.01,9.03,483700,-0.07,-0.0642,4367811.0,3252093.8
2010-05-03,9.15,9.2,8.68,9.19,421700,0.0044,0.0177,3875423.0,3260124.9
2010-05-04,9.05,9.05,8.44,8.62,528600,-0.0475,-0.062,4556532.0,3316007.3
2010-05-05,8.35,8.5,8.0,8.15,664000,-0.024,-0.0545,5411600.0,3409968.5
2010-05-06,8.09,8.17,6.0,7.32,1060800,-0.0952,-0.1018,7765056.0,3451262.1
2010-05-07,7.5,7.95,7.25,7.44,1103600,-0.008,0.0164,8210784.0,3941889.8
2010-05-10,7.92,8.3,7.7,7.89,614900,-0.0038,0.0605,4851561.0,4480270.4
2010-05-11,7.77,8.42,7.66,8.06,404300,0.0373,0.0215,3258658.0,4779024.9
2010-05-12,8.05,8.5,8.05,8.5,348300,0.0559,0.0546,2960550.0,4727741.5
2010-05-13,8.48,8.63,8.23,8.27,337000,-0.0248,-0.0271,2786990.0,4783549.0
2010-05-14,8.17,8.24,7.81,7.99,710500,-0.022,-0.0339,5676895.0,4804496.5
2010-05-17,8.05,8.23,7.16,7.59,546600,-0.0571,-0.0501,4148694.0,4935404.9
2010-05-18,7.74,7.78,7.11,7.21,497700,-0.0685,-0.0501,3588417.0,4962732.0
2010-05-19,7.13,7.13,6.55,6.78,659800,-0.0491,-0.0596,4473444.0,4865920.5
2010-05-20,6.46,6.46,5.89,6.1,1166400,-0.0557,-0.1003,7115040.0,4772104.9
2010-05-21,5.95,6.66,5.68,6.34,941900,0.0655,0.0393,5971646.0,4707103.3
2010-05-24,6.35,6.65,6.26,6.35,503600,0.0,0.0016,3197860.0,4483189.5
2010-05-25,6.05,6.13,5.79,6.06,671200,0.0017,-0.0457,4067472.0,4317819.4
2010-05-26,6.14,6.73,6.14,6.32,718900,0.0293,0.0429,4543448.0,4398700.8
2010-05-27,6.53,6.95,6.51,6.95,685400,0.0643,0.0997,4763530.0,4556990.6
2010-05-28,6.87,7.17,6.76,6.76,582900,-0.016,-0.0273,3940404.0,4754644.6
2010-06-01,6.68,6.75,5.98,6.03,1108000,-0.0973,-0.108,6681240.0,4580995.5
2010-06-02,6.07,6.53,6.07,6.52,941500,0.0741,0.0813,6138580.0,4834250.1
2010-06-03,6.61,7.06,6.56,6.97,765300,0.0545,0.069,5334141.0,5089266.4
2010-06-04,6.73,7.1,6.41,6.44,918800,-0.0431,-0.076,5917072.0,5175336.1
2010-06-07,6.5,6.54,6.0,6.02,686300,-0.0738,-0.0652,4131526.0,5055539.3
2010-06-08,6.15,6.28,5.87,6.18,748600,0.0049,0.0266,4626348.0,4871527.3
2010-06-09,6.3,6.58,6.08,6.15,653300,-0.0238,-0.0049,4017795.0,5014376.1
2010-06-10,6.4,6.53,6.24,6.51,455500,0.0172,0.0585,2965305.0,5009408.4
2010-06-11,6.48,6.7,6.41,6.7,562400,0.034,0.0292,3768080.0,4851594.1
2010-06-14,6.85,7.03,6.6,6.62,550800,-0.0336,-0.0119,3646296.0,4752049.1
2010-06-15,6.75,6.97,6.67,6.91,381700,0.0237,0.0438,2637547.0,4722638.3
2010-06-16,6.8,7.08,6.6,6.91,451100,0.0162,0.0,3117101.0,4318269.0
2010-06-17,6.93,6.98,6.62,6.87,337300,-0.0087,-0.0058,2317251.0,4016121.1
2010-06-18,6.93,6.94,6.74,6.83,539300,-0.0144,-0.0058,3683419.0,3714432.1
2010-06-21,6.99,7.24,6.67,6.75,641500,-0.0343,-0.0117,4330125.0,3491066.8
2010-06-22,6.8,6.94,6.52,6.59,590100,-0.0309,-0.0237,3888759.0,3510926.7
2010-06-23,6.6,6.8,6.41,6.72,246200,0.0182,0.0197,1654464.0,3437167.8
2010-06-24,6.62,6.84,6.32,6.34,381500,-0.0423,-0.0565,2418710.0,3200834.7
2010-06-25,6.38,6.55,6.21,6.53,753300,0.0235,0.03,4919049.0,3146175.2
2010-06-28,6.53,6.74,6.48,6.69,296000,0.0245,0.0245,1980240.0,3261272.1
2010-06-29,6.52,6.58,6.15,6.22,774300,-0.046,-0.0703,4816146.0,3094666.5
2010-06-30,6.24,6.45,6.15,6.41,700500,0.0272,0.0305,4490205.0,3312526.4
2010-07-01,6.39,6.44,5.95,6.17,603000,-0.0344,-0.0374,3720510.0,3449836.8
2010-07-02,6.22,6.29,5.87,5.98,556500,-0.0386,-0.0308,3327870.0,3590162.7
2010-07-06,6.12,6.33,5.6,5.65,743100,-0.0768,-0.0552,4198515.0,3554607.8
2010-07-07,5.64,6.1,5.64,6.07,656400,0.0762,0.0743,3984348.0,3541446.8
2010-07-08,6.19,6.23,5.93,6.22,455700,0.0048,0.0247,2834454.0,3551005.7
2010-07-09,6.19,6.36,6.11,6.34,294800,0.0242,0.0193,1869032.0,3669004.7
2010-07-12,6.28,6.4,6.04,6.15,248900,-0.0207,-0.03,1530735.0,3614036.9
2010-07-13,6.3,6.49,6.2,6.47,449400,0.027,0.052,2907618.0,3275205.5
2010-07-14,6.42,6.6,6.29,6.47,435400,0.0078,0.0,2817038.0,3367943.3
2010-07-15,6.47,6.61,6.22,6.42,257300,-0.0077,-0.0077,1651866.0,3168032.5
2010-07-16,6.32,6.46,6.16,6.26,570400,-0.0095,-0.0249,3570704.0,2884198.6
2010-07-19,6.26,6.35,6.01,6.26,430100,0.0,0.0,2692426.0,2869218.0
2010-07-20,6.09,6.37,6.06,6.34,309700,0.0411,0.0128,1963498.0,2805673.6
2010-07-21,6.44,6.46,6.09,6.12,301800,-0.0497,-0.0347,1847016.0,2582171.9
2010-07-22,6.26,6.39,6.13,6.3,357700,0.0064,0.0294,2253510.0,2368438.7
2010-07-23,6.26,6.48,6.18,6.48,340900,0.0351,0.0286,2209032.0,2310344.3
2010-07-26,6.48,6.67,6.36,6.66,545000,0.0278,0.0278,3629700.0,2344344.3
2010-07-27,6.72,7.15,6.7,7.07,810200,0.0521,0.0616,5728114.0,2554240.8
2010-07-28,7.02,7.5,7.02,7.32,880900,0.0427,0.0354,6448188.0,2836290.4
2010-07-29,7.36,7.58,7.36,7.57,917500,0.0285,0.0342,6945475.0,3199405.4
2010-07-30,7.47,7.83,7.46,7.74,831300,0.0361,0.0225,6434262.0,3728766.3
2010-08-02,7.92,8.37,7.87,8.33,1099200,0.0518,0.0762,9156336.0,4015122.1
2010-08-03,8.26,8.42,7.94,8.01,812900,-0.0303,-0.0384,6511329.0,4661513.1
2010-08-04,8.06,8.31,7.89,7.98,660200,-0.0099,-0.0037,5268396.0,5116296.2
2010-08-05,7.95,8.09,7.8,7.92,323300,-0.0038,-0.0075,2560536.0,5458434.2
2010-08-06,8.05,8.48,7.93,8.45,752600,0.0497,0.0669,6359470.0,5489136.8
2010-08-09,8.49,8.5,8.26,8.41,568200,-0.0094,-0.0047,4778562.0,5904180.6
2010-08-10,8.23,8.3,7.95,8.07,565200,-0.0194,-0.0404,4561164.0,6019066.8
2010-08-11,7.88,8.01,7.51,7.6,781800,-0.0355,-0.0582,5941680.0,5902371.8
2010-08-12,7.36,7.64,7.26,7.51,485300,0.0204,-0.0118,3644603.0,5851721.0
2010-08-13,7.45,7.56,7.25,7.29,494300,-0.0215,-0.0293,3603447.0,5521633.8
2010-08-16,7.26,7.36,7.04,7.16,832700,-0.0138,-0.0178,5962132.0,5238552.3
2010-08-17,7.29,7.42,7.12,7.35,719400,0.0082,0.0265,5287590.0,4919131.9
2010-08-18,7.32,7.41,7.18,7.41,334600,0.0123,0.0082,2479386.0,4796758.0
2010-08-19,7.34,7.37,7.15,7.25,956800,-0.0123,-0.0216,6936800.0,4517857.0
2010-08-20,7.18,7.3,7.0,7.18,448600,0.0,-0.0097,3220948.0,4955483.4
2010-08-23,7.24,7.24,6.89,6.97,436100,-0.0373,-0.0292,3039617.0,4641631.2
2010-08-24,6.82,7.04,6.74,6.91,738800,0.0132,-0.0086,5105108.0,4467736.7
2010-08-25,6.82,6.91,6.62,6.89,513900,0.0103,-0.0029,3540771.0,4522131.1
2010-08-26,6.95,7.11,6.95,7.08,775400,0.0187,0.0276,5489832.0,4282040.2
2010-08-27,7.14,7.41,7.1,7.39,418600,0.035,0.0438,3093454.0,4466563.1
2010-08-30,7.31,7.42,7.04,7.06,368100,-0.0342,-0.0447,2598786.0,4415563.8
2010-08-31,7.05,7.53,7.01,7.41,608500,0.0511,0.0496,4508985.0,4079229.2
2010-09-01,7.55,7.84,7.46,7.82,646200,0.0358,0.0553,5053284.0,4001368.7
2010-09-02,7.77,7.86,7.62,7.69,467700,-0.0103,-0.0166,3596613.0,4258758.5
2010-09-03,7.82,7.85,7.68,7.71,422200,-0.0141,0.0026,3255162.0,3924739.8
2010-09-07,7.66,7.77,7.51,7.68,336600,0.0026,-0.0039,2585088.0,3928161.2
2010-09-08,7.71,8.25,7.71,8.17,726700,0.0597,0.0638,5937139.0,3882708.3
2010-09-09,8.23,8.23,7.85,8.15,515800,-0.0097,-0.0024,4203770.0,3965911.4
2010-09-10,8.15,8.35,8.01,8.18,294600,0.0037,0.0037,2409828.0,4032211.3
2010-09-13,8.31,8.47,8.27,8.39,440300,0.0096,0.0257,3694117.0,3724210.9
2010-09-14,8.32,8.46,8.17,8.35,294500,0.0036,-0.0048,2459075.0,3784277.2
2010-09-15,8.26,8.32,8.15,8.22,435900,-0.0048,-0.0156,3583098.0,3770306.1
2010-09-16,8.16,8.35,8.0,8.11,298000,-0.0061,-0.0134,2416780.0,3677717.4
2010-09-17,8.21,8.21,7.85,7.87,389800,-0.0414,-0.0296,3067726.0,3414067.0
2010-09-20,7.88,8.2,7.81,8.19,405100,0.0393,0.0407,3317769.0,3361178.3
2010-09-21,8.14,8.2,8.03,8.1,388100,-0.0049,-0.011,3143610.0,3367439.0
2010-09-22,8.06,8.12,7.72,7.75,357700,-0.0385,-0.0432,2772175.0,3423291.2
2010-09-23,7.64,7.85,7.57,7.62,280400,-0.0026,-0.0168,2136648.0,3106794.8
2010-09-24,7.75,7.98,7.72,7.96,297900,0.0271,0.0446,2371284.0,2900082.6
2010-09-27,7.89,7.95,7.68,7.76,171800,-0.0165,-0.0251,1333168.0,2896228.2
2010-09-28,7.8,7.92,7.65,7.77,202200,-0.0038,0.0013,1571094.0,2660133.3
2010-09-29,7.74,7.95,7.68,7.87,232800,0.0168,0.0129,1832136.0,2571335.2
2010-09-30,7.92,8.0,7.73,7.9,273700,-0.0025,0.0038,2162230.0,2396239.0
2010-10-01,8.0,8.0,7.82,7.93,172900,-0.0088,0.0038,1371097.0,2370784.0
2010-10-04,7.92,8.1,7.75,7.82,355100,-0.0126,-0.0139,2776882.0,2201121.1
2010-10-05,7.99,8.1,7.88,8.05,335000,0.0075,0.0294,2696750.0,2147032.4
2010-10-06,8.06,8.2,7.81,8.05,352700,-0.0012,0.0,2839235.0,2102346.4
2010-10-07,8.18,8.18,7.99,8.02,155200,-0.0196,-0.0037,1244704.0,2109052.4
2010-10-08,8.03,8.37,8.01,8.28,416700,0.0311,0.0324,3450276.0,2019858.0
2010-10-11,7.83,8.24,7.82,8.2,356400,0.0473,-0.0097,2922480.0,2127757.2
2010-10-12,8.14,8.23,8.02,8.1,226100,-0.0049,-0.0122,1831410.0,2286688.4
2010-10-13,8.17,8.4,8.13,8.3,408100,0.0159,0.0247,3387230.0,2312720.0
2010-10-14,8.3,8.37,8.17,8.27,180700,-0.0036,-0.0036,1494389.0,2468229.4
2010-10-15,8.37,8.37,8.0,8.11,264200,-0.0311,-0.0193,2142662.0,2401445.3
2010-10-18,8.1,8.15,8.03,8.05,179600,-0.0062,-0.0074,1445780.0,2478601.8
2010-10-19,8.0,8.15,7.87,7.99,453100,-0.0012,-0.0075,3620269.0,2345491.6
2010-10-20,8.08,8.21,8.01,8.1,326400,0.0025,0.0138,2643840.0,2437843.5
2010-10-21,8.14,8.2,7.9,8.08,330800,-0.0074,-0.0025,2672864.0,2418304.0
2010-10-22,8.16,8.16,7.97,8.12,154100,-0.0049,0.005,1251292.0,2561120.0
2010-10-25,8.19,8.28,8.06,8.11,146200,-0.0098,-0.0012,1185682.0,2341221.6
2010-10-26,8.06,8.34,8.03,8.34,271800,0.0347,0.0284,2266812.0,2167541.8
2010-10-27,8.26,8.38,8.14,8.22,275600,-0.0048,-0.0144,2265432.0,2211082.0
2010-10-28,8.29,8.3,8.12,8.23,179400,-0.0072,0.0012,1476462.0,2098902.2
2010-10-29,8.17,8.25,8.11,8.11,170400,-0.0073,-0.0146,1381944.0,2097109.5
2010-11-01,8.13,8.25,8.1,8.18,258200,0.0062,0.0086,2112076.0,2021037.7
2010-11-02,8.28,8.28,8.16,8.25,185300,-0.0036,0.0086,1528725.0,2087667.3
2010-11-03,8.27,8.33,8.13,8.33,240200,0.0073,0.0097,2000866.0,1878512.9
2010-11-04,8.48,8.8,8.35,8.78,651700,0.0354,0.054,5721926.0,1814215.5
2010-11-05,8.79,8.91,8.7,8.89,308000,0.0114,0.0125,2738120.0,2119121.7
2010-11-08,8.85,8.95,8.51,8.95,244400,0.0113,0.0067,2187380.0,2267804.5
2010-11-09,8.95,8.99,8.63,8.76,411000,-0.0212,-0.0212,3600360.0,2367974.3
2010-11-10,8.76,9.64,8.48,9.64,826300,0.1005,0.1005,7965532.0,2501329.1
2010-11-11,9.49,10.05,9.36,9.68,666300,0.02,0.0041,6449784.0,3071339.1
2010-11-12,9.64,9.76,9.22,9.22,422800,-0.0436,-0.0475,3898216.0,3568671.3
2010-11-15,9.33,9.62,9.3,9.37,184000,0.0043,0.0163,1724080.0,3820298.5
2010-11-16,9.25,9.34,9.01,9.17,366300,-0.0086,-0.0213,3358971.0,3781498.9
2010-11-17,9.23,9.5,9.19,9.36,221000,0.0141,0.0207,2068560.0,3964523.5
2010-11-18,9.49,9.75,9.49,9.61,247400,0.0126,0.0267,2377514.0,3971292.9
2010-11-19,9.6,9.8,9.5,9.78,289900,0.0188,0.0177,2835222.0,3636851.7
2010-11-22,9.67,9.92,9.52,9.7,362000,0.0031,-0.0082,3511400.0,3646561.9
2010-11-23,9.53,9.63,9.37,9.45,259800,-0.0084,-0.0258,2455110.0,3778963.9
2010-11-24,9.55,9.62,9.44,9.49,277900,-0.0063,0.0042,2637271.0,3664438.9
2010-11-26,9.41,9.53,9.3,9.35,65600,-0.0064,-0.0148,613360.0,3131612.8
2010-11-29,9.44,9.44,9.18,9.34,340900,-0.0106,-0.0011,3184006.0,2547970.4
2010-11-30,9.24,9.38,9.1,9.25,383400,0.0011,-0.0096,3546450.0,2476549.4
2010-12-01,9.5,9.5,9.33,9.43,175600,-0.0074,0.0195,1655908.0,2658786.4
2010-12-02,9.42,9.64,9.41,9.52,186600,0.0106,0.0095,1776432.0,2488480.1
2010-12-03,9.41,9.61,9.36,9.52,171000,0.0117,0.0,1627920.0,2459267.3
2010-12-06,9.47,9.56,9.34,9.51,231800,0.0042,-0.0011,2204418.0,2384307.9
2010-12-07,9.65,9.8,9.35,9.37,317600,-0.029,-0.0147,2975912.0,2321227.5
2010-12-08,9.4,9.47,9.11,9.17,307100,-0.0245,-0.0213,2816107.0,2267678.7
2010-12-09,9.28,9.35,8.97,9.13,262500,-0.0162,-0.0044,2396625.0,2303778.4
2010-12-10,9.32,9.33,9.12,9.21,418900,-0.0118,0.0088,3858069.0,2279713.8
2010-12-13,9.3,9.32,9.0,9.0,282300,-0.0323,-0.0228,2540700.0,2604184.7
2010-12-14,9.0,9.07,8.81,9.0,262200,0.0,0.0,2359800.0,2539854.1
2010-12-15,8.94,9.11,8.89,8.95,162400,0.0011,-0.0056,1453480.0,2421189.1
2010-12-16,8.96,9.04,8.8,8.88,203800,-0.0089,-0.0078,1809744.0,2400946.3
2010-12-17,8.86,8.91,8.53,8.68,696800,-0.0203,-0.0225,6048224.0,2404277.5
2010-12-20,8.66,8.97,8.6,8.77,233900,0.0127,0.0104,2051303.0,2846307.9
2010-12-21,8.78,9.0,8.61,8.99,241400,0.0239,0.0251,2170186.0,2830996.4
2010-12-22,9.04,9.12,8.98,9.03,141600,-0.0011,0.0044,1278648.0,2750423.8
2010-12-23,9.02,9.18,8.83,9.09,178600,0.0078,0.0066,1623474.0,2596677.9
2010-12-27,9.04,9.05,8.89,8.96,80500,-0.0088,-0.0143,721280.0,2519362.8
2010-12-28,9.0,9.02,8.75,8.82,127500,-0.02,-0.0156,1124550.0,2205683.9
2010-12-29,8.89,9.17,8.85,9.08,190700,0.0214,0.0295,1731556.0,2064068.9
2010-12-30,9.05,9.13,8.81,8.81,139000,-0.0265,-0.0297,1224590.0,2001244.5
2010-12-31,8.81,8.96,8.78,8.86,141400,0.0057,0.0057,1252804.0,1978355.5
2011-01-03,9.01,9.18,8.95,9.08,303100,0.0078,0.0248,2752148.0,1922661.5
2011-01-04,9.14,9.17,8.74,8.85,168100,-0.0317,-0.0253,1487685.0,1593053.9
2011-01-05,8.81,8.92,8.7,8.92,159500,0.0125,0.0079,1422740.0,1536692.1
2011-01-06,8.92,8.95,8.71,8.74,140800,-0.0202,-0.0202,1230592.0,1461947.5
2011-01-07,8.78,8.84,8.56,8.7,133200,-0.0091,-0.0046,1158840.0,1457141.9
2011-01-10,8.63,8.88,8.61,8.83,321200,0.0232,0.0149,2836196.0,1410678.5
2011-01-11,8.88,8.95,8.59,8.79,186300,-0.0101,-0.0045,1637577.0,1622170.1
2011-01-12,8.89,8.99,8.78,8.91,199600,0.0022,0.0137,1778436.0,1673472.8
2011-01-13,8.88,8.99,8.81,8.95,125400,0.0079,0.0045,1122330.0,1678160.8
2011-01-14,8.96,9.0,8.86,8.96,157000,0.0,0.0011,1406720.0,1667934.8
2011-01-18,8.96,9.0,8.81,8.85,130800,-0.0123,-0.0123,1157580.0,1683326.4
2011-01-19,8.81,8.94,8.6,8.64,227800,-0.0193,-0.0237,1968192.0,1523869.6
2011-01-20,8.58,8.65,8.5,8.51,151500,-0.0082,-0.015,1289265.0,1571920.3
2011-01-21,8.55,8.55,8.37,8.41,232100,-0.0164,-0.0118,1951961.0,1558572.8
2011-01-24,8.39,8.61,8.39,8.5,181400,0.0131,0.0107,1541900.0,1630709.7
2011-01-25,8.47,8.55,8.36,8.53,139900,0.0071,0.0035,1193347.0,1669015.7
2011-01-26,8.53,8.86,8.53,8.66,240400,0.0152,0.0152,2081864.0,1504730.8
2011-01-27,8.58,8.64,8.4,8.55,116000,-0.0035,-0.0127,991800.0,1549159.5
2011-01-28,8.5,8.57,8.29,8.52,334300,0.0024,-0.0035,2848236.0,1470495.9
2011-01-31,8.54,8.61,8.33,8.46,268600,-0.0094,-0.007,2272356.0,1643086.5
2011-02-01,8.52,8.86,8.45,8.8,511100,0.0329,0.0402,4497680.0,1729650.1
2011-02-02,8.78,8.86,8.62,8.68,155200,-0.0114,-0.0136,1347136.0,2063660.1
2011-02-03,8.69,8.69,8.49,8.53,242600,-0.0184,-0.0173,2069378.0,2001554.5
2011-02-04,8.54,8.64,8.4,8.51,145400,-0.0035,-0.0023,1237354.0,2079565.8
2011-02-07,8.55,8.62,8.45,8.49,137900,-0.007,-0.0024,1170771.0,2008105.1
2011-02-08,8.47,8.49,8.41,8.45,162700,-0.0024,-0.0047,1374815.0,1970992.2
2011-02-09,8.4,8.51,8.36,8.46,200400,0.0071,0.0012,1695384.0,1989139.0
2011-02-10,8.42,8.6,8.42,8.51,246100,0.0107,0.0059,2094311.0,1950491.0
2011-02-11,8.5,8.71,8.48,8.65,211100,0.0176,0.0165,1826015.0,2060742.1
2011-02-14,8.64,8.99,8.55,8.94,529900,0.0347,0.0335,4737306.0,1958520.0
2011-02-15,8.88,9.17,8.83,9.1,767500,0.0248,0.0179,6984250.0,2205015.0
2011-02-16,9.17,9.46,9.07,9.4,712400,0.0251,0.033,6696560.0,2453672.0
2011-02-17,9.43,9.91,9.14,9.77,435400,0.0361,0.0394,4253858.0,2988614.4
2011-02-18,9.8,10.04,9.62,9.75,453100,-0.0051,-0.002,4417725.0,3207062.4
2011-02-22,9.62,9.64,9.15,9.18,436200,-0.0457,-0.0585,4004316.0,3525099.5
2011-02-23,9.22,9.59,9.06,9.23,260900,0.0011,0.0054,2408107.0,3808454.0
2011-02-24,9.26,9.47,9.02,9.21,197500,-0.0054,-0.0022,1818975.0,3911783.2
2011-02-25,9.22,9.6,9.17,9.59,332000,0.0401,0.0413,3183880.0,3924142.3
2011-02-28,9.77,10.49,9.76,10.28,934700,0.0522,0.0719,9608716.0,4033099.2
2011-03-01,10.37,10.46,9.85,9.89,525500,-0.0463,-0.0379,5197195.0,4811369.3
2011-03-02,9.92,10.35,9.85,10.2,264700,0.0282,0.0313,2699940.0,4857358.2
2011-03-03,10.37,10.5,10.26,10.35,419100,-0.0019,0.0147,4337685.0,4428927.2
2011-03-04,10.34,10.49,10.19,10.4,246900,0.0058,0.0048,2567760.0,4193039.7
2011-03-07,10.48,10.5,10.0,10.25,231200,-0.0219,-0.0144,2369800.0,4024429.9
2011-03-08,10.24,10.41,10.0,10.24,179900,0.0,-0.001,1842176.0,3819637.4
2011-03-09,10.23,10.39,10.15,10.27,124900,0.0039,0.0029,1282723.0,3603423.4
2011-03-10,10.1,10.17,9.51,9.81,487300,-0.0287,-0.0448,4780413.0,3490885.0
2011-03-11,9.76,9.96,9.59,9.74,276400,-0.002,-0.0071,2692136.0,3787028.8
2011-03-14,9.75,9.96,9.51,9.76,189700,0.001,0.0021,1851472.0,3737854.4
2011-03-15,9.42,9.67,9.15,9.35,298000,-0.0074,-0.042,2786300.0,2962130.0
2011-03-16,9.35,9.59,9.14,9.16,415600,-0.0203,-0.0203,3806896.0,2721040.5
2011-03-17,9.43,9.78,9.24,9.75,381400,0.0339,0.0644,3718650.0,2831736.1
2011-03-18,9.88,10.07,9.81,10.03,502800,0.0152,0.0287,5043084.0,2769832.6
2011-03-21,10.19,10.53,10.03,10.52,502000,0.0324,0.0489,5281040.0,3017365.0
2011-03-22,10.5,10.5,10.08,10.24,243200,-0.0248,-0.0266,2490368.0,3308489.0
2011-03-23,10.21,10.43,10.11,10.23,312400,0.002,-0.001,3195852.0,3373308.2
2011-03-24,10.27,10.28,9.95,10.01,264900,-0.0253,-0.0215,2651649.0,3564621.1
2011-03-25,10.05,10.65,10.02,10.42,473900,0.0368,0.041,4938038.0,3351744.7
2011-03-28,10.42,10.62,10.04,10.05,473800,-0.0355,-0.0355,4761690.0,3576334.9
2011-03-29,10.04,10.3,9.91,10.03,206400,-0.001,-0.002,2070192.0,3867356.7
2011-03-30,9.99,10.19,9.9,10.03,345700,0.004,0.0,3467371.0,3795745.9
2011-03-31,10.04,10.15,9.91,9.94,173000,-0.01,-0.009,1719620.0,3761793.4
2011-04-01,10.06,10.1,9.82,10.03,282300,-0.003,0.0091,2831469.0,3561890.4
2011-04-04,10.08,10.22,10.05,10.16,220100,0.0079,0.013,2236216.0,3340728.9
2011-04-05,10.14,10.22,10.03,10.12,302900,-0.002,-0.0039,3065348.0,3036246.5
2011-04-06,10.18,10.2,9.87,10.05,249100,-0.0128,-0.0069,2503455.0,3093744.5
2011-04-07,10.06,10.13,9.92,9.94,165800,-0.0119,-0.0109,1648052.0,3024504.8
2011-04-08,10.04,10.09,9.85,9.91,236300,-0.0129,-0.003,2341733.0,2924145.1
2011-04-11,10.03,10.04,9.66,9.66,251500,-0.0369,-0.0252,2429490.0,2664514.6
2011-04-12,9.55,9.61,9.18,9.53,488500,-0.0021,-0.0135,4655405.0,2431294.6
2011-04-13,9.65,9.89,9.51,9.62,179400,-0.0031,0.0094,1725828.0,2689815.9
2011-04-14,9.5,9.61,9.34,9.42,191300,-0.0084,-0.0208,1802046.0,2515661.6
2011-04-15,9.4,9.74,9.32,9.53,188400,0.0138,0.0117,1795452.0,2523904.2
2011-04-18,9.36,9.56,9.27,9.46,170000,0.0107,-0.0073,1608200.0,2420302.5
2011-04-19,9.47,9.58,9.34,9.42,189300,-0.0053,-0.0042,1783206.0,2357500.9
2011-04-20,9.61,9.99,9.6,9.92,377200,0.0323,0.0531,3741824.0,2229286.7
2011-04-21,9.99,9.99,9.78,9.93,114400,-0.006,0.001,1135992.0,2353123.6
2011-04-25,9.9,10.13,9.76,10.07,144100,0.0172,0.0141,1451087.0,2301917.6
2011-04-26,10.12,10.5,9.95,10.27,420300,0.0148,0.0199,4316481.0,2212853.0
2011-04-27,10.3,10.5,10.21,10.41,261500,0.0107,0.0136,2722215.0,2401552.1
2011-04-28,10.32,10.5,10.32,10.5,170000,0.0174,0.0086,1785000.0,2208233.1
2011-04-29,10.5,10.7,10.15,10.55,263000,0.0048,0.0048,2774650.0,2214150.3
2011-05-02,10.58,10.94,10.45,10.65,542600,0.0066,0.0095,5778690.0,2311410.7
2011-05-03,10.63,10.69,10.09,10.18,219500,-0.0423,-0.0441,2234510.0,2709734.5
2011-05-04,10.14,10.23,9.67,9.83,323400,-0.0306,-0.0344,3179022.0,2772365.5
2011-05-05,9.62,9.9,9.3,9.46,524200,-0.0166,-0.0376,4958932.0,2911947.1
2011-05-06,9.61,10.07,9.49,9.5,516100,-0.0114,0.0042,4902950.0,3033657.9
2011-05-09,9.5,9.97,9.5,9.88,288000,0.04,0.04,2845440.0,3410353.7
2011-05-10,9.93,10.16,9.83,9.98,215600,0.005,0.0101,2151688.0,3549789.0
2011-05-11,9.92,10.02,9.61,9.62,246600,-0.0302,-0.0361,2372292.0,3333309.7
2011-05-12,9.52,9.7,9.31,9.45,321000,-0.0074,-0.0177,3033450.0,3298317.4
2011-05-13,9.45,9.62,9.2,9.21,215500,-0.0254,-0.0254,1984755.0,3423162.4
2011-05-16,9.16,9.46,9.03,9.05,211000,-0.012,-0.0174,1909550.0,3344172.9
2011-05-17,9.01,9.15,8.81,9.02,292400,0.0011,-0.0033,2637448.0,2957258.9
2011-05-18,9.06,9.45,9.06,9.36,133300,0.0331,0.0377,1247688.0,2997552.7
2011-05-19,9.46,9.6,9.25,9.43,216400,-0.0032,0.0075,2040652.0,2804419.3
2011-05-20,9.37,9.49,9.1,9.4,217100,0.0032,-0.0032,2040740.0,2512591.3
2011-05-23,9.19,9.3,9.01,9.28,356200,0.0098,-0.0128,3305536.0,2226370.3
2011-05-24,9.34,9.48,9.12,9.13,209000,-0.0225,-0.0162,1908170.0,2272379.9
2011-05-25,9.07,10.25,9.0,10.16,1495600,0.1202,0.1128,15195296.0,2248028.1
2011-05-26,10.29,10.94,10.16,10.42,1392700,0.0126,0.0256,14511934.0,3530328.5
2011-05-27,10.48,10.99,10.44,10.94,557400,0.0439,0.0499,6097956.0,4678176.9
2011-05-31,11.06,11.5,10.9,11.29,792500,0.0208,0.032,8947325.0,5089497.0
2011-06-01,11.21,11.6,11.13,11.41,966200,0.0178,0.0106,11024342.0,5793274.5
2011-06-02,11.08,11.52,10.75,11.35,808100,0.0244,-0.0053,9171935.0,6631963.9
2011-06-03,11.1,11.45,10.85,11.36,431400,0.0234,0.0009,4900704.0,7424388.6
2011-06-06,11.35,11.45,10.96,10.99,410500,-0.0317,-0.0326,4511395.0,7710393.8
2011-06-07,11.13,11.45,10.96,11.25,402900,0.0108,0.0237,4532625.0,7957459.3
2011-06-08,11.23,11.48,11.03,11.37,422200,0.0125,0.0107,4800414.0,8080168.2
2011-06-09,11.45,11.45,10.99,11.0,554500,-0.0393,-0.0325,6099500.0,8369392.6
2011-06-10,10.91,11.28,10.75,11.06,552500,0.0137,0.0055,6110650.0,7459813.0
2011-06-13,11.4,11.41,10.7,11.0,523000,-0.0351,-0.0054,5753000.0,6619684.6
2011-06-14,11.19,11.87,11.15,11.6,730500,0.0366,0.0545,8473800.0,6585189.0
2011-06-15,11.46,11.79,11.07,11.28,328600,-0.0157,-0.0276,3706608.0,6537836.5
2011-06-16,11.26,11.38,10.64,10.97,675700,-0.0258,-0.0275,7412429.0,5806063.1
2011-06-17,11.07,11.15,10.48,10.75,856900,-0.0289,-0.0201,9211675.0,5630112.5
2011-06-20,10.68,10.96,10.53,10.91,348700,0.0215,0.0149,3804317.0,6061209.6
2011-06-21,10.99,11.23,10.85,11.09,435600,0.0091,0.0165,4830804.0,5990501.8
2011-06-22,11.03,11.18,10.87,10.88,336200,-0.0136,-0.0189,3657856.0,6020319.7
2011-06-23,10.65,11.25,10.57,11.23,461800,0.0545,0.0322,5186014.0,5906063.9
2011-06-24,11.22,11.29,10.84,11.0,1694000,-0.0196,-0.0205,18634000.0,5814715.3
2011-06-27,10.94,11.16,10.93,11.03,267900,0.0082,0.0027,2954937.0,7067050.3
2011-06-28,11.11,11.44,10.99,11.3,291400,0.0171,0.0245,3292820.0,6787244.0
2011-06-29,11.32,12.0,11.08,11.86,593900,0.0477,0.0496,7043654.0,6269146.0
2011-06-30,11.87,12.25,11.49,11.9,404500,0.0025,0.0034,4813550.0,6602850.6
2011-07-01,11.87,12.05,11.7,11.85,218000,-0.0017,-0.0042,2583300.0,6342962.7
2011-07-05,11.82,12.37,11.76,11.98,326200,0.0135,0.011,3907876.0,5680125.2
2011-07-06,11.89,12.15,11.81,12.13,340200,0.0202,0.0125,4126626.0,5690481.1
2011-07-07,12.24,13.11,12.14,12.71,653900,0.0384,0.0478,8311069.0,5620063.3
2011-07-08,12.5,12.81,12.4,12.74,429800,0.0192,0.0024,5475652.0,6085384.6
2011-07-11,12.56,12.64,12.3,12.36,350400,-0.0159,-0.0298,4330944.0,6114348.4
2011-07-12,12.31,12.61,12.2,12.36,310500,0.0041,0.0,3837780.0,4684042.8
2011-07-13,12.45,12.76,12.35,12.51,239800,0.0048,0.0121,2999898.0,4772327.1
2011-07-14,12.59,12.81,12.26,12.44,303800,-0.0119,-0.0056,3779272.0,4743034.9
2011-07-15,12.55,13.0,12.55,12.87,354200,0.0255,0.0346,4558554.0,4416596.7
2011-07-18,12.76,12.98,12.5,12.87,304400,0.0086,0.0,3917628.0,4391097.1
2011-07-19,13.02,13.6,13.02,13.57,426600,0.0422,0.0544,5788962.0,4524529.9
2011-07-20,13.63,13.9,13.46,13.72,297300,0.0066,0.0111,4078956.0,4712638.5
2011-07-21,13.8,13.99,13.56,13.69,426400,-0.008,-0.0022,5837416.0,4707871.5
2011-07-22,13.72,13.95,13.41,13.68,220300,-0.0029,-0.0007,3013704.0,4460506.2
2011-07-25,13.46,13.79,13.33,13.61,275600,0.0111,-0.0051,3750916.0,4214311.4
2011-07-26,13.64,14.09,13.45,13.71,417700,0.0051,0.0073,5726667.0,4156308.6
2011-07-27,13.61,14.06,13.2,14.0,1153600,0.0287,0.0212,16150400.0,4345197.3
2011-07-28,13.87,14.6,13.7,14.49,572600,0.0447,0.035,8296974.0,5660247.5
2011-07-29,14.31,14.96,14.0,14.6,796500,0.0203,0.0076,11628900.0,6112017.7
2011-08-01,14.88,15.14,14.64,15.04,740400,0.0108,0.0301,11135616.0,6819052.3
2011-08-02,15.01,15.3,14.21,14.24,783800,-0.0513,-0.0532,11161312.0,7540851.1
2011-08-03,14.35,14.35,12.95,13.39,1700000,-0.0669,-0.0597,22763000.0,8078086.1
2011-08-04,13.19,13.19,11.2,11.45,1909300,-0.1319,-0.1449,21861485.0,9946490.5
2011-08-05,11.18,11.57,9.5,11.1,1928700,-0.0072,-0.0306,21408570.0,11548897.4
2011-08-08,10.19,10.6,8.99,9.5,1536900,-0.0677,-0.1441,14600550.0,13388384.0
2011-08-09,9.74,11.41,9.5,10.81,1690500,0.1099,0.1379,18274305.0,14473347.4
2011-08-10,10.53,12.05,10.21,11.23,1756200,0.0665,0.0389,19722126.0,15728111.2
2011-08-11,11.23,11.87,10.85,11.34,1568100,0.0098,0.0098,17782254.0,16085283.8
2011-08-12,11.52,11.8,10.79,10.8,881000,-0.0625,-0.0476,9514800.0,17033811.8
2011-08-15,10.98,11.13,10.58,10.85,1830700,-0.0118,0.0046,19863095.0,16822401.8
2011-08-16,10.68,10.75,10.15,10.29,975100,-0.0365,-0.0516,10033779.0,17695149.7
2011-08-17,10.46,10.46,9.96,10.06,1177500,-0.0382,-0.0224,11845650.0,17582396.4
2011-08-18,9.75,9.91,9.15,9.23,1611200,-0.0533,-0.0825,14871376.0,16490661.4
2011-08-19,9.06,9.36,8.82,9.02,1822100,-0.0044,-0.0228,16435342.0,15791650.5
2011-08-22,9.26,9.38,8.59,8.62,788800,-0.0691,-0.0443,6799456.0,15294327.7
2011-08-23,8.64,8.87,8.33,8.75,1169000,0.0127,0.0151,10228750.0,14514218.3
2011-08-24,8.69,9.47,8.69,9.41,763900,0.0829,0.0754,7188299.0,13709662.8
2011-08-25,9.47,9.76,9.41,9.5,959300,0.0032,0.0096,9113350.0,12456280.1
2011-08-26,9.38,9.88,9.18,9.79,510000,0.0437,0.0305,4992900.0,11589389.7
2011-08-29,9.93,10.22,9.81,10.21,596900,0.0282,0.0429,6094349.0,11137199.7
2011-08-30,10.09,11.12,9.95,11.0,1533200,0.0902,0.0774,16865200.0,9760325.1
2011-08-31,11.12,11.74,11.01,11.69,2832400,0.0513,0.0627,33110756.0,10443467.2
2011-09-01,11.62,12.3,11.35,11.57,2525500,-0.0043,-0.0103,29220035.0,12569977.8
2011-09-02,11.32,11.74,11.03,11.33,856200,0.0009,-0.0207,9700746.0,14004843.7
2011-09-06,10.9,11.3,10.57,11.26,880900,0.033,-0.0062,9918934.0,13331384.1
2011-09-07,11.86,12.8,11.86,12.68,2124100,0.0691,0.1261,26933588.0,13643331.9
2011-09-08,12.55,13.18,12.16,12.93,1322500,0.0303,0.0197,17099925.0,15313815.7
2011-09-09,12.91,13.17,12.52,12.77,1656400,-0.0108,-0.0124,21152228.0,16304978.3
2011-09-12,12.52,12.9,12.23,12.79,791800,0.0216,0.0016,10127122.0,17508866.1
2011-09-13,12.85,13.16,12.62,12.97,1203000,0.0093,0.0141,15602910.0,18022288.3
2011-09-14,13.11,13.43,12.77,13.15,474900,0.0031,0.0139,6244935.0,18973144.4
2011-09-15,13.38,14.6,13.1,14.54,2005800,0.0867,0.1057,29164332.0,17911117.9
2011-09-16,14.6,15.25,14.31,15.14,3586900,0.037,0.0413,54305666.0,17516475.5
2011-09-19,14.79,14.83,13.92,14.56,926400,-0.0156,-0.0383,13488384.0,20025038.6
2011-09-20,14.78,14.84,14.15,14.24,701200,-0.0365,-0.022,9985088.0,20403802.4
2011-09-21,14.47,14.98,14.21,14.24,957200,-0.0159,0.0,13630528.0,20410417.8
2011-09-22,13.66,14.0,12.97,13.87,980700,0.0154,-0.026,13602309.0,19080111.8
2011-09-23,13.6,14.47,13.6,14.36,641000,0.0559,0.0353,9204760.0,18730350.2
2011-09-26,14.35,14.49,13.78,14.44,451500,0.0063,0.0056,6519660.0,17535603.4
2011-09-27,14.72,14.99,14.27,14.45,628900,-0.0183,0.0007,9087605.0,17174857.2
2011-09-28,14.39,14.6,13.71,13.75,713300,-0.0445,-0.0484,9807875.0,16523326.7
2011-09-29,14.12,14.35,13.55,14.13,435300,0.0007,0.0276,6150789.0,16879620.7
2011-09-30,13.8,13.98,13.45,13.48,390400,-0.0232,-0.046,5262592.0,14578266.4
2011-10-03,13.28,13.35,12.12,12.14,915600,-0.0858,-0.0994,11115384.0,9673959.0
2011-10-04,11.87,12.37,11.44,12.35,1187700,0.0404,0.0173,14668095.0,9436659.0
2011-10-05,12.06,12.74,11.9,12.59,622300,0.0439,0.0194,7834757.0,9904959.7
2011-10-06,12.51,13.18,12.36,13.08,351000,0.0456,0.0389,4591080.0,9325382.6
2011-10-07,13.07,13.29,12.61,12.82,377100,-0.0191,-0.0199,4834422.0,8424259.7
2011-10-10,13.09,13.79,12.94,13.46,478500,0.0283,0.0499,6440610.0,7987225.9
2011-10-11,13.33,13.5,13.11,13.27,384700,-0.0045,-0.0141,5104969.0,7979320.9
2011-10-12,13.49,13.91,13.34,13.54,303300,0.0037,0.0203,4106682.0,7581057.3
2011-10-13,13.42,13.89,13.22,13.79,251800,0.0276,0.0185,3472322.0,7010938.0
2011-10-14,13.95,14.18,13.84,14.08,453900,0.0093,0.021,6390912.0,6743091.3
2011-10-17,13.99,14.46,13.65,13.81,329600,-0.0129,-0.0192,4551776.0,6855923.3
2011-10-18,13.8,14.72,13.51,14.7,463000,0.0652,0.0644,6806100.0,6199562.5
2011-10-19,14.7,15.01,14.4,14.45,431600,-0.017,-0.017,6236620.0,5413363.0
2011-10-20,14.43,14.71,14.09,14.59,229500,0.0111,0.0097,3348405.0,5253549.3
2011-10-21,14.54,14.58,12.94,13.33,1169300,-0.0832,-0.0864,15586769.0,5129281.8
2011-10-24,13.44,13.82,12.56,12.74,1083200,-0.0521,-0.0443,13799968.0,6204516.5
2011-10-25,12.65,13.33,12.3,13.21,598700,0.0443,0.0369,7908827.0,6940452.3
2011-10-26,13.44,13.83,12.94,13.58,487000,0.0104,0.028,6613460.0,7220838.1
2011-10-27,13.98,14.38,13.6,13.92,579900,-0.0043,0.025,8072208.0,7471515.9
2011-10-28,13.91,13.92,13.48,13.53,392700,-0.0273,-0.028,5313231.0,7931504.5
2011-10-31,13.3,13.42,13.03,13.03,434500,-0.0203,-0.037,5661535.0,7823736.4
2011-11-01,12.56,12.88,12.25,12.57,614800,0.0008,-0.0353,7728036.0,7934712.3
2011-11-02,12.88,13.14,12.73,13.09,306300,0.0163,0.0414,4009467.0,8026905.9
2011-11-03,13.3,13.37,12.87,13.28,371000,-0.0015,0.0145,4926880.0,7804190.6
2011-11-04,13.07,13.21,12.08,12.14,846000,-0.0712,-0.0858,10270440.0,7962038.1
2011-11-07,12.14,12.16,11.66,11.93,679800,-0.0173,-0.0173,8110014.0,7430405.2
2011-11-08,12.02,12.92,12.02,12.82,616700,0.0666,0.0746,7906094.0,6861409.8
2011-11-09,12.44,13.05,11.98,11.98,520600,-0.037,-0.0655,6236788.0,6861136.5
2011-11-10,12.25,12.54,11.7,12.5,483500,0.0204,0.0434,6043750.0,6823469.3
2011-11-11,12.64,12.82,12.25,12.26,308200,-0.0301,-0.0192,3778532.0,6620623.5
2011-11-14,12.19,12.48,12.08,12.21,271000,0.0016,-0.0041,3308910.0,6467153.6
2011-11-15,12.16,12.68,12.0,12.61,179700,0.037,0.0328,2266017.0,6231891.1
2011-11-16,12.5,12.89,12.33,12.47,312900,-0.0024,-0.0111,3901863.0,5685689.2
2011-11-17,12.47,12.91,12.15,12.29,250800,-0.0144,-0.0144,3082332.0,5674928.8
2011-11-18,12.31,12.59,12.24,12.36,185100,0.0041,0.0057,2287836.0,5490474.0
2011-11-21,12.2,12.2,11.8,12.09,238000,-0.009,-0.0218,2877420.0,4692213.6
2011-11-22,12.08,12.22,11.75,11.75,235800,-0.0273,-0.0281,2770650.0,4168954.2
2011-11-23,11.69,11.69,11.08,11.22,479700,-0.0402,-0.0451,5382234.0,3655409.8
2011-11-25,11.15,11.33,10.91,10.92,157700,-0.0206,-0.0267,1722084.0,3569954.4
2011-11-28,11.36,11.76,11.36,11.55,465200,0.0167,0.0577,5373060.0,3137787.8
2011-11-29,11.53,11.87,11.47,11.85,294100,0.0278,0.026,3485085.0,3297240.6
2011-11-30,12.32,12.45,11.93,11.97,743500,-0.0284,0.0101,8899695.0,3314858.1
2011-12-01,11.99,12.04,11.8,11.82,389300,-0.0142,-0.0125,4601526.0,3978225.9
2011-12-02,12.0,12.54,11.89,12.43,287500,0.0358,0.0516,3573625.0,4048192.2
2011-12-05,12.68,12.89,12.42,12.81,429000,0.0103,0.0306,5495490.0,4097321.5
2011-12-06,12.79,13.25,12.65,13.08,311400,0.0227,0.0211,4073112.0,4418086.9
2011-12-07,13.09,13.31,12.64,13.05,353800,-0.0031,-0.0023,4617090.0,4537656.1
2011-12-08,12.94,13.06,12.5,12.54,289900,-0.0309,-0.0391,3635346.0,4722300.1
2011-12-09,12.54,13.1,12.51,12.92,241700,0.0303,0.0303,3122764.0,4547611.3
2011-12-12,12.74,12.86,12.5,12.81,261900,0.0055,-0.0085,3354939.0,4687679.3
2011-12-13,12.89,13.22,12.5,12.62,358700,-0.0209,-0.0148,4526794.0,4485867.2
2011-12-14,12.5,12.61,12.05,12.39,403500,-0.0088,-0.0182,4999365.0,4590038.1
2011-12-15,12.5,12.58,12.16,12.36,226200,-0.0112,-0.0024,2795832.0,4200005.1
2011-12-16,12.49,12.69,12.13,12.48,388100,-0.0008,0.0097,4843488.0,4019435.7
2011-12-19,12.53,12.65,11.91,12.0,249000,-0.0423,-0.0385,2988000.0,4146422.0
2011-12-20,12.29,12.99,12.28,12.97,282200,0.0553,0.0808,3660134.0,3895673.0
2011-12-21,13.01,13.31,12.62,13.19,307800,0.0138,0.017,4059882.0,3854375.2
2011-12-22,13.22,13.29,12.97,13.03,178500,-0.0144,-0.0121,2325855.0,3798654.4
2011-12-23,13.07,13.25,12.93,13.06,142100,-0.0008,0.0023,1855826.0,3667705.3
2011-12-27,13.0,13.07,12.65,12.85,180800,-0.0115,-0.0161,2323280.0,3541011.5
2011-12-28,12.86,12.96,12.42,12.46,166600,-0.0311,-0.0304,2075836.0,3437845.6
2011-12-29,12.46,12.59,12.21,12.48,211300,0.0016,0.0016,2637024.0,3192749.8
2011-12-30,12.52,12.86,12.52,12.64,171800,0.0096,0.0128,2171552.0,2956515.7
2012-01-03,12.9,13.24,12.86,13.14,220900,0.0186,0.0396,2902626.0,2894087.7
2012-01-04,13.09,13.24,12.99,13.04,167100,-0.0038,-0.0076,2178984.0,2700001.5
2012-01-05,13.0,13.63,12.93,13.37,205500,0.0285,0.0253,2747535.0,2619099.9
2012-01-06,13.42,13.42,12.81,13.05,189100,-0.0276,-0.0239,2467755.0,2527840.0
2012-01-09,13.11,13.44,13.0,13.1,190000,-0.0008,0.0038,2489000.0,2368627.3
2012-01-10,13.31,13.6,13.3,13.39,175600,0.006,0.0221,2351284.0,2384941.8
2012-01-11,13.38,13.74,13.3,13.62,240200,0.0179,0.0172,3271524.0,2434487.6
2012-01-12,13.61,13.73,13.37,13.5,254700,-0.0081,-0.0088,3438450.0,2529312.0
2012-01-13,13.41,13.49,13.26,13.37,185000,-0.003,-0.0096,2473450.0,2665573.4
2012-01-17,13.5,13.96,13.34,13.71,264000,0.0156,0.0254,3619440.0,2649216.0
2012-01-18,13.74,13.9,13.52,13.78,160200,0.0029,0.0051,2207556.0,2794004.8
2012-01-19,13.84,14.25,13.83,14.02,345100,0.013,0.0174,4838302.0,2724497.8
2012-01-20,13.99,14.22,13.9,14.06,292800,0.005,0.0029,4116768.0,2990429.6
2012-01-23,14.0,14.17,13.41,13.45,313100,-0.0393,-0.0434,4211195.0,3127352.9
2012-01-24,13.39,13.45,13.01,13.02,226200,-0.0276,-0.032,2945124.0,3301696.9
2012-01-25,13.07,13.27,12.65,12.72,417900,-0.0268,-0.023,5315688.0,3347309.3
2012-01-26,12.88,13.01,12.78,12.96,327300,0.0062,0.0189,4241808.0,3643749.7
2012-01-27,12.89,13.11,12.8,13.07,185800,0.014,0.0085,2428406.0,3740778.1
2012-01-30,12.8,13.12,12.75,12.85,162800,0.0039,-0.0168,2091980.0,3639773.7
2012-01-31,12.97,13.04,12.44,12.56,299500,-0.0316,-0.0226,3761720.0,3601626.7
2012-02-01,12.64,13.04,12.6,13.0,271700,0.0285,0.035,3532100.0,3615854.7
2012-02-02,13.0,13.24,12.67,12.67,261300,-0.0254,-0.0254,3310671.0,3748309.1
2012-02-03,12.82,13.1,12.58,13.03,281300,0.0164,0.0284,3665339.0,3595546.0
2012-02-06,13.24,13.25,12.88,13.22,131300,-0.0015,0.0146,1735786.0,3550403.1
2012-02-07,13.19,13.43,12.87,13.42,139800,0.0174,0.0151,1876116.0,3302862.2
2012-02-08,13.44,13.79,13.29,13.66,277100,0.0164,0.0179,3785186.0,3195961.4
2012-02-09,13.73,13.76,13.52,13.59,140800,-0.0102,-0.0051,1913472.0,3042911.2
2012-02-10,13.41,13.65,13.24,13.26,95300,-0.0112,-0.0243,1263678.0,2810077.6
2012-02-13,13.35,13.7,13.25,13.6,152700,0.0187,0.0256,2076720.0,2693604.8
2012-02-14,13.55,13.7,13.38,13.57,238200,0.0015,-0.0022,3232374.0,2692078.8
2012-02-15,13.66,13.75,13.23,13.31,144000,-0.0256,-0.0192,1916640.0,2639144.2
2012-02-16,13.29,13.72,13.13,13.7,191400,0.0309,0.0293,2622180.0,2477598.2
2012-02-17,13.76,13.81,13.45,13.66,180000,-0.0073,-0.0029,2458800.0,2408749.1
2012-02-21,13.73,13.95,13.66,13.76,143600,0.0022,0.0073,1975936.0,2288095.2
2012-02-22,13.73,13.99,13.53,13.82,216700,0.0066,0.0044,2994794.0,2312110.2
2012-02-23,13.83,14.09,13.81,14.08,174800,0.0181,0.0188,2461184.0,2423978.0
2012-02-24,14.05,14.44,13.89,14.28,247500,0.0164,0.0142,3534300.0,2291577.8
2012-02-27,14.28,14.74,14.06,14.28,235000,0.0,0.0,3355800.0,2453660.6
2012-02-28,14.24,14.3,13.93,14.14,590400,-0.007,-0.0098,8348256.0,2662872.8
2012-02-29,14.12,14.37,13.7,13.73,339700,-0.0276,-0.029,4664081.0,3290026.4
2012-03-01,13.75,14.49,13.65,14.08,306700,0.024,0.0255,4318336.0,3433197.1
2012-03-02,14.06,14.11,13.65,13.72,265500,-0.0242,-0.0256,3642660.0,3673366.7
2012-03-05,13.66,13.77,13.45,13.67,171200,0.0007,-0.0036,2340304.0,3775414.7
2012-03-06,13.5,13.61,13.17,13.28,344300,-0.0163,-0.0285,4572304.0,3763565.1
2012-03-07,13.32,13.81,13.15,13.77,177300,0.0338,0.0369,2441421.0,4023201.9
2012-03-08,13.8,13.96,13.62,13.85,157400,0.0036,0.0058,2179990.0,3967864.6
2012-03-09,13.84,14.1,13.76,13.9,204600,0.0043,0.0036,2843940.0,3939745.2
2012-03-12,13.86,13.86,13.5,13.69,207400,-0.0123,-0.0151,2839306.0,3870709.2
2012-03-13,13.77,13.86,13.52,13.85,192300,0.0058,0.0117,2663355.0,3819059.8
2012-03-14,13.8,13.85,13.65,13.72,188500,-0.0058,-0.0094,2586220.0,3250569.7
2012-03-15,13.69,14.15,13.62,14.15,241800,0.0336,0.0313,3421470.0,3042783.6
2012-03-16,14.19,14.4,14.07,14.36,480500,0.012,0.0148,6899980.0,2953097.0
2012-03-19,14.34,14.8,14.22,14.5,266600,0.0112,0.0097,3865700.0,3278829.0
2012-03-20,14.43,14.61,14.03,14.38,302400,-0.0035,-0.0083,4348512.0,3431368.6
2012-03-21,14.42,14.62,14.15,14.35,177200,-0.0049,-0.0021,2542820.0,3408989.4
2012-03-22,14.12,14.21,13.92,14.16,194500,0.0028,-0.0132,2754120.0,3419129.3
2012-03-23,14.13,14.48,13.98,14.38,209600,0.0177,0.0155,3014048.0,3476542.3
2012-03-26,14.61,14.76,14.13,14.65,412200,0.0027,0.0188,6038730.0,3493553.1
2012-03-27,14.47,14.58,14.2,14.22,272200,-0.0173,-0.0294,3870684.0,3813495.5
2012-03-28,14.23,14.31,13.7,13.9,322600,-0.0232,-0.0225,4484140.0,3934228.4
2012-03-29,13.73,13.92,13.57,13.83,208700,0.0073,-0.005,2886321.0,4124020.4
2012-03-30,13.91,14.2,13.55,14.14,282300,0.0165,0.0224,3991722.0,4070505.5
2012-04-02,14.22,14.39,13.9,14.38,283500,0.0113,0.017,4076730.0,3779679.7
2012-04-03,14.36,14.36,14.0,14.18,167800,-0.0125,-0.0139,2379404.0,3800782.7
2012-04-04,13.91,14.11,13.83,13.89,145400,-0.0014,-0.0205,2019606.0,3603871.9
2012-04-05,13.78,13.98,13.71,13.79,103400,0.0007,-0.0072,1425886.0,3551550.5
2012-04-09,13.5,13.83,13.5,13.75,164700,0.0185,-0.0029,2264625.0,3418727.1
2012-04-10,13.75,13.75,13.4,13.49,247300,-0.0189,-0.0189,3336077.0,3343784.8
2012-04-11,13.6,13.81,13.4,13.48,255400,-0.0088,-0.0007,3442792.0,3073519.5
2012-04-12,13.45,13.84,13.43,13.71,234300,0.0193,0.0171,3212253.0,3030730.3
2012-04-13,13.57,13.63,13.3,13.41,134200,-0.0118,-0.0219,1799622.0,2903541.6
2012-04-16,13.48,13.61,13.3,13.41,113300,-0.0052,0.0,1519353.0,2794871.7
2012-04-17,13.53,14.22,13.53,13.87,221900,0.0251,0.0343,3077753.0,2547634.8
2012-04-18,13.77,14.04,13.69,13.91,127500,0.0102,0.0029,1773525.0,2447737.1
2012-04-19,13.95,14.04,13.61,13.95,165200,0.0,0.0029,2304540.0,2387149.2
2012-04-20,14.0,14.53,13.92,14.33,291000,0.0236,0.0272,4170030.0,2415642.6
2012-04-23,14.04,14.31,14.0,14.29,204300,0.0178,-0.0028,2919447.0,2690057.0
2012-04-24,14.3,14.47,14.15,14.37,193200,0.0049,0.0056,2776284.0,2755539.2
2012-04-25,14.51,14.74,14.33,14.74,181000,0.0159,0.0257,2667940.0,2699559.9
2012-04-26,14.69,14.96,14.58,14.87,186700,0.0123,0.0088,2776229.0,2622074.7
2012-04-27,14.89,15.04,14.71,14.94,362400,0.0034,0.0047,5414256.0,2578472.3
2012-04-30,14.77,15.04,14.74,14.9,215300,0.0088,-0.0027,3207970.0,2939935.7
2012-05-01,14.9,15.2,14.84,14.97,240000,0.0047,0.0047,3592800.0,3108797.4
2012-05-02,14.76,14.92,14.61,14.9,123100,0.0095,-0.0047,1834190.0,3160302.1
2012-05-03,14.93,14.98,14.46,14.5,172700,-0.0288,-0.0268,2504150.0,3166368.6
2012-05-04,14.39,14.47,13.98,14.09,194700,-0.0208,-0.0283,2743323.0,3186329.6
2012-05-07,14.05,14.11,13.66,14.08,253000,0.0021,-0.0007,3562240.0,3043658.9
2012-05-08,14.1,15.13,13.81,15.07,282600,0.0688,0.0703,4258782.0,3107938.2
2012-05-09,14.92,15.87,14.92,15.43,422200,0.0342,0.0239,6514546.0,3256188.0
2012-05-10,15.54,15.56,15.21,15.38,214000,-0.0103,-0.0032,3291320.0,3640848.6
2012-05-11,15.2,15.43,15.1,15.28,185700,0.0053,-0.0065,2837496.0,3692357.7
2012-05-14,15.06,15.19,14.73,14.81,259700,-0.0166,-0.0308,3846157.0,3434681.7
2012-05-15,14.86,14.99,14.32,14.43,168000,-0.0289,-0.0257,2424240.0,3498500.4
2012-05-16,14.34,14.56,14.02,14.04,215800,-0.0209,-0.027,3029832.0,3381644.4
2012-05-17,14.04,14.11,13.31,13.35,316900,-0.0491,-0.0491,4230615.0,3501208.6
2012-05-18,13.35,13.55,12.98,13.1,205300,-0.0187,-0.0187,2689430.0,3673855.1
2012-05-21,13.08,13.49,12.88,13.49,218300,0.0313,0.0298,2944867.0,3668465.8
2012-05-22,13.54,13.68,13.0,13.18,333200,-0.0266,-0.023,4391576.0,3606728.5
2012-05-23,13.0,13.31,12.59,13.31,327000,0.0238,0.0099,4352370.0,3620007.9
2012-05-24,13.33,13.4,12.85,13.3,234400,-0.0023,-0.0008,3117520.0,3403790.3
2012-05-25,13.28,13.58,13.2,13.55,153000,0.0203,0.0188,2073150.0,3386410.3
2012-05-29,13.52,13.75,13.12,13.6,369200,0.0059,0.0037,5021120.0,3309975.7
2012-05-30,13.42,13.46,13.14,13.36,621600,-0.0045,-0.0176,8304576.0,3427472.0
2012-05-31,13.43,13.57,13.0,13.51,617700,0.006,0.0112,8345127.0,4015505.6
2012-06-01,13.23,13.47,13.1,13.16,269500,-0.0053,-0.0259,3546620.0,4547035.1
2012-06-04,13.26,13.64,13.01,13.11,247700,-0.0113,-0.0038,3247347.0,4478635.6
2012-06-05,13.07,13.5,13.06,13.5,172600,0.0329,0.0297,2330100.0,4534427.3
2012-06-06,13.64,13.93,13.61,13.85,200900,0.0154,0.0259,2782465.0,4472950.6
2012-06-07,14.12,14.21,13.67,13.73,174000,-0.0276,-0.0087,2389020.0,4312039.5
2012-06-08,13.65,13.92,13.32,13.68,238900,0.0022,-0.0036,3268152.0,4115704.5
2012-06-11,13.87,13.97,13.5,13.5,184300,-0.0267,-0.0132,2488050.0,4130767.7
2012-06-12,13.64,13.92,13.52,13.86,311300,0.0161,0.0267,4314618.0,4172257.7
2012-06-13,13.85,14.0,13.62,13.72,153300,-0.0094,-0.0101,2103276.0,4101607.5
2012-06-14,13.83,14.03,13.67,14.0,237700,0.0123,0.0204,3327800.0,3481477.5
2012-06-15,14.0,14.78,13.78,14.56,765000,0.04,0.04,11138400.0,2979744.8
2012-06-18,14.4,14.41,13.84,13.99,241900,-0.0285,-0.0391,3384181.0,3738922.8
2012-06-19,14.09,14.72,14.01,14.5,238500,0.0291,0.0365,3458250.0,3752606.2
2012-06-20,14.4,14.42,14.08,14.17,210100,-0.016,-0.0228,2977117.0,3865421.2
2012-06-21,14.16,14.27,13.43,13.44,207600,-0.0508,-0.0515,2790144.0,3884886.4
2012-06-22,13.5,13.74,13.22,13.28,433400,-0.0163,-0.0119,5755552.0,3924998.8
2012-06-25,13.08,13.5,12.99,13.43,323800,0.0268,0.0113,4348634.0,4173738.8
2012-06-26,13.41,13.51,13.18,13.37,72100,-0.003,-0.0045,963977.0,4359797.2
2012-06-27,13.38,13.8,13.22,13.76,136800,0.0284,0.0292,1882368.0,4024733.1
2012-06-28,13.61,13.79,13.46,13.78,118000,0.0125,0.0015,1626040.0,4002642.3
2012-06-29,14.0,14.2,13.62,14.0,270700,0.0,0.016,3789800.0,3832466.3
2012-07-02,13.85,14.5,13.54,14.37,262600,0.0375,0.0264,3773562.0,3097606.3
2012-07-03,14.5,14.75,14.37,14.66,130500,0.011,0.0202,1913130.0,3136544.4
2012-07-05,14.56,14.72,14.27,14.31,221700,-0.0172,-0.0239,3172527.0,2982032.4
2012-07-06,14.1,14.47,14.06,14.41,182100,0.022,0.007,2624061.0,3001573.4
2012-07-09,14.33,14.64,14.1,14.54,179300,0.0147,0.009,2607022.0,2984965.1
2012-07-10,14.68,15.0,13.97,14.01,235500,-0.0456,-0.0365,3299355.0,2670112.1
2012-07-11,14.08,14.37,13.92,14.3,231300,0.0156,0.0207,3307590.0,2565184.2
2012-07-12,14.11,14.33,13.92,14.27,177600,0.0113,-0.0021,2534352.0,2799545.5
2012-07-13,14.32,14.41,14.19,14.26,131100,-0.0042,-0.0007,1869486.0,2864743.9
2012-07-16,14.17,14.34,13.98,14.14,268100,-0.0021,-0.0084,3790934.0,2889088.5
2012-07-17,14.23,14.26,13.87,14.03,188500,-0.0141,-0.0078,2644655.0,2889201.9
2012-07-18,13.97,14.25,13.86,13.99,167700,0.0014,-0.0029,2346123.0,2776311.2
2012-07-19,14.08,14.08,13.72,13.72,124800,-0.0256,-0.0193,1712256.0,2819610.5
2012-07-20,13.64,13.87,13.64,13.73,108700,0.0066,0.0007,1492451.0,2673583.4
2012-07-23,13.36,13.61,13.26,13.4,164200,0.003,-0.024,2200280.0,2560422.4
2012-07-24,13.4,13.43,12.86,12.95,163500,-0.0336,-0.0336,2117325.0,2519748.2
2012-07-25,12.95,13.17,12.85,13.04,180600,0.0069,0.0069,2355024.0,2401545.2
2012-07-26,13.3,13.48,13.0,13.29,123600,-0.0008,0.0192,1642644.0,2306288.6
2012-07-27,13.4,13.85,13.32,13.74,153300,0.0254,0.0339,2106342.0,2217117.8
2012-07-30,13.61,13.91,13.3,13.48,251700,-0.0096,-0.0189,3392916.0,2240803.4
2012-07-31,13.36,13.74,13.31,13.49,248200,0.0097,0.0007,3348218.0,2201001.6
2012-08-01,13.51,13.74,13.19,13.56,401600,0.0037,0.0052,5445696.0,2271357.9
2012-08-02,13.37,13.51,13.09,13.3,224500,-0.0052,-0.0192,2985850.0,2581315.2
2012-08-03,13.5,13.76,13.41,13.7,141000,0.0148,0.0301,1931700.0,2708674.6
2012-08-06,13.76,14.0,13.56,13.81,160200,0.0036,0.008,2212362.0,2752599.5
2012-08-07,13.0,13.84,13.0,13.55,333200,0.0423,-0.0188,4514860.0,2753807.7
2012-08-08,13.39,13.43,12.92,13.02,278800,-0.0276,-0.0391,3629976.0,2993561.2
2012-08-09,13.0,13.23,12.94,13.04,221800,0.0031,0.0015,2892272.0,3121056.4
2012-08-10,12.96,13.09,12.68,13.0,241400,0.0031,-0.0031,3138200.0,3246019.2
2012-08-13,12.94,12.99,12.54,12.67,248100,-0.0209,-0.0254,3143427.0,3349205.0
2012-08-14,12.72,12.8,12.0,12.33,588100,-0.0307,-0.0268,7251273.0,3324256.1
2012-08-15,12.29,12.56,12.05,12.41,266400,0.0098,0.0065,3306024.0,3714561.6
2012-08-16,12.44,12.97,12.25,12.88,312800,0.0354,0.0379,4028864.0,3500594.4
2012-08-17,12.87,13.03,12.87,13.0,158500,0.0101,0.0093,2060500.0,3604895.8
2012-08-20,13.0,13.2,12.73,13.18,178700,0.0138,0.0138,2355266.0,3617775.8
2012-08-21,13.18,13.28,12.82,12.92,200400,-0.0197,-0.0197,2589168.0,3632066.2
2012-08-22,12.85,13.11,12.76,12.77,130800,-0.0062,-0.0116,1670316.0,3439497.0
2012-08-23,12.77,12.84,12.35,12.61,221400,-0.0125,-0.0125,2791854.0,3243531.0
2012-08-24,12.6,12.79,12.48,12.61,124100,0.0008,0.0,1564901.0,3233489.2
2012-08-27,12.62,12.81,12.48,12.56,155000,-0.0048,-0.004,1946800.0,3076159.3
2012-08-28,12.53,12.7,12.43,12.5,145000,-0.0024,-0.0048,1812500.0,2956496.6
2012-08-29,12.51,12.57,12.31,12.5,135500,-0.0008,0.0,1693750.0,2412619.3
2012-08-30,12.4,12.46,12.31,12.35,174300,-0.004,-0.012,2152605.0,2251391.9
2012-08-31,12.5,12.55,12.27,12.4,245600,-0.008,0.004,3045440.0,2063766.0
2012-09-04,12.35,12.54,12.0,12.18,255900,-0.0138,-0.0177,3116862.0,2162260.0
2012-09-05,12.13,12.33,12.08,12.14,193000,0.0008,-0.0033,2343020.0,2238419.6
2012-09-06,12.26,12.29,11.78,11.9,261600,-0.0294,-0.0198,3113040.0,2213804.8
2012-09-07,11.98,12.56,11.98,12.45,240900,0.0392,0.0462,2999205.0,2358077.2
2012-09-10,12.45,12.67,12.39,12.55,127000,0.008,0.008,1593850.0,2378812.3
2012-09-11,12.57,12.69,12.49,12.55,109300,-0.0016,0.0,1371715.0,2381707.2
2012-09-12,12.58,12.97,12.5,12.96,192700,0.0302,0.0327,2497392.0,2324198.7
2012-09-13,12.95,13.25,12.8,13.19,261000,0.0185,0.0177,3442590.0,2392687.9
2012-09-14,13.25,13.59,13.15,13.46,344100,0.0158,0.0205,4631586.0,2567571.9
2012-09-17,13.45,13.45,13.2,13.31,175700,-0.0104,-0.0111,2338567.0,2815470.0
2012-09-18,13.53,13.66,13.35,13.62,204500,0.0067,0.0233,2785290.0,2744782.7
2012-09-19,13.61,13.82,13.33,13.69,156200,0.0059,0.0051,2138378.0,2711625.5
2012-09-20,13.57,13.77,13.36,13.56,171900,-0.0007,-0.0095,2330964.0,2691161.3
2012-09-21,13.75,14.0,13.55,13.93,454400,0.0131,0.0273,6329792.0,2612953.7
2012-09-24,13.78,13.94,13.46,13.64,182800,-0.0102,-0.0208,2493392.0,2946012.4
2012-09-25,13.7,14.09,13.7,14.01,388400,0.0226,0.0271,5441484.0,3035966.6
2012-09-26,13.96,14.11,13.72,13.79,283500,-0.0122,-0.0157,3909465.0,3442943.5
2012-09-27,13.92,14.25,13.87,14.09,257500,0.0122,0.0218,3628175.0,3584150.8
2012-09-28,14.07,14.21,13.95,14.03,182700,-0.0028,-0.0043,2563281.0,3602709.3
2012-10-01,14.13,14.4,13.96,14.09,182100,-0.0028,0.0043,2565789.0,3395878.8
2012-10-02,14.12,14.25,13.59,13.87,195900,-0.0177,-0.0156,2717133.0,3418601.0
2012-10-03,13.84,14.4,13.84,14.32,211900,0.0347,0.0324,3034408.0,3411785.3
2012-10-04,14.15,14.75,14.13,14.47,221200,0.0226,0.0105,3200764.0,3501388.3
2012-10-05,14.52,14.66,13.93,13.99,180500,-0.0365,-0.0332,2525195.0,3588368.3
2012-10-08,13.95,14.32,13.72,14.29,128300,0.0244,0.0214,1833407.0,3207908.6
2012-10-09,14.33,14.35,13.99,14.02,102900,-0.0216,-0.0189,1442658.0,3141910.1
2012-10-10,14.03,14.3,13.97,14.0,132900,-0.0021,-0.0014,1860600.0,2742027.5
2012-10-11,14.16,14.32,13.96,13.99,143200,-0.012,-0.0007,2003368.0,2537141.0
2012-10-12,13.96,14.08,13.58,13.76,84800,-0.0143,-0.0164,1166848.0,2374660.3
2012-10-15,13.75,13.87,13.67,13.84,96600,0.0065,0.0058,1336944.0,2235017.0
2012-10-16,13.99,14.08,13.7,14.0,167700,0.0007,0.0116,2347800.0,2112132.5
2012-10-17,13.99,14.11,13.84,14.11,157100,0.0086,0.0079,2216681.0,2075199.2
2012-10-18,14.05,14.3,13.8,13.8,158400,-0.0178,-0.022,2185920.0,1993426.5
2012-10-19,13.75,13.91,13.29,13.65,228700,-0.0073,-0.0109,3121755.0,1891942.1
2012-10-22,13.63,13.65,13.44,13.54,124400,-0.0066,-0.0081,1684376.0,1951598.1
2012-10-23,13.39,13.53,13.23,13.36,178000,-0.0022,-0.0133,2378080.0,1936695.0
2012-10-24,13.36,13.57,13.3,13.42,176700,0.0045,0.0045,2371314.0,2030237.2
2012-10-25,13.58,13.74,13.44,13.5,96500,-0.0059,0.006,1302750.0,2081308.6
2012-10-26,13.5,14.05,13.35,14.03,295400,0.0393,0.0393,4144462.0,2011246.8
2012-10-31,14.0,14.04,13.38,13.68,202200,-0.0229,-0.0249,2766096.0,2309008.2
2012-11-01,13.67,13.82,13.45,13.74,157300,0.0051,0.0044,2161302.0,2451923.4
2012-11-02,13.76,13.86,13.16,13.36,333800,-0.0291,-0.0277,4459568.0,2433273.6
2012-11-05,13.41,13.72,13.39,13.45,130300,0.003,0.0067,1752535.0,2657562.3
2012-11-06,13.49,13.49,13.21,13.35,152300,-0.0104,-0.0074,2033205.0,2614223.8
2012-11-07,13.18,13.33,12.85,13.06,238800,-0.0091,-0.0217,3118728.0,2505368.8
2012-11-08,13.04,13.27,12.69,12.72,169200,-0.0245,-0.026,2152224.0,2648804.0
2012-11-09,12.28,12.98,11.55,12.56,277900,0.0228,-0.0126,3490424.0,2626218.4
2012-11-12,12.53,12.67,11.71,11.86,282300,-0.0535,-0.0557,3348078.0,2738129.4
2012-11-13,11.82,12.18,11.72,12.14,283400,0.0271,0.0236,3440476.0,2942662.2
2012-11-14,12.23,12.23,11.89,11.96,305100,-0.0221,-0.0148,3648996.0,2872263.6
2012-11-15,11.73,11.97,11.39,11.59,214100,-0.0119,-0.0309,2481419.0,2960553.6
2012-11-16,11.56,11.78,11.32,11.75,279800,0.0164,0.0138,3287650.0,2992565.3
2012-11-19,11.91,12.48,11.91,12.12,201500,0.0176,0.0315,2442180.0,2875373.5
2012-11-20,12.1,12.6,12.01,12.46,161000,0.0298,0.0281,2006060.0,2944338.0
2012-11-21,12.52,12.63,12.23,12.48,114900,-0.0032,0.0016,1433952.0,2941623.5
2012-11-23,12.56,12.73,12.39,12.64,37800,0.0064,0.0128,477792.0,2773145.9
2012-11-26,12.57,12.59,12.29,12.46,79400,-0.0088,-0.0142,989324.0,2605702.7
2012-11-27,12.42,12.68,12.27,12.6,101100,0.0145,0.0112,1273860.0,2355592.7
2012-11-28,12.51,12.56,12.3,12.54,118000,0.0024,-0.0048,1479720.0,2148170.9
2012-11-29,12.64,13.24,12.53,13.0,280700,0.0285,0.0367,3649100.0,1952095.3
2012-11-30,13.08,13.11,12.71,12.85,217400,-0.0176,-0.0115,2793590.0,1952105.7
2012-12-03,12.98,13.0,12.56,12.69,186000,-0.0223,-0.0125,2360340.0,1983322.8
2012-12-04,12.73,12.86,12.41,12.47,89000,-0.0204,-0.0173,1109830.0,1890591.8
2012-12-05,12.52,12.67,12.3,12.47,144800,-0.004,0.0,1805656.0,1757356.8
2012-12-06,12.48,12.6,12.17,12.42,98400,-0.0048,-0.004,1222128.0,1737316.4
2012-12-07,12.43,12.74,12.16,12.51,155200,0.0064,0.0072,1941552.0,1716134.0
2012-12-10,13.02,13.3,12.8,13.06,512600,0.0031,0.044,6694556.0,1862510.0
2012-12-11,13.18,13.8,13.15,13.7,440200,0.0395,0.049,6030740.0,2433033.2
2012-12-12,13.72,13.8,13.53,13.63,258300,-0.0066,-0.0051,3520629.0,2908721.2
2012-12-13,13.57,13.85,13.32,13.4,283100,-0.0125,-0.0169,3793540.0,3112812.1
2012-12-14,13.36,13.75,13.35,13.69,159100,0.0247,0.0216,2178079.0,3127256.1
2012-12-17,13.85,13.85,13.55,13.67,224400,-0.013,-0.0015,3067548.0,3065705.0
2012-12-18,13.67,13.88,13.58,13.85,206900,0.0132,0.0132,2865565.0,3136425.8
2012-12-19,13.83,14.0,13.64,13.92,158600,0.0065,0.0051,2207712.0,3311999.3
2012-12-20,13.89,14.35,13.78,14.22,405000,0.0238,0.0216,5759100.0,3352204.9
2012-12-21,14.23,14.25,13.74,14.23,836100,0.0,0.0007,11897703.0,3805902.1
2012-12-24,14.23,14.39,13.95,14.09,79300,-0.0098,-0.0098,1117337.0,4801517.2
2012-12-26,14.09,14.11,13.95,13.99,182400,-0.0071,-0.0071,2551776.0,4243795.3
2012-12-27,13.94,14.04,13.6,13.88,348900,-0.0043,-0.0079,4842732.0,3895898.9
2012-12-28,13.83,13.98,13.74,13.88,180300,0.0036,0.0,2502564.0,4028109.2
2012-12-31,13.83,14.49,13.65,14.34,453100,0.0369,0.0331,6497454.0,3899011.6
2013-01-02,14.63,15.24,14.52,15.17,618100,0.0369,0.0579,9376577.0,4330949.1
2013-01-03,15.11,15.45,14.99,15.05,513700,-0.004,-0.0079,7731185.0,4961852.0
2013-01-04,15.14,15.15,14.82,15.0,422000,-0.0092,-0.0033,6330000.0,5448414.0
2013-01-07,14.99,15.31,14.69,15.2,216600,0.014,0.0133,3292320.0,5860642.8
2013-01-08,15.2,15.34,14.87,15.05,257400,-0.0099,-0.0099,3873870.0,5613964.8
2013-01-09,15.04,15.45,15.04,15.38,160700,0.0226,0.0219,2471566.0,4811581.5
2013-01-10,15.42,15.51,15.25,15.41,187300,-0.0006,0.002,2886293.0,4947004.4
2013-01-11,15.46,15.59,15.29,15.31,174000,-0.0097,-0.0065,2663940.0,4980456.1
2013-01-14,15.3,15.43,15.22,15.36,117300,0.0039,0.0033,1801728.0,4762576.9
2013-01-15,15.23,15.71,15.23,15.55,215900,0.021,0.0124,3357245.0,4692493.3
2013-01-16,15.51,15.76,15.43,15.45,109200,-0.0039,-0.0064,1687140.0,4378472.4
2013-01-17,15.51,15.71,15.41,15.6,164100,0.0058,0.0097,2559960.0,3609528.7
2013-01-18,15.56,15.98,15.56,15.95,199000,0.0251,0.0224,3174050.0,3092406.2
2013-01-22,15.99,16.69,15.93,16.4,378900,0.0256,0.0282,6213960.0,2776811.2
2013-01-23,16.45,16.68,16.1,16.16,355400,-0.0176,-0.0146,5743264.0,3068975.2
2013-01-24,16.16,16.39,15.91,16.09,440800,-0.0043,-0.0043,7092472.0,3255914.6
2013-01-25,16.12,16.55,16.03,16.51,294200,0.0242,0.0261,4857242.0,3718005.2
2013-01-28,16.48,17.16,16.48,17.11,395900,0.0382,0.0363,6773849.0,3915100.1
2013-01-29,17.12,17.3,16.83,17.07,308200,-0.0029,-0.0023,5260974.0,4326091.0
2013-01-30,16.99,16.99,16.45,16.62,316800,-0.0218,-0.0264,5265216.0,4672015.6
2013-01-31,16.63,16.94,16.47,16.9,237600,0.0162,0.0168,4015440.0,4862812.7
2013-02-01,16.99,17.01,16.72,16.9,167400,-0.0053,0.0,2829060.0,5095642.7
2013-02-04,16.73,16.86,16.4,16.47,203700,-0.0155,-0.0254,3354939.0,5122552.7
2013-02-05,16.52,16.99,16.44,16.86,275500,0.0206,0.0237,4644930.0,5140641.6
2013-02-06,16.71,17.31,16.71,17.18,246600,0.0281,0.019,4236588.0,4983738.6
2013-02-07,17.2,17.5,17.03,17.36,288000,0.0093,0.0105,4999680.0,4833071.0
2013-02-08,17.38,17.8,17.32,17.38,301400,0.0,0.0012,5238332.0,4623791.8
2013-02-11,17.37,17.52,17.26,17.47,401800,0.0058,0.0052,7019446.0,4661900.8
2013-02-12,17.4,17.64,16.89,17.47,362400,0.004,0.0,6331128.0,4686460.5
2013-02-13,17.47,18.04,17.45,17.88,241100,0.0235,0.0235,4310868.0,4793475.9
2013-02-14,17.75,18.64,17.7,17.85,334000,0.0056,-0.0017,5961900.0,4698041.1
2013-02-15,18.0,18.38,17.65,17.75,433800,-0.0139,-0.0056,7699950.0,4892687.1
2013-02-19,17.74,18.08,17.69,18.01,244200,0.0152,0.0146,4398042.0,5379776.1
2013-02-20,18.0,18.1,17.4,17.41,234500,-0.0328,-0.0333,4082645.0,5484086.4
2013-02-21,17.25,17.29,16.9,17.16,205300,-0.0052,-0.0144,3522948.0,5427857.9
2013-02-22,17.17,17.82,17.12,17.81,332300,0.0373,0.0379,5918263.0,5356493.9
2013-02-25,17.96,18.06,16.91,16.93,301800,-0.0573,-0.0494,5109474.0,5448352.2
2013-02-26,17.06,17.47,16.84,16.87,205900,-0.0111,-0.0035,3473533.0,5435466.4
2013-02-27,16.89,17.12,16.8,16.94,218900,0.003,0.0041,3708166.0,5080875.1
2013-02-28,16.95,17.08,16.5,16.67,276500,-0.0165,-0.0159,4609255.0,4818578.9
2013-03-01,16.51,17.06,15.78,17.0,253700,0.0297,0.0198,4312900.0,4848417.6
2013-03-04,16.89,17.17,16.57,17.15,254900,0.0154,0.0088,4371535.0,4683517.6
2013-03-05,17.21,17.91,17.01,17.89,378800,0.0395,0.0431,6776732.0,4350676.1
2013-03-06,18.0,18.0,17.42,17.67,294200,-0.0183,-0.0123,5198514.0,4588545.1
2013-03-07,17.63,17.81,17.4,17.7,249100,0.004,0.0017,4409070.0,4700132.0
2013-03-08,17.86,17.96,17.62,17.79,134900,-0.0039,0.0051,2399871.0,4788744.2
2013-03-11,17.65,17.86,17.32,17.8,182900,0.0085,0.0006,3255620.0,4436905.0
2013-03-12,17.82,17.93,17.57,17.65,142000,-0.0095,-0.0084,2506300.0,4251519.6
2013-03-13,17.6,17.88,17.5,17.77,139600,0.0097,0.0068,2480692.0,4154796.3
2013-03-14,17.83,18.22,17.8,18.16,156100,0.0185,0.0219,2834776.0,4032048.9
2013-03-15,18.17,18.44,17.96,18.08,449800,-0.005,-0.0044,8132384.0,3854601.0
2013-03-18,17.75,18.44,17.51,18.16,164100,0.0231,0.0044,2980056.0,4236549.4
2013-03-19,18.25,18.45,17.96,18.13,119300,-0.0066,-0.0017,2162909.0,4097401.5
2013-03-20,18.23,18.56,18.23,18.53,153000,0.0165,0.0221,2835090.0,3636019.2
2013-03-21,18.39,18.91,18.39,18.75,159000,0.0196,0.0119,2981250.0,3399676.8
2013-03-22,18.87,19.12,18.65,19.05,190400,0.0095,0.016,3627120.0,3256894.8
2013-03-25,19.08,19.43,18.68,18.84,126400,-0.0126,-0.011,2381376.0,3379619.7
2013-03-26,19.02,19.26,18.78,19.2,131900,0.0095,0.0191,2532480.0,3292195.3
2013-03-27,19.0,19.34,19.0,19.26,132200,0.0137,0.0031,2546172.0,3294813.3
2013-03-28,18.97,19.51,18.97,19.26,218000,0.0153,0.0,4198680.0,3301361.3
2013-04-01,19.19,19.26,18.53,18.56,271700,-0.0328,-0.0363,5042752.0,3437751.7
2013-04-02,18.68,18.9,18.5,18.53,149800,-0.008,-0.0016,2775794.0,3128788.5
2013-04-03,18.57,18.73,17.93,17.95,215800,-0.0334,-0.0313,3873610.0,3108362.3
2013-04-04,17.98,18.09,17.75,18.03,163200,0.0028,0.0045,2942496.0,3279432.4
2013-04-05,17.84,18.3,17.73,18.12,195100,0.0157,0.005,3535212.0,3290173.0
2013-04-08,18.0,18.43,17.84,18.3,332400,0.0167,0.0099,6082920.0,3345569.2
2013-04-09,18.45,18.45,18.15,18.26,222200,-0.0103,-0.0022,4057372.0,3591149.2
2013-04-10,18.0,18.43,17.97,18.28,632900,0.0156,0.0011,11569412.0,3758748.8
2013-04-11,18.17,18.64,18.17,18.25,197000,0.0044,-0.0016,3595250.0,4662442.0
2013-04-12,18.21,18.35,18.11,18.27,177800,0.0033,0.0011,3248406.0,4767349.8
2013-04-15,18.05,18.09,17.58,17.6,438600,-0.0249,-0.0367,7719360.0,4672322.4
2013-04-16,17.69,18.25,17.45,18.03,402600,0.0192,0.0244,7258878.0,4939983.2
2013-04-17,17.92,18.04,17.42,17.46,305800,-0.0257,-0.0316,5339268.0,5388291.6
2013-04-18,17.46,17.92,17.43,17.85,235400,0.0223,0.0223,4201890.0,5534857.4
2013-04-19,17.92,18.32,17.85,18.21,227900,0.0162,0.0202,4150059.0,5660796.8
2013-04-22,18.27,18.5,17.88,18.43,135400,0.0088,0.0121,2495422.0,5722281.5
2013-04-23,18.68,18.82,18.5,18.64,130700,-0.0021,0.0114,2436248.0,5363531.7
2013-04-24,18.65,19.08,18.61,18.99,174600,0.0182,0.0188,3315654.0,5201419.3
2013-04-25,19.0,19.2,18.47,18.5,162600,-0.0263,-0.0258,3008100.0,4376043.5
2013-04-26,18.33,18.38,17.77,18.22,373700,-0.006,-0.0151,6808814.0,4317328.5
2013-04-29,18.38,18.57,18.32,18.41,117400,0.0016,0.0104,2161334.0,4673369.3
2013-04-30,18.48,18.61,18.32,18.41,189500,-0.0038,0.0,3488695.0,4117566.7
2013-05-01,18.33,18.33,17.61,17.72,354200,-0.0333,-0.0375,6276424.0,3740548.4
2013-05-02,17.77,18.01,17.69,17.7,311300,-0.0039,-0.0011,5510010.0,3834264.0
2013-05-03,18.01,18.18,17.81,17.91,236400,-0.0056,0.0119,4233924.0,3965076.0
2013-05-06,17.97,18.21,17.91,18.11,144200,0.0078,0.0112,2611462.0,3973462.5
2013-05-07,18.23,18.7,18.19,18.5,339100,0.0148,0.0215,6273350.0,3985066.5
2013-05-08,18.4,18.65,18.19,18.3,190200,-0.0054,-0.0108,3480660.0,4368776.7
2013-05-09,18.35,19.2,18.35,18.99,210100,0.0349,0.0377,3989799.0,4385277.3
2013-05-10,19.2,19.72,19.01,19.56,166200,0.0188,0.03,3250872.0,4483447.2
2013-05-13,19.76,19.76,19.27,19.37,223500,-0.0197,-0.0097,4329195.0,4127653.0
2013-05-14,19.34,20.24,19.34,19.57,245600,0.0119,0.0103,4806392.0,4344439.1
2013-05-15,19.55,20.03,19.55,19.92,234100,0.0189,0.0179,4663272.0,4476208.8
2013-05-16,19.91,20.07,19.57,20.02,239300,0.0055,0.005,4790786.0,4314893.6
2013-05-17,20.01,20.27,19.86,20.06,234000,0.0025,0.002,4694040.0,4242971.2
2013-05-20,20.08,20.54,20.0,20.54,135700,0.0229,0.0239,2787278.0,4288982.8
2013-05-21,20.59,21.59,20.55,20.83,406700,0.0117,0.0141,8471561.0,4306564.4
2013-05-22,20.82,21.13,20.36,20.58,241100,-0.0115,-0.012,4961838.0,4526385.5
2013-05-23,20.38,20.7,20.12,20.67,131000,0.0142,0.0044,2707770.0,4674503.3
2013-05-24,20.58,20.65,20.44,20.6,272900,0.001,-0.0034,5621740.0,4546300.4
2013-05-28,21.02,21.05,19.74,19.91,431900,-0.0528,-0.0335,8599129.0,4783387.2
2013-05-29,19.79,20.11,19.65,19.83,225300,0.002,-0.004,4467699.0,5210380.6
2013-05-30,19.88,19.95,19.34,19.34,182900,-0.0272,-0.0247,3537286.0,5176511.3
2013-05-31,19.15,19.63,19.04,19.05,193100,-0.0052,-0.015,3678555.0,5063912.7
2013-06-03,19.18,19.37,18.9,18.98,395000,-0.0104,-0.0037,7497100.0,4952689.6
2013-06-04,18.82,19.09,18.5,18.68,219200,-0.0074,-0.0158,4094656.0,5232995.6
2013-06-05,18.87,18.99,18.45,18.66,201500,-0.0111,-0.0011,3759990.0,5363733.4
2013-06-06,18.66,18.99,18.32,18.98,234200,0.0171,0.0171,4445116.0,4892576.3
2013-06-07,19.18,19.59,19.12,19.44,138100,0.0136,0.0242,2684664.0,4840904.1
2013-06-10,19.51,20.12,19.38,19.86,166300,0.0179,0.0216,3302718.0,4838593.5
2013-06-11,19.82,19.91,19.41,19.78,162900,-0.002,-0.004,3222162.0,4606691.3
2013-06-12,19.98,19.98,19.5,19.65,84800,-0.0165,-0.0066,1666320.0,4068994.6
2013-06-13,19.65,20.0,19.51,19.97,81200,0.0163,0.0163,1621564.0,3788856.7
2013-06-14,19.93,20.16,19.7,20.15,126600,0.011,0.009,2550990.0,3597284.5
2013-06-17,20.44,21.01,20.15,20.84,190200,0.0196,0.0342,3963768.0,3484528.0
2013-06-18,20.96,21.04,20.61,20.94,169600,-0.001,0.0048,3551424.0,3131194.8
2013-06-19,20.87,21.06,20.59,20.6,184200,-0.0129,-0.0162,3794520.0,3076871.6
2013-06-20,20.31,20.59,19.39,19.74,178800,-0.0281,-0.0417,3529512.0,3080324.6
2013-06-21,19.8,20.28,19.69,19.99,323500,0.0096,0.0127,6466765.0,2988764.2
2013-06-24,19.65,19.99,18.88,19.56,255400,-0.0046,-0.0215,4995624.0,3366974.3
2013-06-25,19.64,19.95,19.48,19.91,257700,0.0137,0.0179,5130807.0,3536264.9
2013-06-26,20.08,20.08,19.73,19.95,289500,-0.0065,0.002,5775525.0,3727129.4
2013-06-27,20.07,20.41,19.91,19.96,253700,-0.0055,0.0005,5063852.0,4138049.9
2013-06-28,19.91,20.03,19.71,19.76,894900,-0.0075,-0.01,17683224.0,4482278.7
2013-07-01,19.86,20.1,19.79,19.96,222400,0.005,0.0101,4439104.0,5995502.1
2013-07-02,19.98,20.32,19.98,20.23,222700,0.0125,0.0135,4505221.0,6043035.7
2013-07-03,20.19,20.47,19.95,20.4,92100,0.0104,0.0084,1878840.0,6138415.4
2013-07-05,20.64,21.0,20.16,20.99,175900,0.017,0.0289,3692141.0,5946847.4
2013-07-08,21.0,21.47,21.0,21.37,176000,0.0176,0.0181,3761120.0,5963110.3
2013-07-09,21.46,21.47,20.78,20.89,202400,-0.0266,-0.0225,4228136.0,5692545.8
2013-07-10,20.85,21.01,20.33,20.48,186400,-0.0177,-0.0196,3817472.0,5615797.0
2013-07-11,20.83,21.02,20.56,20.97,187900,0.0067,0.0239,3940263.0,5484463.5
2013-07-12,21.03,21.39,20.99,21.28,91100,0.0119,0.0148,1938608.0,5300937.3
2013-07-15,21.3,21.82,21.22,21.53,201900,0.0108,0.0117,4346907.0,4988412.9
2013-07-16,21.62,21.74,20.77,21.06,186100,-0.0259,-0.0218,3919266.0,3654781.2
2013-07-17,21.06,21.31,21.02,21.19,131300,0.0062,0.0062,2782247.0,3602797.4
2013-07-18,21.26,21.4,21.14,21.24,226600,-0.0009,0.0024,4812984.0,3430500.0
2013-07-19,21.11,21.4,21.09,21.25,110500,0.0066,0.0005,2348125.0,3723914.4
2013-07-22,21.08,21.22,20.9,20.97,146700,-0.0052,-0.0132,3076299.0,3589512.8
2013-07-23,21.14,21.24,20.65,20.72,163300,-0.0199,-0.0119,3383576.0,3521030.7
2013-07-24,20.78,20.9,19.85,20.3,274400,-0.0231,-0.0203,5570320.0,3436574.7
2013-07-25,20.31,20.82,20.31,20.68,287300,0.0182,0.0187,5941364.0,3611859.5
2013-07-26,20.37,20.6,20.0,20.18,166900,-0.0093,-0.0242,3368042.0,3811969.6
2013-07-29,20.09,20.34,20.01,20.25,116900,0.008,0.0035,2367225.0,3954913.0
2013-07-30,20.33,20.52,20.15,20.38,143100,0.0025,0.0064,2916378.0,3756944.8
2013-07-31,20.42,20.49,19.98,20.09,170700,-0.0162,-0.0142,3429363.0,3656656.0
2013-08-01,20.23,20.6,20.23,20.4,156000,0.0084,0.0154,3182400.0,3721367.6
2013-08-02,20.27,20.39,20.01,20.24,120200,-0.0015,-0.0078,2432848.0,3558309.2
2013-08-05,20.16,20.26,19.97,20.11,136600,-0.0025,-0.0064,2747026.0,3566781.5
2013-08-06,20.06,20.11,19.78,19.9,289100,-0.008,-0.0104,5753090.0,3533854.2
2013-08-07,19.76,20.07,19.53,20.04,181500,0.0142,0.007,3637260.0,3770805.6
2013-08-08,20.09,20.09,19.76,19.92,197600,-0.0085,-0.006,3936192.0,3577499.6
2013-08-09,19.72,20.03,19.6,19.75,168400,0.0015,-0.0085,3325900.0,3376982.4
2013-08-12,19.74,20.06,19.44,19.6,246100,-0.0071,-0.0076,4823560.0,3372768.2
2013-08-13,19.56,19.79,19.07,19.41,186300,-0.0077,-0.0097,3616083.0,3618401.7
2013-08-14,19.36,19.5,19.08,19.19,193800,-0.0088,-0.0113,3719022.0,3688372.2
2013-08-15,19.03,19.18,18.8,18.93,215700,-0.0053,-0.0135,4083201.0,3717338.1
2013-08-16,18.81,19.01,18.77,18.81,93200,0.0,-0.0063,1753092.0,3807418.2
2013-08-19,18.69,19.09,18.5,18.71,150200,0.0011,-0.0053,2810242.0,3739442.6
2013-08-20,18.76,19.33,18.65,19.18,205500,0.0224,0.0251,3941490.0,3745764.2
2013-08-21,19.03,19.4,19.03,19.14,104800,0.0058,-0.0021,2005872.0,3564604.2
2013-08-22,19.2,19.98,19.14,19.79,73900,0.0307,0.034,1462481.0,3401465.4
2013-08-23,19.82,20.35,19.59,20.22,117800,0.0202,0.0217,2381916.0,3154094.3
2013-08-26,20.2,20.83,19.94,20.12,254100,-0.004,-0.0049,5112492.0,3059695.9
2013-08-27,19.85,20.11,19.69,19.81,158500,-0.002,-0.0154,3139885.0,3088589.1
2013-08-28,19.82,19.96,19.59,19.63,95100,-0.0096,-0.0091,1866813.0,3040969.3
2013-08-29,19.65,19.79,19.55,19.77,162400,0.0061,0.0071,3210648.0,2855748.4
2013-08-30,19.71,19.91,19.33,19.51,164900,-0.0101,-0.0132,3217199.0,2768493.1
2013-09-03,19.82,19.85,19.22,19.56,128600,-0.0131,0.0026,2515416.0,2914903.8
2013-09-04,19.57,19.79,19.42,19.49,116900,-0.0041,-0.0036,2278381.0,2885421.2
2013-09-05,19.49,19.55,19.38,19.46,113800,-0.0015,-0.0015,2214548.0,2719110.3
2013-09-06,19.6,19.73,19.2,19.53,70200,-0.0036,0.0036,1371006.0,2739977.9
2013-09-09,19.54,20.1,19.41,20.06,254500,0.0266,0.0271,5105270.0,2730830.4
2013-09-10,20.09,20.29,19.92,20.06,208500,-0.0015,0.0,4182510.0,3003165.8
2013-09-11,19.96,20.05,19.65,19.76,97200,-0.01,-0.015,1920672.0,2910167.6
2013-09-12,19.74,19.99,19.55,19.98,214500,0.0122,0.0111,4285710.0,2788246.3
2013-09-13,20.09,20.42,19.79,19.96,84600,-0.0065,-0.001,1688616.0,3030136.0
2013-09-16,20.15,20.2,19.95,20.01,234500,-0.0069,0.0025,4692345.0,2877932.8
2013-09-17,20.01,20.37,19.97,20.28,139500,0.0135,0.0135,2829060.0,3025447.4
2013-09-18,20.32,20.57,19.9,20.44,165400,0.0059,0.0079,3380776.0,3056811.8
2013-09-19,20.45,20.89,20.45,20.85,144300,0.0196,0.0201,3008655.0,3167051.3
2013-09-20,20.9,21.0,20.7,20.83,183200,-0.0033,-0.001,3816056.0,3246462.0
2013-09-23,20.8,21.34,20.64,21.27,138600,0.0226,0.0211,2948022.0,3490967.0
2013-09-24,21.31,21.51,21.05,21.13,108700,-0.0084,-0.0066,2296831.0,3275242.2
2013-09-25,21.15,21.41,20.95,21.07,69300,-0.0038,-0.0028,1460151.0,3086674.3
2013-09-26,21.1,21.35,21.03,21.15,49100,0.0024,0.0038,1038465.0,3040622.2
2013-09-27,20.94,20.99,20.69,20.9,136800,-0.0019,-0.0118,2859120.0,2715897.7
2013-09-30,20.61,21.09,20.28,20.89,186000,0.0136,-0.0005,3885540.0,2832948.1
2013-10-01,20.86,21.14,20.82,21.06,162000,0.0096,0.0081,3411720.0,2752267.6
2013-10-02,20.97,21.41,20.83,21.02,164600,0.0024,-0.0019,3459892.0,2810533.6
2013-10-03,20.93,21.13,20.59,20.81,213100,-0.0057,-0.01,4434611.0,2818445.2
2013-10-04,20.77,21.19,20.72,20.9,130800,0.0063,0.0043,2733720.0,2961040.8
2013-10-07,20.63,20.9,20.61,20.68,137000,0.0024,-0.0105,2833160.0,2852807.2
2013-10-08,20.75,20.81,20.31,20.41,172700,-0.0164,-0.0131,3524807.0,2841321.0
2013-10-09,20.43,20.57,19.92,19.94,149100,-0.024,-0.023,2973054.0,2964118.6
2013-10-10,20.3,20.72,20.06,20.66,144000,0.0177,0.0361,2975040.0,3115408.9
2013-10-11,20.51,21.08,20.46,21.0,118500,0.0239,0.0165,2488500.0,3309066.4
2013-10-14,20.93,20.99,20.64,20.95,224900,0.001,-0.0024,4711655.0,3272004.4
2013-10-15,20.86,20.88,20.39,20.41,113100,-0.0216,-0.0258,2308371.0,3354615.9
2013-10-16,20.52,20.87,20.52,20.71,126700,0.0093,0.0147,2623957.0,3244281.0
2013-10-17,20.59,20.84,20.41,20.54,170300,-0.0024,-0.0082,3497962.0,3160687.5
2013-10-18,20.86,20.86,20.45,20.6,156300,-0.0125,0.0029,3219780.0,3067022.6
2013-10-21,25.9,35.57,23.05,35.32,3654700,0.3637,0.7146,129084004.0,3115628.6
2013-10-22,34.31,34.68,31.07,32.28,1502500,-0.0592,-0.0861,48500700.0,15740713.0
2013-10-23,31.95,32.28,31.29,31.94,454600,-0.0003,-0.0105,14519924.0,20238302.3
2013-10-24,32.34,32.36,31.69,31.86,344000,-0.0148,-0.0025,10959840.0,21392989.3
2013-10-25,32.0,32.17,30.75,31.04,636300,-0.03,-0.0257,19750752.0,22191469.3
2013-10-28,31.0,31.42,30.95,31.06,404100,0.0019,0.0006,12551346.0,23917694.5
2013-10-29,32.0,32.0,31.01,31.5,178700,-0.0156,0.0142,5629050.0,24701663.6
2013-10-30,31.44,31.85,31.1,31.4,263200,-0.0013,-0.0032,8264480.0,25033731.5
2013-10-31,31.31,31.61,30.67,30.69,240200,-0.0198,-0.0226,7371738.0,25597783.8
2013-11-01,30.56,30.68,29.67,30.3,363700,-0.0085,-0.0127,11020110.0,25985161.4
2013-11-04,30.57,30.93,30.12,30.49,205600,-0.0026,0.0063,6268744.0,26765194.4
2013-11-05,30.36,30.71,30.21,30.51,108900,0.0049,0.0007,3322539.0,14483668.4
2013-11-06,30.64,30.84,29.94,30.16,146500,-0.0157,-0.0115,4418440.0,9965852.3
2013-11-07,30.25,30.39,29.57,29.61,231700,-0.0212,-0.0182,6860637.0,8955703.9
2013-11-08,29.74,30.95,29.11,30.95,221700,0.0407,0.0453,6861615.0,8545783.6
2013-11-11,30.72,31.55,30.48,31.18,218800,0.015,0.0074,6822184.0,7256869.9
2013-11-12,30.86,31.88,30.86,31.81,225000,0.0308,0.0202,7157250.0,6683953.7
2013-11-13,31.77,31.97,31.22,31.9,160700,0.0041,0.0028,5126330.0,6836773.7
2013-11-14,31.97,31.97,31.15,31.18,315700,-0.0247,-0.0226,9843526.0,6522958.7
2013-11-15,31.11,31.78,30.97,31.44,356700,0.0106,0.0083,11214648.0,6770137.5
2013-11-18,31.49,31.75,31.26,31.34,196700,-0.0048,-0.0032,6164578.0,6789591.3
2013-11-19,31.37,31.8,30.9,31.23,166800,-0.0045,-0.0035,5209164.0,6779174.7
2013-11-20,31.71,31.82,31.01,31.18,157700,-0.0167,-0.0016,4917086.0,6967837.2
2013-11-21,31.24,32.26,31.01,31.78,171300,0.0173,0.0192,5443914.0,7017701.8
2013-11-22,31.69,32.53,31.58,32.04,218000,0.011,0.0082,6984720.0,6876029.5
2013-11-25,32.04,32.2,31.41,31.76,145200,-0.0087,-0.0087,4611552.0,6888340.0
2013-11-26,31.72,32.71,31.65,32.27,245100,0.0173,0.0161,7909377.0,6667276.8
2013-11-27,32.2,32.84,31.83,32.51,140200,0.0096,0.0074,4557902.0,6742489.5
2013-11-29,32.73,33.17,32.0,32.5,71700,-0.007,-0.0003,2330250.0,6685646.7
2013-12-02,32.4,33.35,32.12,32.9,169800,0.0154,0.0123,5586420.0,5934319.1
2013-12-03,32.8,33.35,32.22,32.43,205200,-0.0113,-0.0143,6654636.0,5371496.3
2013-12-04,32.36,33.03,31.95,32.37,182800,0.0003,-0.0019,5917236.0,5420502.1
2013-12-05,32.43,32.99,31.8,32.71,266500,0.0086,0.0105,8717215.0,5491309.3
2013-12-06,33.0,33.56,32.69,33.23,231900,0.007,0.0159,7706037.0,5871322.2
2013-12-09,33.34,33.49,32.61,32.98,185100,-0.0108,-0.0075,6104598.0,6097534.5
2013-12-10,32.81,32.95,32.09,32.27,226400,-0.0165,-0.0215,7305928.0,6009522.3
2013-12-11,32.14,32.45,31.33,32.03,238700,-0.0034,-0.0074,7645561.0,6278959.9
2013-12-12,32.03,32.83,31.9,32.43,242200,0.0125,0.0125,7854546.0,6252578.3
2013-12-13,32.55,32.74,31.74,32.05,335600,-0.0154,-0.0117,10755980.0,6582242.7
2013-12-16,32.14,32.74,31.86,32.33,194200,0.0059,0.0087,6278486.0,7424815.7
2013-12-17,32.33,32.62,31.38,32.44,315500,0.0034,0.0034,10234820.0,7494022.3
2013-12-18,32.54,33.49,31.77,33.48,268400,0.0289,0.0321,8986032.0,7852040.7
2013-12-19,33.32,33.93,33.12,33.41,230300,0.0027,-0.0021,7694323.0,8158920.3
2013-12-20,33.5,35.0,33.18,33.89,798000,0.0116,0.0144,27044220.0,8056631.1
2013-12-23,33.98,36.31,33.96,35.8,335800,0.0536,0.0564,12021640.0,9990449.4
2013-12-24,35.69,36.78,35.13,36.6,133800,0.0255,0.0223,4897080.0,10582153.6
2013-12-26,36.89,36.89,35.18,35.27,225300,-0.0439,-0.0363,7946331.0,10341268.8
2013-12-27,35.5,35.5,34.8,35.23,208100,-0.0076,-0.0011,7331363.0,10371345.8
2013-12-30,35.38,35.62,34.76,35.13,195900,-0.0071,-0.0028,6881967.0,10319027.5
2013-12-31,35.02,36.74,34.96,36.16,413500,0.0326,0.0293,14952160.0,9931626.2
2014-01-02,36.19,36.19,34.4,34.65,398300,-0.0426,-0.0418,13801095.0,10798993.6
2014-01-03,34.59,34.97,34.08,34.82,396100,0.0066,0.0049,13792202.0,11155621.1
2014-01-06,34.86,35.61,34.37,34.84,276200,-0.0006,0.0006,9622808.0,11636238.1
2014-01-07,35.07,35.6,34.67,35.3,191400,0.0066,0.0132,6756420.0,11829086.6
2014-01-08,35.35,35.49,34.9,35.38,178700,0.0008,0.0023,6322406.0,9800306.6
2014-01-09,35.42,35.68,34.49,34.74,181100,-0.0192,-0.0181,6291414.0,9230383.2
2014-01-10,34.35,34.96,34.02,34.9,249300,0.016,0.0046,8700570.0,9369816.6
2014-01-13,34.91,35.27,34.01,34.3,228500,-0.0175,-0.0172,7837550.0,9445240.5
2014-01-14,34.35,35.19,34.14,35.07,161900,0.021,0.0224,5677833.0,9495859.2
2014-01-15,35.22,35.3,34.65,34.96,201900,-0.0074,-0.0031,7058424.0,9375445.8
2014-01-16,34.99,35.75,34.99,35.41,209700,0.012,0.0129,7425477.0,8586072.2
2014-01-17,35.41,35.64,35.25,35.38,143200,-0.0008,-0.0008,5066416.0,7948510.4
2014-01-21,35.64,36.43,35.28,36.36,208900,0.0202,0.0277,7595604.0,7075931.8
2014-01-22,36.52,38.25,36.45,37.8,300600,0.035,0.0396,11362680.0,6873211.4
2014-01-23,37.7,38.37,36.26,36.87,266000,-0.022,-0.0246,9807420.0,7333837.4
2014-01-24,36.56,36.68,35.81,36.42,228000,-0.0038,-0.0122,8303760.0,7682338.8
2014-01-27,36.44,37.22,35.95,36.49,265600,0.0014,0.0019,9691744.0,7883573.4
2014-01-28,36.63,37.16,36.16,37.1,258300,0.0128,0.0167,9582930.0,7982690.8
2014-01-29,36.84,37.95,36.74,37.47,358400,0.0171,0.01,13429248.0,8157228.8
2014-01-30,37.84,38.68,37.57,38.0,199700,0.0042,0.0141,7588600.0,8932370.3
2014-01-31,37.27,38.37,37.05,37.5,214000,0.0062,-0.0132,8025000.0,8985387.9
2014-02-03,37.48,37.64,35.68,36.28,291500,-0.032,-0.0325,10575620.0,9045340.2
2014-02-04,36.37,36.77,35.96,36.26,203100,-0.003,-0.0006,7364406.0,9596260.6
2014-02-05,36.11,36.11,34.93,35.59,185000,-0.0144,-0.0185,6584150.0,9573140.8
2014-02-06,35.76,37.75,35.76,37.03,189600,0.0355,0.0405,7020888.0,9095287.8
2014-02-07,37.19,37.57,36.8,37.26,256000,0.0019,0.0062,9538560.0,8816634.6
2014-02-10,37.22,37.32,36.43,37.11,281900,-0.003,-0.004,10461309.0,8940114.6
2014-02-11,37.22,37.71,37.22,37.48,180200,0.007,0.01,6753896.0,9017071.1
2014-02-12,37.62,38.5,37.4,37.98,86800,0.0096,0.0133,3296664.0,8734167.7
2014-02-13,37.69,39.0,37.69,38.77,199900,0.0287,0.0208,7750123.0,7720909.3
2014-02-14,38.87,39.7,38.55,39.41,165500,0.0139,0.0165,6522355.0,7737061.6
2014-02-18,39.79,41.46,39.57,41.24,610500,0.0364,0.0464,25177020.0,7586797.1
2014-02-19,41.24,42.21,40.52,40.56,506700,-0.0165,-0.0165,20551752.0,9046937.1
2014-02-20,40.39,41.02,40.18,40.35,353900,-0.001,-0.0052,14279865.0,10365671.7
2014-02-21,41.64,41.69,40.68,40.97,429800,-0.0161,0.0154,17608906.0,11135243.2
2014-02-24,41.06,41.99,41.0,41.36,352700,0.0073,0.0095,14587672.0,12194045.0
2014-02-25,41.44,42.49,41.07,41.62,291400,0.0043,0.0063,12128068.0,12698956.2
2014-02-26,41.81,42.38,41.12,42.3,187600,0.0117,0.0163,7935480.0,12865632.1
2014-02-27,42.25,42.63,41.8,42.48,203200,0.0054,0.0043,8631936.0,12983790.5
2014-02-28,42.7,42.88,41.39,41.63,294900,-0.0251,-0.02,12276687.0,13517317.7
2014-03-03,41.33,41.71,40.18,40.28,287800,-0.0254,-0.0324,11592584.0,13969974.1
2014-03-04,40.82,41.48,40.67,41.16,387400,0.0083,0.0218,15945384.0,14476997.0
2014-03-05,40.94,41.01,39.47,39.8,350100,-0.0278,-0.033,13933980.0,13553833.4
2014-03-06,39.75,39.99,38.75,39.4,212700,-0.0088,-0.0101,8380380.0,12892056.2
2014-03-07,39.56,39.56,35.44,37.6,7053100,-0.0495,-0.0457,265196560.0,12302107.7
2014-03-10,37.0,37.75,36.3,36.6,1919300,-0.0108,-0.0266,70246380.0,37060873.1
2014-03-11,36.77,37.68,36.7,36.91,2174500,0.0038,0.0085,80260795.0,42626743.9
2014-03-12,37.1,37.45,36.31,36.4,780900,-0.0189,-0.0138,28424760.0,49440016.6
2014-03-13,36.25,36.68,35.67,36.08,586200,-0.0047,-0.0088,21150096.0,51488944.6
2014-03-14,35.8,36.71,35.8,36.28,623100,0.0134,0.0055,22606068.0,52740760.6
2014-03-17,36.37,36.73,35.99,36.21,588600,-0.0044,-0.0019,21313206.0,53773698.7
2014-03-18,36.3,36.57,35.65,35.87,569200,-0.0118,-0.0094,20417204.0,54745760.9
2014-03-19,35.82,36.06,35.22,35.43,431700,-0.0109,-0.0123,15295131.0,55192942.9
2014-03-20,35.19,35.77,33.4,34.57,1319800,-0.0176,-0.0243,45625486.0,55329058.0
2014-03-21,34.73,35.12,34.3,34.76,2372900,0.0009,0.0055,82482004.0,59053568.6
2014-03-24,34.76,35.11,34.18,34.25,497800,-0.0147,-0.0147,17049650.0,40782113.0
2014-03-25,34.41,34.91,34.25,34.25,179300,-0.0046,0.0,6141025.0,35462440.0
2014-03-26,34.32,34.48,33.92,33.97,239300,-0.0102,-0.0082,8129021.0,28050463.0
2014-03-27,33.89,34.37,33.55,34.0,422600,0.0032,0.0009,14368400.0,26020889.1
2014-03-28,34.09,34.5,33.32,33.34,313100,-0.022,-0.0194,10438754.0,25342719.5
2014-03-31,33.45,34.11,33.31,33.94,821200,0.0146,0.018,27871528.0,24125988.1
2014-04-01,33.99,35.19,33.77,34.99,313700,0.0294,0.0309,10976363.0,24781820.3
2014-04-02,35.08,35.84,35.05,35.3,367800,0.0063,0.0089,12983340.0,23837736.2
2014-04-03,35.3,35.66,35.09,35.37,212000,0.002,0.002,7498440.0,23606557.1
2014-04-04,35.6,35.78,35.09,35.09,261200,-0.0143,-0.0079,9165508.0,19793852.5
2014-04-07,35.0,35.21,33.59,33.63,146400,-0.0391,-0.0416,4923432.0,12462202.9
2014-04-08,33.7,34.53,33.7,34.36,208600,0.0196,0.0217,7167496.0,11249581.1
2014-04-09,34.53,34.86,34.26,34.6,166700,0.002,0.007,5767820.0,11352228.2
2014-04-10,34.57,35.11,34.24,34.39,203200,-0.0052,-0.0061,6988048.0,11116108.1
2014-04-11,34.21,34.98,34.21,34.68,222700,0.0137,0.0084,7723236.0,10378072.9
2014-04-14,34.84,35.44,34.79,35.01,274800,0.0049,0.0095,9620748.0,10106521.1
2014-04-15,35.0,35.22,34.5,34.9,377700,-0.0029,-0.0031,13181730.0,8281443.1
2014-04-16,35.0,35.45,34.97,35.2,214400,0.0057,0.0086,7546880.0,8501979.8
2014-04-17,35.14,35.33,34.9,34.98,214900,-0.0046,-0.0063,7517202.0,7958333.8
2014-04-21,34.96,35.35,34.82,35.19,190300,0.0066,0.006,6696657.0,7960210.0
2014-04-22,35.14,35.76,35.1,35.72,221700,0.0165,0.0151,7919124.0,7713324.9
2014-04-23,35.53,36.85,35.53,36.29,217600,0.0214,0.016,7896704.0,8012894.1
2014-04-24,36.56,36.56,35.32,35.56,194900,-0.0274,-0.0201,6930644.0,8085814.9
2014-04-25,35.6,35.9,34.75,34.92,272900,-0.0191,-0.018,9529668.0,8202097.3
2014-04-28,34.98,35.37,34.76,35.25,127500,0.0077,0.0095,4494375.0,8456259.3
2014-04-29,35.28,36.66,35.16,36.07,141800,0.0224,0.0233,5114726.0,8133373.2
2014-04-30,36.01,36.13,35.31,35.33,172300,-0.0189,-0.0205,6087359.0,7682771.0
2014-05-01,35.03,35.86,34.66,35.5,357800,0.0134,0.0048,12701900.0,6973333.9
2014-05-02,35.6,36.13,35.12,36.0,160300,0.0112,0.0141,5770800.0,7488835.9
2014-05-05,35.77,36.51,35.73,36.39,173300,0.0173,0.0108,6306387.0,7314195.7
2014-05-06,36.32,36.73,36.16,36.4,138400,0.0022,0.0003,5037760.0,7275168.7
2014-05-07,36.4,36.78,35.76,36.09,170000,-0.0085,-0.0085,6135300.0,6987032.3
2014-05-08,35.91,36.33,35.64,35.75,272300,-0.0045,-0.0094,9734725.0,6810891.9
2014-05-09,35.83,36.13,35.5,35.74,178200,-0.0025,-0.0003,6368868.0,7091300.0
2014-05-12,35.92,37.1,35.6,36.61,200300,0.0192,0.0243,7332983.0,6775220.0
2014-05-13,36.61,37.06,36.6,36.97,203600,0.0098,0.0098,7527092.0,7059080.8
2014-05-14,36.91,37.37,36.57,37.24,371500,0.0089,0.0073,13834660.0,7300317.4
2014-05-15,37.29,37.66,37.08,37.49,357200,0.0054,0.0067,13391428.0,8075047.5
2014-05-16,37.5,38.47,37.38,38.14,364600,0.0171,0.0173,13905844.0,8144000.3
2014-05-19,38.07,39.12,37.9,38.57,477800,0.0131,0.0113,18428746.0,8957504.7
2014-05-20,38.14,39.4,37.7,39.14,353200,0.0262,0.0148,13824248.0,10169740.6
2014-05-21,39.09,39.44,38.26,39.35,257900,0.0067,0.0054,10148365.0,11048389.4
2014-05-22,39.43,40.5,39.43,39.85,281200,0.0107,0.0127,11205820.0,11449695.9
2014-05-23,39.87,40.63,39.87,40.52,214900,0.0163,0.0168,8707748.0,11596805.4
2014-05-27,40.6,41.18,40.39,40.64,146100,0.001,0.003,5937504.0,11830693.4
2014-05-28,40.68,42.15,40.52,41.75,397800,0.0263,0.0273,16608150.0,11691145.5
2014-05-29,41.83,42.12,40.97,40.99,241100,-0.0201,-0.0182,9882689.0,12599251.3
2014-05-30,40.93,41.31,40.87,41.27,176000,0.0083,0.0068,7263520.0,12204054.2
2014-06-02,41.11,41.5,40.74,41.16,205400,0.0012,-0.0027,8454264.0,11591263.4
2014-06-03,41.16,41.19,40.59,40.8,142800,-0.0087,-0.0087,5826240.0,11046105.4
2014-06-04,40.82,41.04,40.4,40.88,288200,0.0015,0.002,11781616.0,9785854.8
2014-06-05,40.86,42.12,40.78,41.69,247100,0.0203,0.0198,10301599.0,9581591.6
2014-06-06,41.87,42.08,41.14,41.95,267500,0.0019,0.0062,11221625.0,9596915.0
2014-06-09,41.84,42.52,41.84,41.93,104300,0.0022,-0.0005,4373299.0,9598495.5
2014-06-10,41.97,42.51,41.54,42.18,201800,0.005,0.006,8511924.0,9165050.6
2014-06-11,41.93,42.34,41.42,41.62,171300,-0.0074,-0.0133,7129506.0,9422492.6
2014-06-12,41.73,42.0,40.99,41.33,284000,-0.0096,-0.007,11737720.0,8474628.2
2014-06-13,41.32,41.75,40.92,41.49,233200,0.0041,0.0039,9675468.0,8660131.3
2014-06-16,41.57,42.0,41.26,41.61,139300,0.001,0.0029,5796273.0,8901326.1
2014-06-17,41.38,42.07,41.26,41.7,117500,0.0077,0.0022,4899750.0,8635527.0
2014-06-18,41.56,41.81,41.13,41.18,114000,-0.0091,-0.0125,4694520.0,8542878.0
2014-06-19,41.16,41.28,40.6,40.8,147700,-0.0087,-0.0092,6026160.0,7834168.4
2014-06-20,40.8,41.52,40.61,41.24,180800,0.0108,0.0108,7456192.0,7406624.5
2014-06-23,41.23,41.39,40.83,41.07,109100,-0.0039,-0.0041,4480737.0,7030081.2
2014-06-24,41.02,41.59,40.84,41.12,284000,0.0024,0.0012,11678080.0,7040825.0
2014-06-25,40.84,41.56,40.73,41.27,200900,0.0105,0.0036,8291143.0,7357440.6
2014-06-26,41.3,41.89,41.3,41.52,135200,0.0053,0.0061,5613504.0,7473604.3
2014-06-27,41.35,41.78,40.9,41.21,153400,-0.0034,-0.0075,6321614.0,6861182.7
2014-06-30,41.15,41.74,41.15,41.66,225900,0.0124,0.0109,9410994.0,6525797.3
2014-07-01,41.6,41.91,41.45,41.7,145200,0.0024,0.001,6054840.0,6887269.4
2014-07-02,41.65,41.82,40.99,41.18,132700,-0.0113,-0.0125,5464586.0,7002778.4
2014-07-03,41.25,41.25,40.63,40.8,170900,-0.0109,-0.0092,6972720.0,7079785.0
2014-07-07,40.8,40.8,39.52,39.64,325000,-0.0284,-0.0284,12883000.0,7174441.0
2014-07-08,39.6,39.84,39.1,39.29,200800,-0.0078,-0.0088,7889432.0,7717121.8
2014-07-09,39.35,40.01,39.25,39.35,179100,0.0,0.0015,7047585.0,8057991.3
2014-07-10,38.86,39.42,38.77,39.34,135300,0.0124,-0.0003,5322702.0,7594941.8
2014-07-11,39.38,39.45,39.17,39.34,60100,-0.001,0.0,2364334.0,7298097.7
2014-07-14,39.41,39.87,39.28,39.58,85700,0.0043,0.0061,3392006.0,6973180.7
2014-07-15,39.51,39.8,39.25,39.31,111900,-0.0051,-0.0068,4398789.0,6680219.9
2014-07-16,39.47,40.59,39.41,40.36,132000,0.0225,0.0267,5327520.0,6178999.4
2014-07-17,40.32,41.03,40.32,40.83,146500,0.0126,0.0116,5981595.0,6106267.4
2014-07-18,41.08,42.1,40.66,40.93,204100,-0.0037,0.0024,8353813.0,6157968.3
2014-07-21,40.93,40.93,40.56,40.67,79600,-0.0064,-0.0064,3237332.0,6296077.6
2014-07-22,40.84,41.05,40.45,40.59,72800,-0.0061,-0.002,2954952.0,5331510.8
2014-07-23,40.58,40.99,40.38,40.89,85100,0.0076,0.0074,3479739.0,4838062.8
2014-07-24,40.81,40.95,40.57,40.62,68000,-0.0047,-0.0066,2762160.0,4481278.2
2014-07-25,40.61,40.61,40.22,40.29,97600,-0.0079,-0.0081,3932304.0,4225224.0
2014-07-28,40.24,40.46,39.9,39.96,104700,-0.007,-0.0082,4183812.0,4382021.0
2014-07-29,39.98,40.45,39.77,39.91,71400,-0.0018,-0.0013,2849574.0,4461201.6
2014-07-30,40.0,40.0,38.75,39.01,164900,-0.0248,-0.0226,6432749.0,4306280.1
2014-07-31,38.5,38.65,37.53,38.21,220600,-0.0075,-0.0205,8429126.0,4416803.0
2014-08-01,38.1,38.1,36.61,36.9,288900,-0.0315,-0.0343,10660410.0,4661556.1
2014-08-04,36.99,37.93,36.56,37.9,222300,0.0246,0.0271,8425170.0,4892215.8
2014-08-05,37.78,38.42,37.13,37.51,189500,-0.0071,-0.0103,7108145.0,5410999.6
2014-08-06,37.41,38.5,36.82,37.35,234400,-0.0016,-0.0043,8754840.0,5826318.9
2014-08-07,38.71,38.96,37.3,37.69,126600,-0.0263,0.0091,4771554.0,6353829.0
2014-08-08,37.88,39.09,37.76,39.01,149000,0.0298,0.035,5812490.0,6554768.4
2014-08-11,39.0,40.38,39.0,39.93,194300,0.0238,0.0236,7758399.0,6742787.0
2014-08-12,39.96,40.34,39.74,40.09,131100,0.0033,0.004,5255799.0,7100245.7
2014-08-13,40.1,41.01,40.09,40.95,141800,0.0212,0.0215,5806710.0,7340868.2
2014-08-14,41.03,41.46,40.6,41.09,130700,0.0015,0.0034,5370463.0,7278264.3
2014-08-15,41.24,41.56,40.94,41.11,134600,-0.0032,0.0005,5533406.0,6972398.0
2014-08-18,41.11,41.48,40.99,41.43,219500,0.0078,0.0078,9093885.0,6459697.6
2014-08-19,41.65,41.65,41.09,41.29,172100,-0.0086,-0.0034,7106009.0,6526569.1
2014-08-20,41.17,41.26,40.89,40.99,157200,-0.0044,-0.0073,6443628.0,6526355.5
2014-08-21,41.05,41.07,40.65,41.0,98000,-0.0012,0.0002,4018000.0,6295234.3
2014-08-22,40.98,41.1,40.7,41.05,219900,0.0017,0.0012,9026895.0,6219878.9
2014-08-25,41.14,41.17,40.92,41.04,407000,-0.0024,-0.0002,16703280.0,6541319.4
2014-08-26,41.09,41.43,40.89,41.37,739400,0.0068,0.008,30588978.0,7435807.5
2014-08-27,41.33,41.42,40.89,41.05,228800,-0.0068,-0.0077,9392240.0,9969125.4
2014-08-28,40.89,41.34,40.76,41.13,326900,0.0059,0.0019,13445397.0,10327678.4
2014-08-29,40.72,41.25,40.7,41.1,224600,0.0093,-0.0007,9231060.0,11135171.8
2014-09-02,41.0,41.19,40.83,41.0,221500,0.0,-0.0024,9081500.0,11504937.2
2014-09-03,41.1,41.12,40.83,40.96,195200,-0.0034,-0.001,7995392.0,11503698.7
2014-09-04,40.98,41.31,40.7,41.12,454300,0.0034,0.0039,18680816.0,11592637.0
2014-09-05,41.2,41.66,41.03,41.61,123000,0.01,0.0119,5118030.0,12816355.8
2014-09-08,41.46,41.74,41.41,41.62,98600,0.0039,0.0002,4103732.0,12926358.8
2014-09-09,41.48,41.66,41.32,41.44,121200,-0.001,-0.0043,5022528.0,12434042.5
2014-09-10,41.36,41.45,40.9,41.31,80700,-0.0012,-0.0031,3333717.0,11265967.3
2014-09-11,41.18,41.71,40.91,41.57,147000,0.0095,0.0063,6110790.0,8540441.2
2014-09-12,41.44,41.44,40.12,40.44,240800,-0.0241,-0.0272,9737952.0,8212296.2
2014-09-15,40.35,40.58,40.03,40.19,157900,-0.004,-0.0062,6346001.0,7841551.7
2014-09-16,40.02,41.23,40.02,41.2,156100,0.0295,0.0251,6431320.0,7553045.8
2014-09-17,41.15,41.33,40.52,40.82,126400,-0.008,-0.0092,5159648.0,7288027.8
2014-09-18,40.82,41.11,40.52,40.95,518100,0.0032,0.0032,21216195.0,7004453.4
2014-09-19,41.05,41.6,40.85,41.34,242400,0.0071,0.0095,10020816.0,7257991.3
2014-09-22,41.17,41.3,40.89,41.26,160200,0.0022,-0.0019,6609852.0,7748269.9
2014-09-23,41.23,41.48,40.6,40.67,199200,-0.0136,-0.0143,8101464.0,7998881.9
2014-09-24,40.81,40.84,40.26,40.67,160400,-0.0034,0.0,6523468.0,8306775.5
2014-09-25,40.55,40.84,39.86,40.54,221300,-0.0002,-0.0032,8971502.0,8625750.6
2014-09-26,40.6,41.46,40.3,41.45,351200,0.0209,0.0224,14557240.0,8911821.8
2014-09-29,41.21,41.39,40.87,41.27,156400,0.0015,-0.0043,6454628.0,9393750.6
2014-09-30,41.29,41.47,40.81,41.33,346900,0.001,0.0015,14337377.0,9404613.3
2014-10-01,41.24,41.52,40.66,40.86,294700,-0.0092,-0.0114,12041442.0,10195219.0
2014-10-02,40.73,40.76,39.56,40.2,310900,-0.013,-0.0162,12498180.0,10883398.4
2014-10-03,40.28,40.63,39.77,40.16,250500,-0.003,-0.001,10060080.0,10011596.9
2014-10-06,40.17,40.45,39.89,40.12,205300,-0.0012,-0.001,8236636.0,10015523.3
2014-10-07,40.04,40.11,39.3,39.33,199100,-0.0177,-0.0197,7830603.0,10178201.7
2014-10-08,39.25,39.25,37.89,38.71,271900,-0.0138,-0.0158,10525249.0,10151115.6
2014-10-09,38.67,39.02,37.12,37.25,445400,-0.0367,-0.0377,16591150.0,10551293.7
2014-10-10,37.15,37.15,34.49,35.72,646700,-0.0385,-0.0411,23100124.0,11313258.5
2014-10-13,35.72,36.11,32.48,32.55,420500,-0.0887,-0.0887,13687275.0,12167546.9
2014-10-14,32.55,33.23,31.24,31.9,425200,-0.02,-0.02,13563880.0,12890811.6
2014-10-15,31.88,33.22,31.06,33.16,489700,0.0402,0.0395,16238452.0,12813461.9
2014-10-16,33.02,38.0,32.83,37.47,714900,0.1348,0.13,26787303.0,13233162.9
2014-10-17,38.19,38.67,36.9,37.61,591900,-0.0152,0.0037,22261359.0,14662075.2
2014-10-20,37.5,37.87,36.93,37.86,225900,0.0096,0.0066,8552574.0,15882203.1
2014-10-21,38.18,39.87,38.03,39.47,263100,0.0338,0.0425,10384557.0,15913796.9
2014-10-22,39.45,39.6,38.66,38.7,174000,-0.019,-0.0195,6733800.0,16169192.3
2014-10-23,39.1,39.39,38.51,38.85,146200,-0.0064,0.0039,5679870.0,15790047.4
2014-10-24,38.82,39.07,38.28,38.74,170500,-0.0021,-0.0028,6605170.0,14698919.4
2014-10-27,38.74,38.74,37.88,38.38,121300,-0.0093,-0.0093,4655494.0,13049424.0
2014-10-28,38.4,39.03,38.3,39.03,155700,0.0164,0.0169,6076971.0,12146245.9
2014-10-29,39.0,39.23,37.97,38.65,133900,-0.009,-0.0097,5175235.0,11397555.0
2014-10-30,38.3,38.47,37.85,38.0,88300,-0.0078,-0.0168,3355400.0,10291233.3
2014-10-31,38.23,38.3,37.75,37.9,272500,-0.0086,-0.0026,10327750.0,7948043.0
2014-11-03,37.9,38.41,37.32,37.95,203000,0.0013,0.0013,7703850.0,6754682.1
2014-11-04,37.95,38.02,36.28,36.4,524600,-0.0408,-0.0408,19095440.0,6669809.7
2014-11-05,37.0,37.0,35.97,36.75,267300,-0.0068,0.0096,9823275.0,7540898.0
2014-11-06,36.69,36.95,35.82,36.74,205800,0.0014,-0.0003,7561092.0,7849845.5
2014-11-07,36.68,36.92,36.36,36.65,226500,-0.0008,-0.0024,8301225.0,8037967.7
2014-11-10,36.69,36.96,36.02,36.49,124400,-0.0055,-0.0044,4539356.0,8207573.2
2014-11-11,36.4,36.74,35.95,36.7,177600,0.0082,0.0058,6517920.0,8195959.4
2014-11-12,36.51,37.2,36.5,36.6,223300,0.0025,-0.0027,8172780.0,8240054.3
2014-11-13,36.6,36.75,35.33,35.83,135600,-0.021,-0.021,4858548.0,8539808.8
2014-11-14,35.8,36.15,35.53,35.94,160700,0.0039,0.0031,5775558.0,8690123.6
2014-11-17,35.87,35.87,35.03,35.71,189400,-0.0045,-0.0064,6763474.0,8234904.4
2014-11-18,35.64,36.47,35.64,36.32,180700,0.0191,0.0171,6563024.0,8140866.8
2014-11-19,36.29,36.63,35.95,36.59,129400,0.0083,0.0074,4734746.0,6887625.2
2014-11-20,36.49,38.04,36.49,37.56,286000,0.0293,0.0265,10742160.0,6378772.3
2014-11-21,38.0,38.3,37.27,38.0,239300,0.0,0.0117,9093400.0,6696879.1
2014-11-24,37.92,38.5,37.56,37.96,176500,0.0011,-0.0011,6699940.0,6776096.6
2014-11-25,37.96,38.46,37.71,38.2,183200,0.0063,0.0063,6998240.0,6992155.0
2014-11-26,38.25,38.38,37.67,38.29,140400,0.001,0.0024,5375916.0,7040187.0
2014-11-28,37.11,37.86,36.04,36.17,94600,-0.0253,-0.0554,3421682.0,6760500.6
2014-12-01,35.98,35.98,32.82,33.07,374700,-0.0809,-0.0857,12391329.0,6616814.0
2014-12-02,33.34,34.62,32.11,33.81,314100,0.0141,0.0224,10619721.0,7278391.1
2014-12-03,33.99,34.56,33.83,33.98,223700,-0.0003,0.005,7601326.0,7664015.8
2014-12-04,32.61,34.27,32.02,34.15,224000,0.0472,0.005,7649600.0,7767846.0
2014-12-05,34.11,34.42,33.77,34.1,169100,-0.0003,-0.0015,5766310.0,8059331.4
2014-12-08,33.71,33.71,31.11,31.47,368500,-0.0664,-0.0771,11596695.0,7561746.4
2014-12-09,31.26,31.99,30.87,31.32,307700,0.0019,-0.0048,9637164.0,7812075.9
2014-12-10,31.48,31.48,30.18,30.33,196000,-0.0365,-0.0316,5944680.0,8105798.3
2014-12-11,30.53,31.4,30.05,30.2,158300,-0.0108,-0.0043,4780660.0,8000442.3
2014-12-12,29.4,30.69,28.23,30.59,371500,0.0405,0.0129,11364185.0,7940916.7
2014-12-15,30.63,31.09,29.8,30.6,299000,-0.001,0.0003,9149400.0,8735167.0
2014-12-16,30.23,31.93,29.72,31.32,362100,0.0361,0.0235,11340972.0,8410974.1
2014-12-17,31.32,33.14,30.97,32.89,213100,0.0501,0.0501,7008859.0,8483099.2
2014-12-18,33.65,34.06,32.92,33.49,296700,-0.0048,0.0182,9936483.0,8423852.5
2014-12-19,33.66,34.13,33.14,33.51,324000,-0.0045,0.0006,10857240.0,8652540.8
2014-12-22,33.51,33.74,32.59,33.46,224400,-0.0015,-0.0015,7508424.0,9161633.8
2014-12-23,33.27,34.53,33.1,34.4,253000,0.034,0.0281,8703200.0,8752806.7
2014-12-24,34.43,34.83,34.08,34.43,91500,0.0,0.0009,3150345.0,8659410.3
2014-12-26,34.71,34.8,33.99,34.34,77900,-0.0107,-0.0026,2675086.0,8379976.8
2014-12-29,34.53,35.99,34.4,35.79,226100,0.0365,0.0422,8092119.0,8169419.4
2014-12-30,35.66,35.89,34.99,35.31,173400,-0.0098,-0.0134,6122754.0,7842212.8
2014-12-31,35.31,36.82,35.04,35.56,447400,0.0071,0.0071,15909544.0,7539548.2
2015-01-02,35.5,36.19,35.1,35.83,180100,0.0093,0.0076,6452983.0,7996405.4
2015-01-05,35.49,35.52,34.02,34.19,217100,-0.0366,-0.0458,7422649.0,7940817.8
2015-01-06,34.15,34.55,32.67,33.25,149400,-0.0264,-0.0275,4967550.0,7689434.4
2015-01-07,34.92,35.75,32.8,33.2,216600,-0.0493,-0.0015,7191120.0,7100465.4
2015-01-08,33.38,33.88,32.84,33.18,202600,-0.006,-0.0006,6722268.0,7068735.0
2015-01-09,33.2,33.59,32.14,32.48,301700,-0.0217,-0.0211,9799216.0,6870641.8
2015-01-12,32.14,32.43,31.24,31.81,218300,-0.0103,-0.0206,6944123.0,7535528.9
2015-01-13,32.03,32.58,31.01,31.24,164100,-0.0247,-0.0179,5126484.0,7962432.6
2015-01-14,30.85,31.38,30.15,31.22,192600,0.012,-0.0006,6012972.0,7665869.1
2015-01-15,31.49,32.08,30.92,31.16,169100,-0.0105,-0.0019,5269156.0,7654890.9
2015-01-16,31.14,33.63,31.14,33.18,444800,0.0655,0.0648,14758464.0,6590852.1
2015-01-20,33.07,33.52,32.6,33.13,260100,0.0018,-0.0015,8617113.0,7421400.2
2015-01-21,33.16,34.01,33.01,33.62,138000,0.0139,0.0148,4639560.0,7540846.6
2015-01-22,33.88,34.33,33.6,34.03,157400,0.0044,0.0122,5356322.0,7508047.6
2015-01-23,33.82,34.47,33.57,34.14,130200,0.0095,0.0032,4445028.0,7324567.8
2015-01-26,34.26,34.43,33.8,34.06,90300,-0.0058,-0.0023,3075618.0,7096843.8
2015-01-27,33.7,34.15,33.57,33.8,147400,0.003,-0.0076,4982120.0,6424484.0
2015-01-28,33.76,33.95,31.63,31.87,257500,-0.056,-0.0571,8206525.0,6228283.7
2015-01-29,31.77,32.41,30.75,31.6,179300,-0.0054,-0.0085,5665880.0,6536287.8
2015-01-30,31.44,32.32,31.1,31.64,157700,0.0064,0.0013,4989628.0,6501578.6
2015-02-02,32.06,33.89,32.06,33.49,273400,0.0446,0.0585,9156166.0,6473625.8
2015-02-03,33.95,34.19,33.46,33.53,282500,-0.0124,0.0012,9472225.0,5913396.0
2015-02-04,33.17,33.31,32.7,33.0,193600,-0.0051,-0.0158,6388800.0,5998907.2
2015-02-05,33.36,33.61,33.05,33.1,3651900,-0.0078,0.003,120877890.0,6173831.2
2015-02-06,33.17,34.02,33.12,33.67,194200,0.0151,0.0172,6538714.0,17725988.0
2015-02-09,33.76,34.1,33.25,33.37,224300,-0.0116,-0.0089,7484891.0,17935356.6
2015-02-10,33.51,34.06,33.03,33.71,162000,0.006,0.0102,5461020.0,18376283.9
2015-02-11,33.39,34.09,33.14,33.52,246300,0.0039,-0.0056,8255976.0,18424173.9
2015-02-12,33.83,35.45,33.83,35.2,173500,0.0405,0.0501,6107200.0,18429119.0
2015-02-13,36.5,36.5,35.88,36.29,133900,-0.0058,0.031,4859231.0,18473251.0
2015-02-17,36.08,36.94,35.58,36.48,174000,0.0111,0.0052,6347520.0,18460211.3
2015-02-18,36.67,37.0,35.31,35.41,667900,-0.0344,-0.0293,23650339.0,18179346.7
2015-02-19,34.74,35.47,34.54,35.01,610200,0.0078,-0.0113,21363102.0,19597158.1
2015-02-20,34.93,35.53,34.54,35.44,281700,0.0146,0.0123,9983448.0,21094588.3
2015-02-23,35.25,35.4,34.67,35.12,176900,-0.0037,-0.009,6212728.0,10005144.1
2015-02-24,35.18,35.18,34.16,34.39,282100,-0.0225,-0.0208,9701419.0,9972545.5
2015-02-25,34.46,34.97,34.09,34.57,313700,0.0032,0.0052,10844609.0,10194198.3
2015-02-26,34.45,34.6,33.17,33.32,387000,-0.0328,-0.0362,12894840.0,10732557.2
2015-02-27,33.52,33.93,33.27,33.36,218800,-0.0048,0.0012,7299168.0,11196443.6
2015-03-02,33.31,33.85,33.14,33.64,122000,0.0099,0.0084,4104080.0,11315640.4
2015-03-03,33.64,34.19,33.44,34.13,250200,0.0146,0.0146,8539326.0,11240125.3
2015-03-04,34.0,34.25,33.57,34.01,152800,0.0003,-0.0035,5196728.0,11459305.9
2015-03-05,34.08,34.23,33.5,34.1,189200,0.0006,0.0026,6451720.0,9613944.8
2015-03-06,33.83,34.27,33.44,33.65,245600,-0.0053,-0.0132,8264440.0,8122806.6
2015-03-09,33.66,33.94,32.53,32.66,300000,-0.0297,-0.0294,9798000.0,7950905.8
2015-03-10,32.5,32.58,32.03,32.42,154600,-0.0025,-0.0073,5012132.0,8309433.0
2015-03-11,32.42,32.65,31.64,31.84,379900,-0.0179,-0.0179,12096016.0,7840504.3
2015-03-12,31.87,32.04,30.99,31.08,300000,-0.0248,-0.0239,9324000.0,7965645.0
2015-03-13,30.92,31.14,30.38,30.8,190500,-0.0039,-0.009,5867400.0,7608561.0
2015-03-16,30.58,31.08,30.49,31.02,155900,0.0144,0.0071,4836018.0,7465384.2
2015-03-17,30.75,31.66,30.68,31.52,236600,0.025,0.0161,7457632.0,7538578.0
2015-03-18,31.35,32.24,30.96,31.88,449200,0.0169,0.0114,14320496.0,7430408.6
2015-03-19,31.65,32.15,31.29,31.49,91600,-0.0051,-0.0122,2884484.0,8342785.4
2015-03-20,31.78,32.45,31.69,31.72,195200,-0.0019,0.0073,6191744.0,7986061.8
2015-03-23,31.74,32.45,31.71,32.05,197700,0.0098,0.0104,6336285.0,7778792.2
2015-03-24,32.17,32.17,31.37,31.64,231000,-0.0165,-0.0128,7308840.0,7432620.7
2015-03-25,31.15,31.85,31.14,31.32,800600,0.0055,-0.0101,25074792.0,7662291.5
2015-03-26,31.5,32.0,31.38,31.69,529800,0.006,0.0118,16789362.0,8960169.1
2015-03-27,31.67,32.8,31.58,32.16,275400,0.0155,0.0148,8856864.0,9706705.3
2015-03-30,32.2,32.82,32.19,32.59,245200,0.0121,0.0134,7991068.0,10005651.7
2015-03-31,32.47,32.95,32.46,32.54,256200,0.0022,-0.0015,8336748.0,10321156.7
2015-04-01,32.54,33.26,32.3,32.44,208400,-0.0031,-0.0031,6760496.0,10409068.3
2015-04-02,32.34,32.9,31.78,32.28,235200,-0.0019,-0.0049,7592256.0,9653068.3
2015-04-06,32.26,32.54,32.05,32.4,182200,0.0043,0.0037,5903280.0,10123845.5
2015-04-07,32.49,32.98,32.29,32.92,118900,0.0132,0.016,3914188.0,10094999.1
2015-04-08,33.0,33.47,32.86,32.94,215600,-0.0018,0.0006,7101864.0,9852789.4
2015-04-09,33.0,33.82,32.99,33.63,186200,0.0191,0.0209,6261906.0,9832091.8
2015-04-10,33.7,34.23,33.66,33.88,291000,0.0053,0.0074,9859080.0,7950803.2
2015-04-13,33.88,34.1,33.52,33.74,256100,-0.0041,-0.0041,8640814.0,7257775.0
2015-04-14,33.77,34.51,33.77,34.36,306800,0.0175,0.0184,10541648.0,7236170.0
2015-04-15,34.54,34.98,34.37,34.75,202200,0.0061,0.0114,7026450.0,7491228.0
2015-04-16,34.68,34.96,34.52,34.91,168600,0.0066,0.0046,5885826.0,7360198.2
2015-04-17,34.73,34.98,34.3,34.72,193400,-0.0003,-0.0054,6714848.0,7272731.2
2015-04-20,34.88,35.49,34.59,34.75,131600,-0.0037,0.0009,4573100.0,7184990.4
2015-04-21,34.83,35.11,34.3,34.5,196100,-0.0095,-0.0072,6765450.0,7051972.4
2015-04-22,34.66,35.05,34.14,35.02,177700,0.0104,0.0151,6223054.0,7337098.6
2015-04-23,35.09,35.44,34.65,35.02,149300,-0.002,0.0,5228486.0,7249217.6
2015-04-24,34.95,35.3,34.4,34.79,162400,-0.0046,-0.0066,5649896.0,7145875.6
2015-04-27,34.91,35.03,34.71,34.93,97300,0.0006,0.004,3398689.0,6724957.2
2015-04-28,34.99,35.25,34.67,34.96,118600,-0.0009,0.0009,4146256.0,6200744.7
2015-04-29,34.57,35.55,34.57,35.06,263600,0.0142,0.0029,9241816.0,5561205.5
2015-04-30,34.82,35.56,34.6,35.15,768600,0.0095,0.0026,27016290.0,5782742.1
2015-05-01,35.23,35.44,34.88,35.32,138900,0.0026,0.0048,4905948.0,7895788.5
2015-05-04,35.47,35.57,34.65,34.84,181400,-0.0178,-0.0136,6319976.0,7714898.5
2015-05-05,34.93,35.26,34.54,34.8,212300,-0.0037,-0.0011,7388040.0,7889586.1
2015-05-06,35.15,35.15,34.35,34.55,125900,-0.0171,-0.0072,4349845.0,7951845.1
2015-05-07,34.58,34.58,33.71,34.06,199400,-0.015,-0.0142,6791564.0,7764524.2
2015-05-08,34.07,34.32,33.52,34.31,109800,0.007,0.0073,3767238.0,7920832.0
2015-05-11,34.26,34.28,33.61,34.0,179500,-0.0076,-0.009,6103000.0,7732566.2
2015-05-12,34.18,34.41,33.23,33.66,167700,-0.0152,-0.01,5644782.0,8002997.3
2015-05-13,33.96,34.24,33.67,33.9,101300,-0.0018,0.0071,3434070.0,8152849.9
2015-05-14,33.95,34.04,33.31,33.52,99700,-0.0127,-0.0112,3341944.0,7572075.3
2015-05-15,33.51,33.84,33.03,33.82,297200,0.0093,0.0089,10051304.0,5204640.7
2015-05-18,33.67,34.1,33.42,34.1,132900,0.0128,0.0083,4531890.0,5719176.3
2015-05-19,34.01,34.01,33.33,33.59,110600,-0.0123,-0.015,3715054.0,5540367.7
2015-05-20,33.53,33.66,33.36,33.6,111800,0.0021,0.0003,3756480.0,5173069.1
2015-05-21,33.6,34.07,33.55,33.82,92500,0.0065,0.0065,3128350.0,5113732.6
2015-05-22,33.65,34.0,33.57,33.85,78500,0.0059,0.0009,2657225.0,4747411.2
2015-05-26,33.65,33.85,33.16,33.33,119400,-0.0095,-0.0154,3979602.0,4636409.9
2015-05-27,33.4,33.79,32.97,33.67,183000,0.0081,0.0102,6161610.0,4424070.1
2015-05-28,33.6,33.6,32.78,33.2,170400,-0.0119,-0.014,5657280.0,4475752.9
2015-05-29,33.2,33.24,32.77,33.11,215200,-0.0027,-0.0027,7125272.0,4698073.9
2015-06-01,33.1,33.43,32.87,33.05,104300,-0.0015,-0.0018,3447115.0,5076406.7
2015-06-02,33.17,33.58,33.09,33.56,190100,0.0118,0.0154,6379756.0,4415987.8
2015-06-03,33.5,33.76,33.21,33.33,85600,-0.0051,-0.0069,2853048.0,4600774.4
2015-06-04,33.24,33.26,32.77,32.82,116100,-0.0126,-0.0153,3810402.0,4514573.8
2015-06-05,32.67,33.29,32.33,32.94,157100,0.0083,0.0037,5174874.0,4519966.0
2015-06-08,32.83,33.06,32.23,32.24,171700,-0.018,-0.0213,5535608.0,4724618.4
2015-06-09,32.3,32.53,32.03,32.11,186700,-0.0059,-0.004,5994937.0,5012456.7
2015-06-10,32.38,32.6,31.94,32.3,117000,-0.0025,0.0059,3779100.0,5213990.2
2015-06-11,32.29,32.29,31.95,32.04,103400,-0.0077,-0.008,3312936.0,4975739.2
2015-06-12,31.58,31.78,31.26,31.38,241500,-0.0063,-0.0206,7578270.0,4741304.8
2015-06-15,31.02,32.28,30.83,31.77,351200,0.0242,0.0124,11157624.0,4786604.6
2015-06-16,31.79,32.16,31.08,31.8,290900,0.0003,0.0009,9250620.0,5557655.5
2015-06-17,31.98,32.3,31.43,32.21,260700,0.0072,0.0129,8397147.0,5844741.9
2015-06-18,32.2,32.52,31.88,32.51,273500,0.0096,0.0093,8891485.0,6399151.8
2015-06-19,32.34,32.38,31.68,31.88,833600,-0.0142,-0.0194,26575168.0,6907260.1
2015-06-22,32.18,33.24,32.18,32.57,211300,0.0121,0.0216,6882041.0,9047289.5
2015-06-23,32.66,33.1,32.44,33.07,199500,0.0126,0.0154,6597465.0,9181932.8
2015-06-24,32.97,33.17,32.68,32.81,97100,-0.0049,-0.0079,3185851.0,9242185.6
2015-06-25,32.89,32.9,32.3,32.3,153700,-0.0179,-0.0155,4964510.0,9182860.7
2015-06-26,32.19,32.46,31.93,32.14,156100,-0.0016,-0.005,5017054.0,9348018.1
2015-06-29,31.74,31.77,31.3,31.42,126600,-0.0101,-0.0224,3977772.0,9091896.5
2015-06-30,31.58,31.85,31.05,31.09,446200,-0.0155,-0.0105,13872358.0,8373911.3
2015-07-01,31.53,31.53,30.53,30.65,334800,-0.0279,-0.0142,10261620.0,8836085.1
2015-07-02,30.77,31.14,30.46,31.03,196200,0.0084,0.0124,6088086.0,9022532.4
2015-07-06,30.6,30.72,30.21,30.41,184300,-0.0062,-0.02,5604563.0,8742192.5
2015-07-07,30.23,30.44,29.62,30.3,484500,0.0023,-0.0036,14680350.0,6645132.0
2015-07-08,30.05,30.33,29.5,29.79,252600,-0.0087,-0.0168,7524954.0,7424962.9
2015-07-09,30.09,30.19,29.74,29.81,176900,-0.0093,0.0007,5273389.0,7517711.8
2015-07-10,30.08,30.16,29.83,30.0,245200,-0.0027,0.0064,7356000.0,7726465.6
2015-07-13,30.02,30.94,29.94,30.51,390800,0.0163,0.017,11923308.0,7965614.6
2015-07-14,30.52,30.91,30.5,30.7,152600,0.0059,0.0062,4684820.0,8656240.0
2015-07-15,30.35,30.9,29.97,30.0,457000,-0.0115,-0.0228,13710000.0,8726944.8
2015-07-16,30.08,30.18,29.16,29.37,195300,-0.0236,-0.021,5735961.0,8710709.0
2015-07-17,29.3,29.42,28.47,28.89,180600,-0.014,-0.0163,5217534.0,8258143.1
2015-07-20,28.79,28.85,27.97,28.08,236300,-0.0247,-0.028,6635304.0,8171087.9
2015-07-21,28.09,28.75,27.72,28.45,491500,0.0128,0.0132,13983175.0,8274162.0
2015-07-22,28.28,28.28,27.41,27.61,251500,-0.0237,-0.0295,6943915.0,8204444.5
2015-07-23,27.6,27.96,27.38,27.47,172100,-0.0047,-0.0051,4727587.0,8146340.6
2015-07-24,27.19,27.53,26.78,27.06,274700,-0.0048,-0.0149,7433382.0,8091760.4
2015-07-27,26.76,26.91,26.4,26.69,200400,-0.0026,-0.0137,5348676.0,8099498.6
2015-07-28,26.8,27.34,26.61,27.17,384200,0.0138,0.018,10438714.0,7442035.4
2015-07-29,26.93,27.45,26.81,27.4,220700,0.0175,0.0085,6047180.0,8017424.8
2015-07-30,27.38,27.45,27.05,27.19,137900,-0.0069,-0.0077,3749501.0,7251142.8
2015-07-31,27.11,27.22,26.83,26.95,171000,-0.0059,-0.0088,4608450.0,7052496.8
2015-08-03,26.76,27.04,25.56,25.78,280700,-0.0366,-0.0434,7236446.0,6991588.4
2015-08-04,25.87,25.91,25.2,25.29,415700,-0.0224,-0.019,10513053.0,7051702.6
2015-08-05,25.4,25.84,23.68,23.83,469000,-0.0618,-0.0577,11176270.0,6704690.4
2015-08-06,23.8,24.77,22.86,24.35,545600,0.0231,0.0218,13285360.0,7127925.9
2015-08-07,24.31,24.98,23.82,24.17,547800,-0.0058,-0.0074,13240326.0,7983703.2
2015-08-10,24.22,24.95,24.22,24.85,280600,0.026,0.0281,6972910.0,8564397.6
2015-08-11,24.98,24.99,23.81,24.57,311000,-0.0164,-0.0113,7641270.0,8726821.0
2015-08-12,24.42,25.71,24.24,25.71,308000,0.0528,0.0464,7918680.0,8447076.6
2015-08-13,25.62,25.72,24.45,24.58,205300,-0.0406,-0.044,5046274.0,8634226.6
2015-08-14,24.82,24.98,24.18,24.61,204800,-0.0085,0.0012,5040128.0,8763903.9
2015-08-17,24.5,25.3,24.44,25.19,222600,0.0282,0.0236,5607294.0,8807071.7
2015-08-18,25.18,25.23,24.65,24.9,126400,-0.0111,-0.0115,3147360.0,8644156.5
2015-08-19,24.92,24.95,23.96,24.27,299900,-0.0261,-0.0253,7278573.0,7907587.2
2015-08-20,24.25,24.25,23.32,23.32,212100,-0.0384,-0.0391,4946172.0,7517817.5
2015-08-21,23.19,23.38,22.59,22.61,222800,-0.025,-0.0304,5037508.0,6683898.7
2015-08-24,20.97,22.56,20.6,21.24,451700,0.0129,-0.0606,9594108.0,5863616.9
2015-08-25,21.95,22.02,21.03,21.04,309600,-0.0415,-0.0094,6513984.0,6125736.7
2015-08-26,21.46,21.72,21.09,21.69,368900,0.0107,0.0309,8001441.0,6013008.1
2015-08-27,22.41,23.12,22.09,23.0,251500,0.0263,0.0604,5784500.0,6021284.2
2015-08-28,23.06,23.78,23.02,23.75,188000,0.0299,0.0326,4465000.0,6095106.8
2015-08-31,23.54,24.23,23.03,23.86,226100,0.0136,0.0046,5394746.0,6037594.0
2015-09-01,23.31,23.52,22.6,22.82,281100,-0.021,-0.0436,6414702.0,6016339.2
2015-09-02,23.18,23.18,21.83,22.35,222900,-0.0358,-0.0206,4981815.0,6343073.4
2015-09-03,22.43,23.04,22.29,22.55,193800,0.0053,0.0089,4370190.0,6113397.6
2015-09-04,22.22,22.55,22.2,22.49,84500,0.0122,-0.0027,1900405.0,6055799.4
2015-09-08,22.61,22.92,22.47,22.57,299100,-0.0018,0.0036,6750687.0,5742089.1
2015-09-09,22.98,23.23,21.48,21.58,335300,-0.0609,-0.0439,7235774.0,5457747.0
2015-09-10,21.62,21.96,21.22,21.31,245100,-0.0143,-0.0125,5223081.0,5529926.0
2015-09-11,21.11,21.11,20.3,20.46,239900,-0.0308,-0.0399,4908354.0,5252090.0
2015-09-14,20.31,20.31,20.01,20.08,177600,-0.0113,-0.0186,3566208.0,5164475.4
2015-09-15,20.1,20.57,20.0,20.15,172700,0.0025,0.0035,3479905.0,5074596.2
2015-09-16,20.3,20.68,20.27,20.63,426400,0.0163,0.0238,8796632.0,4883112.1
2015-09-17,20.59,21.71,20.59,21.34,143800,0.0364,0.0344,3068692.0,5121305.1
2015-09-18,20.93,21.29,20.17,20.25,181700,-0.0325,-0.0511,3679425.0,4929992.8
2015-09-21,20.39,20.84,20.06,20.71,298100,0.0157,0.0227,6173651.0,4860916.3
2015-09-22,20.44,20.8,20.37,20.5,493900,0.0029,-0.0101,10124950.0,5288240.9
2015-09-23,20.76,20.96,19.2,19.22,322300,-0.0742,-0.0624,6194606.0,5625667.2
2015-09-24,19.2,19.35,18.35,18.93,383100,-0.0141,-0.0151,7252083.0,5521550.4
2015-09-25,19.21,19.28,18.72,19.08,208700,-0.0068,0.0079,3981996.0,5724450.6
2015-09-28,18.87,18.92,17.87,18.03,280000,-0.0445,-0.055,5048400.0,5631814.8
2015-09-29,18.08,18.36,17.22,17.32,262200,-0.042,-0.0394,4541304.0,5780034.0
2015-09-30,17.47,18.31,17.28,18.28,400000,0.0464,0.0554,7312000.0,5886173.9
2015-10-01,18.44,19.07,18.39,18.84,504400,0.0217,0.0306,9502896.0,5737710.7
2015-10-02,18.43,19.95,18.43,19.89,263400,0.0792,0.0557,5239026.0,6381131.1
2015-10-05,20.18,21.25,19.95,21.25,271100,0.053,0.0684,5760875.0,6537091.2
2015-10-06,21.25,22.51,21.25,22.0,533900,0.0353,0.0353,11745800.0,6495813.6
2015-10-07,22.36,23.49,22.36,22.94,869200,0.0259,0.0427,19939448.0,6657898.6
2015-10-08,22.85,23.6,22.41,23.21,278000,0.0158,0.0118,6452380.0,8032382.8
2015-10-09,23.56,23.59,22.86,23.21,388200,-0.0149,0.0,9010122.0,7952412.5
2015-10-12,23.27,23.27,21.85,22.23,178000,-0.0447,-0.0422,3956940.0,8455225.1
2015-10-13,22.13,23.19,21.69,21.95,298200,-0.0081,-0.0126,6545490.0,8346079.1
2015-10-14,21.96,22.26,21.57,22.04,328200,0.0036,0.0041,7233528.0,8546497.7
2015-10-15,22.06,22.27,21.14,22.16,283300,0.0045,0.0054,6277928.0,8538650.5
2015-10-16,22.25,22.9,21.76,22.68,225700,0.0193,0.0235,5118876.0,8216153.7
2015-10-19,22.41,22.91,21.84,22.76,469800,0.0156,0.0035,10692648.0,8204138.7
2015-10-20,22.65,23.38,22.32,22.65,244200,0.0,-0.0048,5531130.0,8697316.0
2015-10-21,22.53,22.96,21.87,22.02,361800,-0.0226,-0.0278,7966836.0,8075849.0
2015-10-22,21.99,22.07,21.07,21.48,387500,-0.0232,-0.0245,8323500.0,6878587.8
2015-10-23,21.4,21.62,20.88,20.98,283400,-0.0196,-0.0233,5945732.0,7065699.8
2015-10-26,20.88,20.95,19.85,19.92,276000,-0.046,-0.0505,5497920.0,6759260.8
2015-10-27,19.65,19.72,18.36,19.03,409400,-0.0316,-0.0447,7790882.0,6913358.8
2015-10-28,19.25,20.21,18.87,19.54,301300,0.0151,0.0268,5887402.0,7037898.0
2015-10-29,19.12,20.0,19.12,19.57,155500,0.0235,0.0015,3043135.0,6903285.4
2015-10-30,19.63,19.85,18.89,19.7,331900,0.0036,0.0066,6538430.0,6579806.1
2015-11-02,19.54,20.28,19.54,20.15,345600,0.0312,0.0228,6963840.0,6721761.5
2015-11-03,20.23,21.35,20.23,20.89,502700,0.0326,0.0367,10501403.0,6348880.7
2015-11-04,20.2,20.78,19.1,20.08,876400,-0.0059,-0.0388,17598112.0,6845908.0
2015-11-05,19.68,20.1,18.92,19.04,262300,-0.0325,-0.0518,4994192.0,7809035.6
2015-11-06,19.01,19.15,18.25,18.9,170300,-0.0058,-0.0074,3218670.0,7476104.8
2015-11-09,18.86,19.23,18.21,18.36,254200,-0.0265,-0.0286,4667112.0,7203398.6
2015-11-10,18.36,18.54,17.8,17.98,257700,-0.0207,-0.0207,4633446.0,7120317.8
2015-11-11,18.0,18.04,16.85,17.21,352300,-0.0439,-0.0428,6063083.0,6804574.2
2015-11-12,16.89,17.01,16.45,16.46,372100,-0.0255,-0.0436,6124766.0,6822142.3
2015-11-13,16.37,16.68,16.05,16.57,692400,0.0122,0.0067,11473068.0,7130305.4
2015-11-16,16.57,17.62,16.57,17.5,233400,0.0561,0.0561,4084500.0,7623769.2
2015-11-17,17.45,17.51,16.89,17.28,299600,-0.0097,-0.0126,5177088.0,7335835.2
2015-11-18,17.41,17.97,17.19,17.6,224800,0.0109,0.0185,3956480.0,6803403.7
2015-11-19,17.55,17.56,16.7,17.02,316900,-0.0302,-0.033,5393638.0,5439240.5
2015-11-20,17.01,17.39,16.02,16.06,223300,-0.0558,-0.0564,3586198.0,5479185.1
2015-11-23,16.03,16.61,15.79,16.33,590400,0.0187,0.0168,9641232.0,5515937.9
2015-11-24,16.38,17.54,16.38,17.26,844400,0.0537,0.057,14574344.0,6013349.9
2015-11-25,17.12,17.98,16.79,17.56,397100,0.0257,0.0174,6973076.0,7007439.7
2015-11-27,17.39,17.42,16.67,16.8,169800,-0.0339,-0.0433,2852640.0,7098439.0
2015-11-30,16.82,17.1,16.62,16.87,230700,0.003,0.0042,3891909.0,6771226.4
2015-12-01,16.95,17.13,16.52,16.81,384300,-0.0083,-0.0036,6460083.0,6013110.5
2015-12-02,16.57,16.69,16.01,16.48,360400,-0.0054,-0.0196,5939392.0,6250668.8
2015-12-03,16.63,16.88,15.94,16.03,837700,-0.0361,-0.0273,13428331.0,6326899.2
2015-12-04,15.75,16.18,14.34,14.66,474700,-0.0692,-0.0855,6959102.0,7274084.3
2015-12-07,13.95,14.62,11.8,12.15,835800,-0.129,-0.1712,10154970.0,7430630.7
2015-12-08,11.79,13.24,11.72,12.57,538200,0.0662,0.0346,6765174.0,8087507.9
2015-12-09,12.75,14.76,12.66,14.55,1182100,0.1412,0.1575,17199555.0,7799902.1
2015-12-10,14.39,15.15,14.09,14.91,913900,0.0361,0.0247,13626249.0,8062423.2
2015-12-11,14.56,14.56,13.31,13.73,487400,-0.057,-0.0791,6692002.0,8727740.5
2015-12-14,13.72,14.16,12.7,13.62,794600,-0.0073,-0.008,10822452.0,9111676.7
2015-12-15,13.83,14.41,13.67,14.27,597100,0.0318,0.0477,8520617.0,9804731.0
2015-12-16,14.19,15.29,14.19,15.0,624100,0.0571,0.0512,9361500.0,10010784.4
2015-12-17,15.07,15.18,14.46,14.57,747600,-0.0332,-0.0287,10892532.0,10352995.2
2015-12-18,14.61,15.29,14.48,14.86,1038800,0.0171,0.0199,15436568.0,10099415.3
2015-12-21,14.39,14.65,13.36,14.54,1248200,0.0104,-0.0215,18148828.0,10947161.9
2015-12-22,14.46,15.01,14.25,14.79,835200,0.0228,0.0172,12352608.0,11746547.7
2015-12-23,15.25,16.47,14.79,16.09,743900,0.0551,0.0879,11969351.0,12305291.1
2015-12-24,16.11,16.63,16.01,16.18,534100,0.0043,0.0056,8641738.0,11782270.7
2015-12-28,15.78,16.28,15.27,15.49,903600,-0.0184,-0.0426,13996764.0,11283819.6
2015-12-29,15.77,15.9,14.77,15.15,834700,-0.0393,-0.0219,12645705.0,12014295.8
2015-12-30,14.92,15.12,14.26,14.51,572900,-0.0275,-0.0422,8312779.0,12196621.1
2015-12-31,14.46,15.33,14.11,15.09,805200,0.0436,0.04,12150468.0,12175837.3
2016-01-04,15.02,15.9,14.39,15.26,736400,0.016,0.0113,11237464.0,12454734.1
2016-01-05,15.26,15.39,14.65,15.38,371800,0.0079,0.0079,5718284.0,12489227.3
2016-01-06,14.88,14.98,14.07,14.28,238000,-0.0403,-0.0715,3398640.0,11517398.9
2016-01-07,13.94,14.25,13.6,13.83,544400,-0.0079,-0.0315,7529052.0,10042380.1
2016-01-08,14.01,14.73,13.58,14.12,430700,0.0079,0.021,6081484.0,9560024.5
2016-01-11,14.22,14.24,12.3,12.76,471000,-0.1027,-0.0963,6009960.0,8971237.8
2016-01-12,13.0,13.24,11.77,12.51,740600,-0.0377,-0.0196,9264906.0,8708060.0
2016-01-13,13.95,14.45,12.11,12.65,1381900,-0.0932,0.0112,17481035.0,8234874.2
2016-01-14,12.67,13.81,12.53,13.71,875600,0.0821,0.0838,12004476.0,8718407.2
2016-01-15,12.92,13.17,12.33,13.08,842400,0.0124,-0.046,11018592.0,9087576.9
2016-01-19,13.05,13.07,10.62,11.43,1060300,-0.1241,-0.1261,12119229.0,8974389.3
2016-01-20,10.53,11.18,9.31,9.95,1084900,-0.0551,-0.1295,10794755.0,9062565.8
2016-01-21,10.44,11.14,9.88,10.5,1455800,0.0057,0.0553,15285900.0,9570212.9
2016-01-22,11.06,12.31,11.03,11.89,980400,0.075,0.1324,11656956.0,10758938.9
2016-01-25,11.84,12.7,11.36,11.84,702900,0.0,-0.0042,8322336.0,11171729.3
2016-01-26,12.21,13.04,11.52,12.37,745700,0.0131,0.0448,9224309.0,11395814.5
2016-01-27,12.16,12.82,11.51,12.54,834900,0.0312,0.0137,10469646.0,11717249.4
2016-01-28,12.92,13.13,12.27,12.56,557600,-0.0279,0.0016,7003456.0,11837723.4
2016-01-29,12.66,13.02,12.27,12.65,574600,-0.0008,0.0072,7268690.0,10789965.5
2016-02-01,12.39,12.6,11.88,12.34,452300,-0.004,-0.0245,5581382.0,10316386.9
2016-02-02,12.0,12.01,11.41,11.69,527600,-0.0258,-0.0527,6167644.0,9772665.9
2016-02-03,11.94,12.25,11.46,12.18,651100,0.0201,0.0419,7930398.0,9177507.4
2016-02-04,12.32,12.92,11.97,12.53,1179600,0.017,0.0287,14780388.0,8891071.7
2016-02-05,12.34,12.78,12.13,12.42,1324500,0.0065,-0.0088,16450290.0,8840520.5
2016-02-08,11.52,11.52,9.34,9.6,1623400,-0.1667,-0.2271,15584640.0,9319853.9
2016-02-09,9.3,9.59,8.95,9.21,1217500,-0.0097,-0.0406,11213175.0,10046084.3
2016-02-10,9.3,9.95,8.76,9.48,510300,0.0194,0.0293,4837644.0,10244970.9
2016-02-11,9.19,9.3,8.39,8.69,859900,-0.0544,-0.0833,7472531.0,9681770.7
2016-02-12,8.97,9.4,8.53,8.66,1995100,-0.0346,-0.0035,17277566.0,9728678.2
2016-02-16,8.94,9.36,8.55,8.91,1041500,-0.0034,0.0289,9279765.0,10729565.8
2016-02-17,8.1,8.23,7.15,7.18,3361900,-0.1136,-0.1942,24138442.0,11099404.1
2016-02-18,7.0,7.48,6.99,7.26,2243000,0.0371,0.0111,16284180.0,12896483.9
2016-02-19,7.25,7.31,6.78,7.29,1276100,0.0055,0.0041,9302769.0,13731862.1
2016-02-22,7.4,8.04,7.39,7.84,1330100,0.0595,0.0754,10427984.0,13184100.2
2016-02-23,7.58,7.64,7.04,7.13,999900,-0.0594,-0.0906,7129287.0,12581869.6
2016-02-24,7.0,7.34,6.41,7.15,954700,0.0214,0.0028,6826105.0,11736334.3
2016-02-25,7.01,7.57,6.83,7.24,1201700,0.0328,0.0126,8700308.0,11297627.3
2016-02-26,7.44,8.21,7.31,7.99,1257100,0.0739,0.1036,10044229.0,11683893.7
2016-02-29,7.88,8.49,7.8,8.37,858000,0.0622,0.0476,7181460.0,11941063.5
2016-03-01,8.47,8.49,8.08,8.39,468500,-0.0094,0.0024,3930715.0,10931452.9
2016-03-02,8.38,9.01,8.26,8.94,878500,0.0668,0.0656,7853790.0,10396547.9
2016-03-03,8.87,10.61,8.87,10.08,1223800,0.1364,0.1275,12335904.0,8768082.7
2016-03-04,10.31,10.81,9.75,10.1,1682200,-0.0204,0.002,16990220.0,8373255.1
2016-03-07,10.1,10.79,10.1,10.6,808800,0.0495,0.0495,8573280.0,9142000.2
2016-03-08,10.28,10.47,9.49,9.55,826700,-0.071,-0.0991,7894985.0,8956529.8
2016-03-09,9.86,10.12,9.37,9.79,617900,-0.0071,0.0251,6049241.0,9033099.6
2016-03-10,9.69,10.0,9.44,9.93,472400,0.0248,0.0143,4690932.0,8955413.2
2016-03-11,10.1,10.42,9.93,10.27,338900,0.0168,0.0342,3480503.0,8554475.6
2016-03-14,10.02,10.33,9.65,10.14,442000,0.012,-0.0127,4481880.0,7898103.0
2016-03-15,9.89,10.19,9.51,10.04,932100,0.0152,-0.0099,9358284.0,7628145.0
2016-03-16,10.07,11.46,9.98,11.25,984100,0.1172,0.1205,11071125.0,8170901.9
2016-03-17,10.48,11.59,10.48,11.42,846500,0.0897,0.0151,9667030.0,8492635.4
2016-03-18,11.62,11.83,10.88,11.14,1030000,-0.0413,-0.0245,11474200.0,8225748.0
2016-03-21,11.0,11.2,10.43,10.97,477100,-0.0027,-0.0153,5233787.0,7674146.0
2016-03-22,10.87,11.51,10.79,11.4,465700,0.0488,0.0392,5308980.0,7340196.7
2016-03-23,11.26,11.41,10.59,10.71,583300,-0.0488,-0.0605,6247143.0,7081596.2
2016-03-24,10.49,10.96,10.27,10.78,281900,0.0276,0.0065,3038882.0,7101386.4
2016-03-28,10.84,10.84,10.39,10.59,193300,-0.0231,-0.0176,2047047.0,6936181.4
2016-03-29,10.36,10.74,10.03,10.6,384800,0.0232,0.0009,4078880.0,6792835.8
2016-03-30,10.75,11.08,10.57,10.83,350200,0.0074,0.0217,3792666.0,6752535.8
2016-03-31,10.82,11.34,10.79,11.25,236700,0.0397,0.0388,2662875.0,6195974.0
2016-04-01,10.95,10.95,10.15,10.31,674700,-0.0584,-0.0836,6956157.0,5355149.0
2016-04-04,10.34,10.6,9.98,10.01,638200,-0.0319,-0.0291,6388382.0,5084061.7
2016-04-05,9.94,10.25,9.91,10.0,455200,0.006,-0.001,4552000.0,4575479.9
2016-04-06,10.09,10.94,10.05,10.73,757700,0.0634,0.073,8130121.0,4507301.2
2016-04-07,10.67,11.13,10.59,10.97,741900,0.0281,0.0224,8138643.0,4789415.3
2016-04-08,11.21,12.05,11.2,11.68,811400,0.0419,0.0647,9477152.0,4978565.3
2016-04-11,11.82,12.01,11.64,11.66,304800,-0.0135,-0.0017,3553968.0,5622392.3
2016-04-12,11.71,12.5,11.39,12.31,473800,0.0512,0.0557,5832478.0,5773084.4
2016-04-13,12.29,12.84,12.16,12.4,392000,0.009,0.0073,4860800.0,5948444.2
2016-04-14,12.39,12.39,11.76,12.03,236600,-0.0291,-0.0298,2846298.0,6055257.6
2016-04-15,11.78,12.25,11.73,11.83,325500,0.0042,-0.0166,3850665.0,6073599.9
2016-04-18,11.5,12.45,11.4,12.37,339100,0.0757,0.0456,4194667.0,5763050.7
2016-04-19,12.64,13.12,12.32,13.09,298800,0.0356,0.0582,3911292.0,5543679.2
2016-04-20,12.97,13.78,12.97,13.66,358900,0.0532,0.0435,4902574.0,5479608.4
2016-04-21,13.65,14.17,13.51,13.77,364800,0.0088,0.0081,5023296.0,5156853.7
2016-04-22,13.78,14.8,13.78,14.43,424200,0.0472,0.0479,6121206.0,4845319.0
2016-04-25,14.41,14.5,13.43,13.63,251700,-0.0541,-0.0554,3430671.0,4509724.4
2016-04-26,13.79,14.23,13.7,13.99,449700,0.0145,0.0264,6291303.0,4497394.7
2016-04-27,14.13,15.26,14.13,15.13,493700,0.0708,0.0815,7469681.0,4543277.2
2016-04-28,14.72,14.93,14.05,14.5,1262400,-0.0149,-0.0416,18304800.0,4804165.3
2016-04-29,14.83,14.87,14.17,14.33,566400,-0.0337,-0.0117,8116512.0,6350015.5
2016-05-02,14.31,14.44,13.61,14.15,179900,-0.0112,-0.0126,2545585.0,6776600.2
2016-05-03,13.9,13.9,13.22,13.5,885800,-0.0288,-0.0459,11958300.0,6611692.0
2016-05-04,13.53,14.46,13.28,13.62,325700,0.0067,0.0089,4436034.0,7416392.8
2016-05-05,13.96,14.31,13.47,13.5,311300,-0.033,-0.0088,4202550.0,7369738.8
2016-05-06,13.31,14.04,13.31,13.71,1046700,0.0301,0.0156,14350257.0,7287664.2
2016-05-09,13.76,13.79,12.51,13.25,425500,-0.0371,-0.0336,5637875.0,8110569.3
2016-05-10,13.25,13.97,13.25,13.64,286400,0.0294,0.0294,3906496.0,8331289.7
2016-05-11,13.57,14.29,13.39,14.12,286200,0.0405,0.0352,4041144.0,8092809.0
2016-05-12,14.29,14.5,13.55,13.76,208100,-0.0371,-0.0255,2863456.0,7749955.3
2016-05-13,13.66,14.03,13.53,13.75,397800,0.0066,-0.0007,5469750.0,6205820.9
2016-05-16,14.06,14.56,13.87,14.36,495600,0.0213,0.0444,7116816.0,5941144.7
2016-05-17,14.33,14.66,14.16,14.58,607200,0.0174,0.0153,8852976.0,6398267.8
2016-05-18,14.53,14.69,14.19,14.43,665000,-0.0069,-0.0103,9595950.0,6087735.4
2016-05-19,14.24,15.04,14.24,14.76,521300,0.0365,0.0229,7694388.0,6603727.0
2016-05-20,14.81,15.42,14.75,15.25,1543800,0.0297,0.0332,23542950.0,6952910.8
2016-05-23,15.04,15.33,14.76,14.92,595000,-0.008,-0.0216,8877400.0,7872180.1
2016-05-24,14.95,15.23,14.6,14.9,389100,-0.0033,-0.0013,5797590.0,8196132.6
2016-05-25,15.05,16.02,14.79,15.75,744300,0.0465,0.057,11722725.0,8385242.0
2016-05-26,15.93,16.12,15.38,15.59,436800,-0.0213,-0.0102,6809712.0,9153400.1
2016-05-27,15.41,15.72,15.16,15.54,306000,0.0084,-0.0032,4755240.0,9548025.7
2016-05-31,15.61,16.09,15.41,15.67,438500,0.0038,0.0084,6871295.0,9476574.7
2016-06-01,15.52,16.46,15.3,16.34,548700,0.0528,0.0428,8965758.0,9452022.6
2016-06-02,16.06,16.42,15.84,16.16,613500,0.0062,-0.011,9914160.0,9463300.8
2016-06-03,16.32,16.41,15.98,16.09,247700,-0.0141,-0.0043,3985493.0,9495121.8
2016-06-06,16.44,16.91,16.21,16.66,353300,0.0134,0.0354,5885978.0,9124232.3
2016-06-07,16.76,16.89,16.5,16.73,361200,-0.0018,0.0042,6042876.0,7358535.1
2016-06-08,16.53,16.64,15.85,16.25,512800,-0.0169,-0.0287,8333000.0,7075082.7
2016-06-09,16.0,16.52,15.94,16.43,333500,0.0269,0.0111,5479405.0,7328623.7
2016-06-10,16.02,16.07,15.12,15.2,594700,-0.0512,-0.0749,9039440.0,6704291.7
2016-06-13,15.04,15.18,14.6,14.81,485200,-0.0153,-0.0257,7185812.0,6927264.5
2016-06-14,14.74,15.71,14.42,15.17,697700,0.0292,0.0243,10584109.0,7170321.7
2016-06-15,15.04,15.92,14.39,15.6,545000,0.0372,0.0283,8502000.0,7541603.1
2016-06-16,15.41,15.74,14.93,15.63,485000,0.0143,0.0019,7580550.0,7495227.3
2016-06-17,16.05,16.1,15.36,15.73,2021200,-0.0199,0.0064,31793476.0,7261866.3
2016-06-20,15.57,15.97,15.19,15.26,439100,-0.0199,-0.0299,6700666.0,10042664.6
2016-06-21,15.22,15.74,15.12,15.54,407900,0.021,0.0183,6338766.0,10124133.4
2016-06-22,15.99,16.23,15.62,15.95,610200,-0.0025,0.0264,9732690.0,10153722.4
2016-06-23,16.12,16.32,15.94,16.18,294300,0.0037,0.0144,4761774.0,10293691.4
2016-06-24,15.26,15.94,15.26,15.4,541900,0.0092,-0.0482,8345260.0,10221928.3
2016-06-27,15.06,15.24,14.73,14.85,500100,-0.0139,-0.0357,7426485.0,10152510.3
2016-06-28,16.14,16.23,15.48,15.78,423400,-0.0223,0.0626,6681252.0,10176577.6
2016-06-29,16.08,16.31,15.75,16.07,504100,-0.0006,0.0184,8100887.0,9786291.9
2016-06-30,16.0,16.16,15.64,15.91,441500,-0.0056,-0.01,7024265.0,9746180.6
2016-07-01,15.98,16.68,15.98,16.48,485600,0.0313,0.0358,8002688.0,9690552.1
2016-07-05,16.13,16.45,15.28,15.7,266700,-0.0267,-0.0473,4187190.0,7311473.3
2016-07-06,15.52,15.65,15.26,15.45,240100,-0.0045,-0.0159,3709545.0,7060125.7
2016-07-07,15.72,16.17,15.35,15.51,279800,-0.0134,0.0039,4339698.0,6797203.6
2016-07-08,15.74,16.09,15.53,15.9,253500,0.0102,0.0251,4030650.0,6257904.4
2016-07-11,16.17,16.23,15.63,15.7,181100,-0.0291,-0.0126,2843270.0,6184792.0
2016-07-12,16.09,16.47,16.05,16.35,314600,0.0162,0.0414,5143710.0,5634593.0
2016-07-13,16.31,16.62,15.68,16.0,232100,-0.019,-0.0214,3713600.0,5406315.5
2016-07-14,16.04,16.26,15.94,16.01,523100,-0.0019,0.0006,8374831.0,5109550.3
2016-07-15,16.15,16.23,15.82,15.98,301300,-0.0105,-0.0019,4814774.0,5136944.7
2016-07-18,15.83,16.0,15.7,15.99,196600,0.0101,0.0006,3143634.0,4915995.6
2016-07-19,15.99,16.0,15.7,16.0,203300,0.0006,0.0006,3252800.0,4430090.2
2016-07-20,15.84,16.49,15.59,16.15,910200,0.0196,0.0094,14699730.0,4336651.2
2016-07-21,16.05,16.6,15.73,15.87,718400,-0.0112,-0.0173,11401008.0,5435669.7
2016-07-22,15.88,16.21,15.84,15.95,351900,0.0044,0.005,5612805.0,6141800.7
2016-07-25,15.73,15.92,15.67,15.75,287500,0.0013,-0.0125,4528125.0,6300016.2
2016-07-26,15.58,15.97,15.56,15.63,376400,0.0032,-0.0076,5883132.0,6468501.7
2016-07-27,15.69,16.01,15.26,15.34,511800,-0.0223,-0.0186,7851012.0,6542443.9
2016-07-28,15.1,15.34,14.77,15.09,370800,-0.0007,-0.0163,5595372.0,6956185.1
2016-07-29,14.89,15.6,14.84,15.43,280300,0.0363,0.0225,4325029.0,6678239.2
2016-08-01,15.21,15.36,14.73,14.81,297600,-0.0263,-0.0402,4407456.0,6629264.7
2016-08-02,15.21,15.6,14.76,15.06,420700,-0.0099,0.0169,6335742.0,6755646.9
2016-08-03,15.02,16.0,15.02,15.93,610900,0.0606,0.0578,9731637.0,7063941.1
2016-08-04,15.84,16.26,15.84,16.08,447500,0.0152,0.0094,7195800.0,6567131.8
2016-08-05,16.19,16.22,15.86,16.0,274500,-0.0117,-0.005,4392000.0,6146611.0
2016-08-08,16.33,16.65,16.2,16.39,494100,0.0037,0.0244,8098299.0,6024530.5
2016-08-09,16.55,16.64,15.86,16.0,324200,-0.0332,-0.0238,5187200.0,6381547.9
2016-08-10,16.06,16.15,15.69,15.8,303200,-0.0162,-0.0125,4790560.0,6311954.7
2016-08-11,15.94,16.36,15.78,16.1,249200,0.01,0.019,4012120.0,6005909.5
2016-08-12,16.3,16.54,16.24,16.29,387900,-0.0006,0.0118,6318891.0,5847584.3
2016-08-15,16.43,16.6,16.2,16.39,378600,-0.0024,0.0061,6205254.0,6046970.5
2016-08-16,16.36,16.81,16.26,16.45,586800,0.0055,0.0037,9652860.0,6226750.3
2016-08-17,16.63,16.63,16.29,16.3,498400,-0.0198,-0.0091,8123920.0,6558462.1
2016-08-18,16.34,16.78,16.17,16.67,723900,0.0202,0.0227,12067413.0,6397690.4
2016-08-19,16.59,16.97,16.54,16.93,434700,0.0205,0.0156,7359471.0,6884851.7
2016-08-22,16.66,16.88,16.52,16.69,433900,0.0018,-0.0142,7241791.0,7181598.8
2016-08-23,16.62,17.04,16.62,16.99,308000,0.0223,0.018,5232920.0,7095948.0
2016-08-24,16.87,17.12,16.82,16.88,450900,0.0006,-0.0065,7611192.0,7100520.0
2016-08-25,16.94,17.05,16.76,17.0,189700,0.0035,0.0071,3224900.0,7382583.2
2016-08-26,17.02,17.27,16.93,17.06,425800,0.0024,0.0035,7264148.0,7303861.2
2016-08-29,17.06,17.25,16.91,17.15,375300,0.0053,0.0053,6436395.0,7398386.9
2016-08-30,17.28,17.31,16.87,16.93,355900,-0.0203,-0.0128,6025387.0,7421501.0
2016-08-31,16.96,17.17,16.51,16.65,320400,-0.0183,-0.0165,5334660.0,7058753.7
2016-09-01,16.57,17.01,16.51,17.0,325400,0.026,0.021,5531800.0,6779827.7
2016-09-02,17.28,17.4,16.86,17.12,698100,-0.0093,0.0071,11951472.0,6126266.4
2016-09-06,17.08,17.35,16.99,17.15,491900,0.0041,0.0018,8436085.0,6585466.5
2016-09-07,17.24,17.51,17.07,17.27,720500,0.0017,0.007,12443035.0,6704895.9
2016-09-08,17.39,17.83,17.39,17.7,1745500,0.0178,0.0249,30895350.0,7425907.4
2016-09-09,17.49,17.69,17.12,17.2,329100,-0.0166,-0.0282,5660520.0,9754323.2
2016-09-12,17.0,17.32,16.81,17.0,411000,0.0,-0.0116,6987000.0,9997885.2
2016-09-13,16.44,16.5,15.86,16.23,573600,-0.0128,-0.0453,9309528.0,9970170.4
2016-09-14,16.17,16.63,16.03,16.3,268700,0.008,0.0043,4379810.0,10257483.7
2016-09-15,16.36,16.57,16.02,16.06,226800,-0.0183,-0.0147,3642408.0,10092926.0
2016-09-16,15.82,16.18,15.8,16.05,271600,0.0145,-0.0006,4359180.0,9923700.8
2016-09-19,15.62,16.07,15.3,15.89,501900,0.0173,-0.01,7975191.0,9806438.8
2016-09-20,15.85,16.07,15.57,15.67,595600,-0.0114,-0.0138,9333052.0,9408810.7
2016-09-21,15.9,16.05,15.76,16.0,367400,0.0063,0.0211,5878400.0,9498507.4
2016-09-22,16.33,16.44,15.99,16.11,355900,-0.0135,0.0069,5733549.0,8842043.9
2016-09-23,16.07,16.42,15.8,16.02,429400,-0.0031,-0.0056,6878988.0,6325863.8
2016-09-26,16.16,16.24,15.79,15.83,330700,-0.0204,-0.0119,5234981.0,6447710.6
2016-09-27,15.66,15.93,15.5,15.82,250800,0.0102,-0.0006,3967656.0,6272508.7
2016-09-28,15.94,16.19,15.52,16.0,1023800,0.0038,0.0114,16380800.0,5738321.5
2016-09-29,16.09,16.2,15.73,15.96,672300,-0.0081,-0.0025,10729908.0,6938420.5
2016-09-30,16.06,16.82,15.87,16.75,2020400,0.043,0.0495,33841700.0,7647170.5
2016-10-03,16.7,16.83,16.05,16.24,699400,-0.0275,-0.0304,11358256.0,10595422.5
2016-10-04,16.25,16.46,16.09,16.14,307300,-0.0068,-0.0062,4959822.0,10933729.0
2016-10-05,16.41,16.55,16.06,16.13,336400,-0.0171,-0.0006,5426132.0,10496406.0
2016-10-06,16.29,16.32,15.87,16.08,340600,-0.0129,-0.0031,5476848.0,10451179.2
2016-10-07,16.07,16.2,15.74,15.99,423800,-0.005,-0.0056,6776562.0,10425509.1
2016-10-10,16.15,16.46,16.15,16.31,623600,0.0099,0.02,10170916.0,10415266.5
2016-10-11,16.27,16.71,16.19,16.47,503500,0.0123,0.0098,8292645.0,10908860.0
2016-10-12,16.34,16.77,16.2,16.59,322500,0.0153,0.0073,5350275.0,11341358.9
2016-10-13,16.46,16.83,16.43,16.7,380700,0.0146,0.0066,6357690.0,10238306.4
2016-10-14,16.75,17.15,16.61,16.74,842600,-0.0006,0.0024,14105124.0,9801084.6
2016-10-17,16.7,17.0,16.25,16.9,421600,0.012,0.0096,7125040.0,7827427.0
2016-10-18,17.05,17.05,16.45,16.9,605500,-0.0088,0.0,10232950.0,7404105.4
2016-10-19,17.05,17.2,16.8,16.9,661200,-0.0088,0.0,11174280.0,7931418.2
2016-10-20,16.65,16.75,16.35,16.5,311600,-0.009,-0.0237,5141400.0,8506233.0
2016-10-21,16.5,17.25,16.4,17.0,509100,0.0303,0.0303,8654700.0,8472688.2
2016-10-24,17.0,17.15,16.6,16.6,391000,-0.0235,-0.0235,6490600.0,8660502.0
2016-10-25,16.5,16.6,16.2,16.45,309700,-0.003,-0.009,5094565.0,8292470.4
2016-10-26,16.3,16.3,15.9,16.05,333100,-0.0153,-0.0243,5346255.0,7972662.4
2016-10-27,15.75,16.05,15.58,15.75,202300,0.0,-0.0187,3186225.0,7972260.4
2016-10-28,15.55,15.85,15.45,15.7,415900,0.0096,-0.0032,6529630.0,7655113.9
2016-10-31,15.65,15.65,14.8,15.25,641700,-0.0256,-0.0287,9785925.0,6897564.5
2016-11-01,15.35,15.4,14.7,14.95,656600,-0.0261,-0.0197,9816170.0,7163653.0
2016-11-02,14.7,15.35,14.7,15.1,585900,0.0272,0.01,8847090.0,7121975.0
2016-11-03,15.15,15.55,15.1,15.4,368700,0.0165,0.0199,5677980.0,6889256.0
2016-11-04,15.35,15.35,14.8,14.85,481500,-0.0326,-0.0357,7150275.0,6942914.0
2016-11-07,15.1,15.25,14.95,15.2,452700,0.0066,0.0236,6881040.0,6792471.5
2016-11-08,15.1,15.4,15.05,15.2,336000,0.0066,0.0,5107200.0,6831515.5
2016-11-09,15.25,16.15,15.25,16.0,1496100,0.0492,0.0526,23937600.0,6832779.0
2016-11-10,15.95,16.2,15.75,15.8,548800,-0.0094,-0.0125,8671040.0,8691913.5
2016-11-11,15.7,15.7,15.05,15.4,449600,-0.0191,-0.0253,6923840.0,9240395.0
2016-11-14,15.4,16.15,15.2,16.1,578100,0.0455,0.0455,9307410.0,9279816.0
2016-11-15,16.35,17.4,16.25,17.0,1026800,0.0398,0.0559,17455600.0,9231964.5
2016-11-16,17.0,17.0,16.45,16.75,455300,-0.0147,-0.0147,7626275.0,9995907.5
2016-11-17,17.05,17.65,17.0,17.45,1198100,0.0235,0.0418,20906845.0,9873826.0
2016-11-18,17.5,18.0,17.35,17.85,767800,0.02,0.0229,13705230.0,11396712.5
2016-11-21,18.2,18.6,17.8,18.6,535800,0.022,0.042,9965880.0,12052208.0
2016-11-22,18.45,18.75,17.9,18.0,432300,-0.0244,-0.0323,7781400.0,12360692.0
2016-11-23,17.95,18.05,17.7,17.9,253700,-0.0028,-0.0056,4541230.0,12628112.0
2016-11-25,17.9,18.2,17.4,18.05,287700,0.0084,0.0084,5192985.0,10688475.0
2016-11-28,18.05,18.05,17.4,17.5,263200,-0.0305,-0.0305,4606000.0,10340669.5
2016-11-29,17.15,17.25,16.85,17.0,306300,-0.0087,-0.0286,5207100.0,10108885.5
2016-11-30,18.0,18.6,17.8,18.3,558400,0.0167,0.0765,10218720.0,9698854.5
2016-12-01,18.6,18.9,18.1,18.35,534200,-0.0134,0.0027,9802570.0,8975166.5
2016-12-02,18.2,18.85,17.95,18.3,391800,0.0055,-0.0027,7169940.0,9192796.0
2016-12-05,18.4,18.9,18.3,18.3,475600,-0.0054,0.0,8703480.0,7819105.5
2016-12-06,18.25,18.5,17.95,18.1,342300,-0.0082,-0.0109,6195630.0,7318930.5
2016-12-07,18.05,18.5,18.0,18.1,247900,0.0028,0.0,4486990.0,6941905.5
2016-12-08,18.2,18.25,17.8,18.2,231800,0.0,0.0055,4218760.0,6612464.5
2016-12-09,18.2,18.35,17.9,17.95,334500,-0.0137,-0.0137,6004275.0,6580217.5
2016-12-12,18.15,18.5,18.05,18.35,559200,0.011,0.0223,10261320.0,6661346.5
2016-12-13,18.5,18.6,18.15,18.3,429900,-0.0108,-0.0027,7867170.0,7226878.5
2016-12-14,18.05,18.25,17.4,17.6,486600,-0.0249,-0.0383,8564160.0,7492885.5
2016-12-15,17.5,18.05,17.5,17.85,236800,0.02,0.0142,4226880.0,7327429.5
2016-12-16,18.0,18.25,17.85,18.2,652400,0.0111,0.0196,11873680.0,6769860.5
2016-12-19,18.2,18.4,18.0,18.2,308800,0.0,0.0,5620160.0,7240234.5
2016-12-20,18.25,18.4,17.9,18.25,327000,0.0,0.0027,5967750.0,6931902.5
2016-12-21,18.35,19.0,18.2,18.95,463700,0.0327,0.0384,8787115.0,6909114.5
2016-12-22,18.95,19.4,18.7,19.2,358300,0.0132,0.0132,6879360.0,7339127.0
2016-12-23,19.1,19.55,18.85,19.25,214100,0.0079,0.0026,4121425.0,7605187.0
2016-12-27,19.35,19.38,18.85,19.25,331700,-0.0052,0.0,6385225.0,7416902.0
2016-12-28,19.2,19.6,18.9,19.15,295600,-0.0026,-0.0052,5660740.0,7029292.5
2016-12-29,19.1,19.3,18.83,19.1,277900,0.0,-0.0026,5307890.0,6808649.5
2016-12-30,19.1,19.25,18.8,19.05,248100,-0.0026,-0.0026,4726305.0,6483022.5
2017-01-03,19.35,19.66,19.18,19.2,252900,-0.0078,0.0079,4855680.0,6532965.0
2017-01-04,19.3,20.0,19.2,19.9,264100,0.0311,0.0365,5255590.0,5831165.0
2017-01-05,20.0,20.15,19.65,19.85,357000,-0.0075,-0.0025,7086450.0,5794708.0
2017-01-06,19.9,20.25,19.6,20.15,281600,0.0126,0.0151,5674240.0,5906578.0
2017-01-09,20.05,20.05,19.5,19.7,131600,-0.0175,-0.0223,2592520.0,5595290.5
2017-01-10,19.7,19.75,18.95,19.0,416900,-0.0355,-0.0355,7921100.0,5166606.5
2017-01-11,19.0,19.45,18.9,19.2,328500,0.0105,0.0105,6307200.0,5546574.0
2017-01-12,18.75,19.3,18.6,19.05,393000,0.016,-0.0078,7486650.0,5538771.5
2017-01-13,18.95,19.35,18.95,18.95,228200,0.0,-0.0052,4324390.0,5721362.5
2017-01-17,19.1,19.35,19.0,19.3,196400,0.0105,0.0185,3790520.0,5623012.5
2017-01-18,19.05,19.6,19.05,19.45,421700,0.021,0.0078,8202065.0,5529434.0
2017-01-19,19.45,19.7,19.25,19.3,267200,-0.0077,-0.0077,5156960.0,5864072.5
2017-01-20,19.45,19.52,18.7,18.7,1237700,-0.0386,-0.0311,23144990.0,5854209.5
2017-01-23,18.55,18.75,18.02,18.15,845300,-0.0216,-0.0294,15342195.0,7460063.5
2017-01-24,18.15,18.4,17.93,18.15,647000,0.0,0.0,11743050.0,8426859.0
2017-01-25,18.2,18.35,17.9,18.1,568000,-0.0055,-0.0028,10280800.0,9341912.0
2017-01-26,18.2,18.25,18.01,18.1,712100,-0.0055,0.0,12889010.0,9577882.0
2017-01-27,17.8,17.85,17.2,17.45,494000,-0.0197,-0.0359,8620300.0,10236063.0
2017-01-30,17.35,18.1,17.0,17.6,803500,0.0144,0.0086,14141600.0,10349428.0
2017-01-31,17.6,17.85,17.25,17.35,369600,-0.0142,-0.0142,6412560.0,11331149.0
2017-02-01,17.5,18.1,17.45,18.1,600600,0.0343,0.0432,10870860.0,11593353.0
2017-02-02,18.15,18.9,17.9,18.8,404800,0.0358,0.0387,7610240.0,11860232.5
2017-02-03,18.85,19.95,18.65,19.9,821600,0.0557,0.0585,16349840.0,12105560.5
2017-02-06,19.85,19.9,18.95,19.0,503200,-0.0428,-0.0452,9560800.0,11426045.5
2017-02-07,19.0,19.0,18.45,18.75,445900,-0.0132,-0.0132,8360625.0,10847906.0
2017-02-08,18.65,18.9,18.25,18.9,577700,0.0134,0.008,10918530.0,10509663.5
2017-02-09,18.95,19.22,18.8,18.95,235300,0.0,0.0026,4458935.0,10573436.5
2017-02-10,19.2,19.25,18.7,18.9,344400,-0.0156,-0.0026,6509160.0,9730429.0
2017-02-13,18.9,19.2,18.8,19.1,387800,0.0106,0.0106,7406980.0,9519315.0
2017-02-14,19.4,19.65,18.9,19.3,324700,-0.0052,0.0105,6266710.0,8845853.0
2017-02-15,18.95,19.55,18.4,19.15,545500,0.0106,-0.0078,10446325.0,8831268.0
2017-02-16,19.25,19.4,18.9,19.15,577900,-0.0052,0.0,11066785.0,8788814.5
2017-02-17,19.0,19.15,18.9,19.0,457500,0.0,-0.0078,8692500.0,9134469.0
2017-02-21,19.25,19.4,18.95,19.1,641000,-0.0078,0.0053,12243100.0,8368735.0
2017-02-22,19.05,19.15,18.55,18.7,787800,-0.0184,-0.0209,14731860.0,8636965.0
2017-02-23,18.95,19.5,18.52,19.05,433500,0.0053,0.0187,8258175.0,9274088.5
2017-02-24,18.95,19.15,18.9,19.05,609200,0.0053,0.0,11605260.0,9008053.0
2017-02-27,19.05,19.45,18.8,19.25,536700,0.0105,0.0105,10331475.0,9722685.5
2017-02-28,19.1,19.35,19.05,19.2,463400,0.0052,-0.0026,8897280.0,10104917.0
2017-03-01,19.45,19.8,19.4,19.5,352000,0.0026,0.0156,6864000.0,10253947.0
2017-03-02,19.3,19.9,19.2,19.8,343600,0.0259,0.0154,6803280.0,10313676.0
2017-03-03,19.75,19.95,19.7,19.8,415400,0.0025,0.0,8224920.0,9949371.5
2017-03-06,19.75,19.95,19.55,19.95,357900,0.0101,0.0076,7140105.0,9665185.0
2017-03-07,19.9,20.45,19.75,20.1,482800,0.0101,0.0075,9704280.0,9509945.5
2017-03-08,19.9,20.45,19.7,19.85,615300,-0.0025,-0.0124,12213705.0,9256063.5
2017-03-09,19.6,19.95,18.75,19.5,1224700,-0.0051,-0.0176,23881650.0,9004248.0
2017-03-10,19.6,19.7,19.25,19.3,525000,-0.0153,-0.0103,10132500.0,10566595.5
2017-03-13,19.4,19.48,19.05,19.2,318300,-0.0103,-0.0052,6111360.0,10419319.5
2017-03-14,18.95,19.0,18.65,18.9,333200,-0.0026,-0.0156,6297480.0,9997308.0
2017-03-15,19.1,19.4,18.95,19.15,444800,0.0026,0.0132,8517920.0,9737328.0
2017-03-16,19.15,19.5,19.05,19.1,370700,-0.0026,-0.0026,7080370.0,9902720.0
2017-03-17,19.05,19.4,18.95,19.25,691300,0.0105,0.0079,13307525.0,9930429.0
2017-03-20,19.2,19.43,19.05,19.35,323700,0.0078,0.0052,6263595.0,10438689.5
2017-03-21,19.35,19.4,18.7,18.75,214100,-0.031,-0.031,4014375.0,10351038.5
2017-03-22,18.7,18.85,18.25,18.4,682800,-0.016,-0.0187,12563520.0,9782048.0
2017-03-23,18.4,18.9,18.25,18.4,442100,0.0,0.0,8134640.0,9817029.5
2017-03-24,18.45,18.63,18.3,18.35,414400,-0.0054,-0.0027,7604240.0,8242328.5
2017-03-27,18.2,18.6,18.0,18.55,360900,0.0192,0.0109,6694695.0,7989502.5
2017-03-28,18.55,19.05,18.25,18.6,582300,0.0027,0.0027,10830780.0,8047836.0
2017-03-29,18.65,19.7,18.55,19.55,483400,0.0483,0.0511,9450470.0,8501166.0
2017-03-30,19.65,19.8,18.9,19.2,620400,-0.0229,-0.0179,11911680.0,8594421.0
2017-03-31,19.1,19.55,18.95,19.4,394300,0.0157,0.0104,7649420.0,9077552.0
2017-04-03,19.45,19.5,18.95,19.4,304900,-0.0026,0.0,5915060.0,8511741.5
2017-04-04,19.35,19.4,19.05,19.25,472200,-0.0052,-0.0077,9089850.0,8476888.0
2017-04-05,19.45,20.0,19.25,19.35,489100,-0.0051,0.0052,9464085.0,8984435.5
2017-04-06,19.35,19.7,19.02,19.7,398600,0.0181,0.0181,7852420.0,8674492.0
2017-04-07,19.75,19.75,19.35,19.4,201200,-0.0177,-0.0152,3903280.0,8646270.0
2017-04-10,19.55,20.0,19.5,19.7,337300,0.0077,0.0155,6644810.0,8276174.0
2017-04-11,19.75,19.85,19.45,19.5,165700,-0.0127,-0.0102,3231150.0,8271185.5
2017-04-12,19.5,19.75,19.48,19.65,343100,0.0077,0.0077,6741915.0,7511222.5
2017-04-13,19.6,19.72,19.15,19.3,275600,-0.0153,-0.0178,5319080.0,7240367.0
2017-04-17,19.25,19.4,18.8,19.0,267200,-0.013,-0.0155,5076800.0,6581107.0
2017-04-18,18.85,19.2,18.8,18.95,206000,0.0053,-0.0026,3903700.0,6323845.0
2017-04-19,18.95,19.1,18.5,18.55,449100,-0.0211,-0.0211,8330805.0,6122709.0
2017-04-20,18.6,18.8,18.35,18.4,372500,-0.0108,-0.0081,6854000.0,6046804.5
2017-04-21,18.5,18.55,18.3,18.3,302400,-0.0108,-0.0054,5533920.0,5785796.0
2017-04-24,18.35,18.9,18.35,18.75,264300,0.0218,0.0246,4955625.0,5553946.0
2017-04-25,18.8,19.75,18.8,19.75,474600,0.0505,0.0533,9373350.0,5659180.5
2017-04-26,19.6,19.74,19.35,19.5,584500,-0.0051,-0.0127,11397750.0,5932034.5
2017-04-27,19.4,19.5,18.9,18.95,291700,-0.0232,-0.0282,5527715.0,6748694.5
2017-04-28,18.8,18.95,18.3,18.45,276800,-0.0186,-0.0264,5106960.0,6627274.5
2017-05-01,18.55,18.6,18.23,18.45,312100,-0.0054,0.0,5758245.0,6606062.5
2017-05-02,18.5,18.6,18.2,18.5,308000,0.0,0.0027,5698000.0,6674207.0
2017-05-03,17.8,18.55,17.25,17.8,509500,0.0,-0.0378,9069100.0,6853637.0
2017-05-04,17.6,18.1,16.8,17.2,1218800,-0.0227,-0.0337,20963360.0,6927466.5
2017-05-05,17.2,17.8,17.1,17.7,1031300,0.0291,0.0291,18254010.0,8338402.5
2017-05-08,17.75,17.9,17.55,17.7,451600,-0.0028,0.0,7993320.0,9610411.5
2017-05-09,17.7,17.82,17.38,17.5,188700,-0.0113,-0.0113,3302250.0,9914181.0
2017-05-10,17.7,18.65,17.55,18.35,598400,0.0367,0.0486,10980640.0,9307071.0
2017-05-11,18.4,18.4,18.0,18.0,239300,-0.0217,-0.0191,4307400.0,9265360.0
2017-05-12,18.0,18.45,18.0,18.25,351000,0.0139,0.0139,6405750.0,9143328.5
2017-05-15,18.65,18.85,18.3,18.3,495500,-0.0188,0.0027,9067650.0,9273207.5
2017-05-16,18.45,18.55,18.1,18.25,238400,-0.0108,-0.0027,4350800.0,9604148.0
2017-05-17,18.05,18.3,17.8,17.85,357300,-0.0111,-0.0219,6377805.0,9469428.0
2017-05-18,17.6,18.1,17.37,17.75,362100,0.0085,-0.0056,6427275.0,9200298.5
2017-05-19,17.9,18.34,17.85,18.1,339000,0.0112,0.0197,6135900.0,7746690.0
2017-05-22,18.3,18.3,17.85,18.2,324800,-0.0055,0.0055,5911360.0,6534879.0
2017-05-23,18.2,18.45,18.1,18.25,219900,0.0027,0.0027,4013175.0,6326683.0
2017-05-24,18.25,18.45,17.95,18.0,239200,-0.0137,-0.0137,4305600.0,6397775.5
2017-05-25,17.95,18.3,17.4,17.6,659100,-0.0195,-0.0222,11600160.0,5730271.5
2017-05-26,17.6,17.8,17.45,17.75,283900,0.0085,0.0085,5039225.0,6459547.5
2017-05-30,17.55,17.7,17.2,17.3,299700,-0.0142,-0.0254,5184810.0,6322895.0
2017-05-31,17.15,17.25,16.8,17.05,664000,-0.0058,-0.0145,11321200.0,5934611.0
2017-06-01,17.15,17.58,17.0,17.25,316600,0.0058,0.0117,5461350.0,6631651.0
2017-06-02,17.15,17.3,16.75,16.9,257800,-0.0146,-0.0203,4356820.0,6540005.5
2017-06-05,16.75,17.0,16.6,16.8,265300,0.003,-0.0059,4457040.0,6332960.0
2017-06-06,16.85,17.0,16.6,16.95,328500,0.0059,0.0089,5568075.0,6165074.0
2017-06-07,16.9,17.1,16.25,16.35,410500,-0.0325,-0.0354,6711675.0,6130745.5
2017-06-08,16.35,16.63,16.27,16.4,321800,0.0031,0.0031,5277520.0,6400595.5
2017-06-09,16.35,16.7,16.3,16.5,284300,0.0092,0.0061,4690950.0,6497787.5
2017-06-12,16.7,17.0,16.6,16.8,216400,0.006,0.0182,3635520.0,5806866.5
2017-06-13,16.85,17.15,16.65,17.0,251800,0.0089,0.0119,4280600.0,5666496.0
2017-06-14,16.95,17.1,16.13,16.3,343900,-0.0383,-0.0412,5605570.0,5576075.0
2017-06-15,16.15,16.3,15.55,15.7,593300,-0.0279,-0.0368,9314810.0,5004512.0
2017-06-16,15.8,16.2,15.65,16.15,244100,0.0222,0.0287,3942215.0,5389858.0
2017-06-19,16.15,16.2,15.75,15.95,233300,-0.0124,-0.0124,3721135.0,5348397.5
2017-06-20,15.7,15.85,15.2,15.65,381000,-0.0032,-0.0188,5962650.0,5274807.0
2017-06-21,15.7,16.0,15.55,15.8,454000,0.0064,0.0096,7173200.0,5314264.5
2017-06-22,15.8,16.4,15.65,16.15,452800,0.0222,0.0222,7312720.0,5360417.0
2017-06-23,16.15,17.1,16.0,16.95,419200,0.0495,0.0495,7105440.0,5563937.0
2017-06-26,17.0,17.4,16.74,17.2,266800,0.0118,0.0147,4588960.0,5805386.0
2017-06-27,17.2,17.6,17.02,17.1,544400,-0.0058,-0.0058,9309240.0,5900730.0
2017-06-28,17.2,17.55,17.05,17.25,475800,0.0029,0.0088,8207550.0,6403594.0
2017-06-29,17.3,17.75,17.25,17.35,465000,0.0029,0.0058,8067750.0,6663792.0
2017-06-30,17.55,17.8,17.3,17.6,634300,0.0028,0.0144,11163680.0,6539086.0
2017-07-03,17.7,18.05,17.55,17.95,280900,0.0141,0.0199,5042155.0,7261232.5
2017-07-05,17.85,17.85,17.2,17.35,616300,-0.028,-0.0334,10692805.0,7393334.5
2017-07-06,17.45,17.7,17.35,17.4,221800,-0.0029,0.0029,3859320.0,7866350.0
2017-07-07,17.4,17.4,17.0,17.25,161600,-0.0086,-0.0086,2787600.0,7534962.0
2017-07-10,17.2,17.4,17.2,17.3,176600,0.0058,0.0029,3055180.0,7082450.0
2017-07-11,17.3,17.45,17.15,17.3,265700,0.0,0.0,4596610.0,6677424.0
2017-07-12,17.75,18.13,17.55,17.65,312800,-0.0056,0.0202,5520920.0,6678189.0
2017-07-13,17.65,17.65,17.35,17.6,297500,-0.0028,-0.0028,5236000.0,6299357.0
2017-07-14,17.55,18.0,17.55,17.95,341400,0.0228,0.0199,6128130.0,6002202.0
2017-07-17,17.95,18.25,17.95,18.05,313000,0.0056,0.0056,5649650.0,5808240.0
2017-07-18,18.15,18.15,17.73,17.95,252800,-0.011,-0.0055,4537760.0,5256837.0
2017-07-19,17.95,18.18,17.85,18.05,299700,0.0056,0.0056,5409585.0,5206397.5
2017-07-20,18.15,18.25,17.65,17.9,233600,-0.0138,-0.0083,4181440.0,4678075.5
2017-07-21,17.85,18.0,17.6,17.7,241900,-0.0084,-0.0112,4281630.0,4710287.5
2017-07-24,17.75,17.8,17.6,17.7,116000,-0.0028,0.0,2053200.0,4859690.5
2017-07-25,17.9,18.25,17.9,17.9,298700,0.0,0.0113,5346730.0,4759492.5
2017-07-26,18.05,18.1,17.85,17.9,231400,-0.0083,0.0,4142060.0,4834504.5
2017-07-27,17.9,17.98,17.65,17.75,274300,-0.0084,-0.0084,4868825.0,4696618.5
2017-07-28,17.45,17.8,17.45,17.6,227900,0.0086,-0.0085,4011040.0,4659901.0
2017-07-31,17.45,17.6,17.35,17.55,335400,0.0057,-0.0028,5886270.0,4448192.0
2017-08-01,17.6,17.65,17.2,17.45,345300,-0.0085,-0.0057,6025485.0,4471854.0
2017-08-02,17.6,17.81,17.25,17.7,324900,0.0057,0.0143,5750730.0,4620626.5
2017-08-03,17.9,18.0,17.45,17.55,284100,-0.0196,-0.0085,4985955.0,4654741.0
2017-08-04,17.55,17.75,17.35,17.45,439600,-0.0057,-0.0057,7671020.0,4735192.5
2017-08-07,17.4,17.65,17.2,17.25,234400,-0.0086,-0.0115,4043400.0,5074131.5
2017-08-08,17.2,17.55,16.95,17.05,356500,-0.0087,-0.0116,6078325.0,5273151.5
2017-08-09,17.1,17.35,16.9,16.9,224500,-0.0117,-0.0088,3794050.0,5346311.0
2017-08-10,16.9,17.05,16.68,16.7,304000,-0.0118,-0.0118,5076800.0,5311510.0
2017-08-11,16.35,17.05,16.2,17.0,339800,0.0398,0.018,5776600.0,5332307.5
2017-08-14,17.0,17.25,16.65,16.8,316700,-0.0118,-0.0118,5320560.0,5508863.5
2017-08-15,16.75,16.8,16.3,16.4,255600,-0.0209,-0.0238,4191840.0,5452292.5
2017-08-16,16.4,16.43,15.95,16.1,249000,-0.0183,-0.0183,4008900.0,5268928.0
2017-08-17,16.05,16.33,16.05,16.2,193700,0.0093,0.0062,3137940.0,5094745.0
2017-08-18,16.15,16.48,16.1,16.35,277300,0.0124,0.0093,4533855.0,4909943.5
2017-08-21,16.3,16.38,15.95,16.05,304600,-0.0153,-0.0183,4888830.0,4596227.0
2017-08-22,16.05,16.4,16.05,16.4,139700,0.0218,0.0218,2291080.0,4680770.0
2017-08-23,16.3,17.0,16.25,16.75,325200,0.0276,0.0213,5447100.0,4302045.5
2017-08-24,16.75,16.9,16.7,16.85,306700,0.006,0.006,5167895.0,4467350.5
2017-08-25,16.9,16.92,16.7,16.85,297600,-0.003,0.0,5014560.0,4476460.0
2017-08-28,16.85,17.0,16.5,16.6,294000,-0.0148,-0.0148,4880400.0,4400256.0
2017-08-29,16.5,16.85,16.3,16.85,284000,0.0212,0.0151,4785400.0,4356240.0
2017-08-30,16.8,16.95,16.6,16.75,266100,-0.003,-0.0059,4457175.0,4415596.0
2017-08-31,16.85,17.15,16.77,17.05,562900,0.0119,0.0179,9597445.0,4460423.5
2017-09-01,17.05,17.15,16.8,17.1,586000,0.0029,0.0029,10020600.0,5106374.0
2017-09-05,17.2,17.2,16.8,17.0,506900,-0.0116,-0.0058,8617300.0,5655048.5
2017-09-06,17.1,17.55,16.9,17.35,388300,0.0146,0.0206,6737005.0,6027895.5
2017-09-07,17.35,17.8,17.35,17.6,527200,0.0144,0.0144,9278720.0,6472488.0
2017-09-08,17.5,17.65,17.15,17.3,400300,-0.0114,-0.017,6925190.0,6855650.0
2017-09-11,17.35,17.7,17.35,17.6,349100,0.0144,0.0173,6144160.0,7031379.5
2017-09-12,17.6,17.75,17.5,17.6,351500,0.0,0.0,6186400.0,7144339.5
2017-09-13,17.65,17.9,17.55,17.8,750100,0.0085,0.0114,13351780.0,7274939.5
2017-09-14,17.8,18.0,17.7,17.8,502300,0.0,0.0,8940940.0,8131577.5
2017-09-15,17.8,17.95,17.35,17.35,687800,-0.0253,-0.0253,11933330.0,8579954.0
2017-09-18,17.3,17.55,17.25,17.35,307700,0.0029,0.0,5338595.0,8813542.5
2017-09-19,17.45,17.65,17.3,17.45,189800,0.0,0.0058,3312010.0,8345342.0
2017-09-20,17.5,17.75,17.5,17.55,263700,0.0029,0.0057,4627935.0,7814813.0
2017-09-21,17.45,17.65,17.25,17.35,268500,-0.0057,-0.0114,4658475.0,7603906.0
2017-09-22,17.35,17.5,17.13,17.3,320600,-0.0029,-0.0029,5546380.0,7141881.5
2017-09-25,17.4,17.9,17.4,17.6,308800,0.0115,0.0173,5434880.0,7004000.5
2017-09-26,17.6,17.71,17.45,17.5,229900,-0.0057,-0.0057,4023250.0,6933072.5
2017-09-27,17.5,17.6,17.3,17.4,256400,-0.0057,-0.0057,4461360.0,6716757.5
2017-09-28,17.35,17.45,17.15,17.25,477700,-0.0058,-0.0086,8240325.0,5827715.5
2017-09-29,17.25,17.35,17.2,17.25,730200,0.0,0.0,12595950.0,5757654.0
2017-10-02,17.05,17.25,16.95,17.1,320400,0.0029,-0.0087,5478840.0,5823916.0
2017-10-03,17.05,17.25,16.93,17.0,512200,-0.0029,-0.0058,8707400.0,5837940.5
2017-10-04,16.95,17.1,16.75,16.8,340200,-0.0088,-0.0118,5715360.0,6377479.5
2017-10-05,16.8,16.95,16.75,16.8,742200,0.0,0.0,12468960.0,6486222.0
2017-10-06,16.75,16.83,16.65,16.7,422500,-0.003,-0.006,7055750.0,7267270.5
2017-10-09,16.65,16.85,16.65,16.7,420800,0.003,0.0,7027360.0,7418207.5
2017-10-10,16.75,17.3,16.75,17.2,382900,0.0269,0.0299,6585880.0,7577455.5
2017-10-11,17.15,17.8,17.1,17.6,543100,0.0262,0.0233,9558560.0,7833718.5
2017-10-12,17.5,17.75,17.15,17.45,349900,-0.0029,-0.0085,6105755.0,8343438.5
2017-10-13,17.6,17.6,17.1,17.2,361700,-0.0227,-0.0143,6221240.0,8129981.5
2017-10-16,17.2,17.4,16.73,16.8,253200,-0.0233,-0.0233,4253760.0,7492510.5
2017-10-17,16.75,16.9,16.55,16.65,407100,-0.006,-0.0089,6778215.0,7370002.5
2017-10-18,16.7,16.75,16.25,16.3,441000,-0.024,-0.021,7188300.0,7177084.0
2017-10-19,16.2,16.35,15.95,16.25,498500,0.0031,-0.0031,8100625.0,7324378.0
2017-10-20,16.3,16.45,16.15,16.3,356600,0.0,0.0031,5812580.0,6887544.5
2017-10-23,16.3,16.4,15.8,16.0,378800,-0.0184,-0.0184,6060800.0,6763227.5
2017-10-24,16.55,16.65,16.05,16.15,351500,-0.0242,0.0094,5676725.0,6666571.5
2017-10-25,16.1,16.1,15.2,15.4,560600,-0.0435,-0.0464,8633240.0,6575656.0
2017-10-26,15.45,15.78,15.1,15.5,567600,0.0032,0.0065,8797800.0,6483124.0
2017-10-27,15.55,16.3,15.4,15.9,458800,0.0225,0.0258,7294920.0,6752328.5
2017-10-30,15.95,16.25,15.58,15.8,1535700,-0.0094,-0.0063,24264060.0,6859696.5
2017-10-31,15.55,15.65,15.25,15.5,463400,-0.0032,-0.019,7182700.0,8860726.5
2017-11-01,16.1,16.2,15.7,16.0,312200,-0.0062,0.0323,4995200.0,8901175.0
2017-11-02,15.9,16.15,15.2,15.4,402300,-0.0314,-0.0375,6195420.0,8681865.0
2017-11-03,15.4,15.7,15.2,15.6,419000,0.013,0.013,6536400.0,8491344.5
2017-11-06,15.55,16.05,15.55,16.0,491700,0.0289,0.0256,7867200.0,8563726.5
2017-11-07,16.05,16.65,15.9,16.4,662300,0.0218,0.025,10861720.0,8744366.5
2017-11-08,16.35,16.6,16.25,16.35,374600,0.0,-0.003,6124710.0,9262866.0
2017-11-09,16.25,16.6,16.15,16.3,292300,0.0031,-0.0031,4764490.0,9012013.0
2017-11-10,16.2,16.4,15.9,16.0,452600,-0.0123,-0.0184,7241600.0,8608682.0
2017-11-13,15.95,15.95,15.4,15.4,340900,-0.0345,-0.0375,5249860.0,8603350.0
2017-11-14,15.4,15.46,15.08,15.25,426200,-0.0097,-0.0097,6499550.0,6701930.0
2017-11-15,15.1,15.5,15.0,15.45,294400,0.0232,0.0131,4548480.0,6633615.0
2017-11-16,15.55,15.55,15.33,15.4,273300,-0.0096,-0.0032,4208820.0,6588943.0
2017-11-17,15.75,15.85,15.2,15.55,359700,-0.0127,0.0097,5593335.0,6390283.0
2017-11-20,15.55,15.8,15.23,15.75,353900,0.0129,0.0129,5573925.0,6295976.5
2017-11-21,15.85,16.0,15.6,15.9,642500,0.0032,0.0095,10215750.0,6066649.0
2017-11-22,15.95,16.2,15.9,16.1,185500,0.0094,0.0126,2986550.0,6002052.0
2017-11-24,16.25,16.3,16.0,16.0,65000,-0.0154,-0.0062,1040000.0,5688236.0
2017-11-27,16.0,16.0,15.7,15.8,431300,-0.0125,-0.0125,6814540.0,5315787.0
2017-11-28,15.8,15.93,15.7,15.8,331900,0.0,0.0,5244020.0,5273081.0
2017-11-29,15.8,15.85,15.53,15.75,313800,-0.0032,-0.0032,4942350.0,5272497.0
2017-11-30,15.85,16.7,15.85,16.7,412000,0.0536,0.0603,6880400.0,5116777.0
2017-12-01,16.75,16.85,16.55,16.75,640100,0.0,0.003,10721675.0,5349969.0
2017-12-04,16.75,16.9,16.6,16.65,246400,-0.006,-0.006,4102560.0,6001254.5
2017-12-05,16.65,16.7,16.33,16.35,205200,-0.018,-0.018,3355020.0,5852177.0
2017-12-06,16.35,16.35,15.9,16.1,217700,-0.0153,-0.0153,3504970.0,5630286.5
2017-12-07,16.05,16.45,16.05,16.45,167400,0.0249,0.0217,2753730.0,4959208.5
2017-12-08,16.55,16.68,16.4,16.5,226300,-0.003,0.003,3733950.0,4935926.5
2017-12-11,16.5,16.95,16.45,16.95,213400,0.0273,0.0273,3617130.0,5205321.5
2017-12-12,16.9,17.15,16.75,16.9,230700,0.0,-0.0029,3898830.0,4885580.5
2017-12-13,16.95,17.1,16.6,16.95,353100,0.0,0.003,5985045.0,4751061.5
2017-12-14,16.9,17.35,16.8,17.25,278600,0.0207,0.0177,4805850.0,4855331.0
2017-12-15,17.25,17.3,16.75,16.85,372000,-0.0232,-0.0232,6268200.0,4647876.0
2017-12-18,16.85,17.25,16.85,16.95,236300,0.0059,0.0059,4005285.0,4202528.5
2017-12-19,16.9,16.95,16.4,16.45,220300,-0.0266,-0.0295,3623935.0,4192801.0
2017-12-20,16.6,17.1,16.25,17.05,501200,0.0271,0.0365,8545460.0,4219692.5
2017-12-21,16.85,17.31,16.75,17.1,199800,0.0148,0.0029,3416580.0,4723741.5
2017-12-22,17.05,17.25,17.0,17.2,196500,0.0088,0.0058,3379800.0,4790026.5
2017-12-26,17.15,17.4,17.1,17.35,204100,0.0117,0.0087,3541135.0,4754611.5
2017-12-27,17.4,17.4,17.0,17.1,282800,-0.0172,-0.0144,4835880.0,4747012.0
2017-12-28,17.15,17.35,16.9,17.35,429900,0.0117,0.0146,7458765.0,4840717.0
2017-12-29,17.45,17.65,17.1,17.6,415100,0.0086,0.0144,7305760.0,4988089.0
2018-01-02,17.7,18.4,17.46,18.4,374900,0.0395,0.0455,6898160.0,5238080.0
2018-01-03,18.5,18.85,18.25,18.65,390500,0.0081,0.0136,7282825.0,5301076.0
2018-01-04,18.75,18.8,18.5,18.75,183600,0.0,0.0054,3442500.0,5628830.0
2018-01-05,18.65,18.77,18.1,18.2,434100,-0.0241,-0.0293,7900620.0,5610686.5
2018-01-08,18.25,18.55,18.13,18.4,190200,0.0082,0.011,3499680.0,5546202.5
2018-01-09,18.35,18.45,18.25,18.35,165600,0.0,-0.0027,3038760.0,5554512.5
2018-01-10,18.35,18.48,18.15,18.25,159700,-0.0054,-0.0054,2914525.0,5520408.5
2018-01-11,18.35,18.9,18.13,18.9,407500,0.03,0.0356,7701750.0,5457747.5
2018-01-12,18.9,18.95,18.25,18.75,420600,-0.0079,-0.0079,7886250.0,5744334.5
2018-01-16,18.85,19.05,18.55,18.6,346800,-0.0133,-0.008,6450480.0,5787083.0
2018-01-17,18.75,18.75,18.45,18.55,381000,-0.0107,-0.0027,7067550.0,5701555.0
2018-01-18,18.55,18.7,18.4,18.5,316100,-0.0027,-0.0027,5847850.0,5718494.0
2018-01-19,18.5,18.85,18.25,18.75,483100,0.0135,0.0135,9058125.0,5574996.5
2018-01-22,18.65,19.33,18.65,19.25,285000,0.0322,0.0267,5486250.0,6136559.0
2018-01-23,19.25,19.9,19.05,19.75,393900,0.026,0.026,7779525.0,5895122.0
2018-01-24,19.75,19.95,19.65,19.75,325100,0.0,0.0,6420725.0,6323106.5
2018-01-25,19.85,20.0,19.3,19.5,266600,-0.0176,-0.0127,5198700.0,6661303.0
2018-01-26,19.35,19.6,19.25,19.4,164300,0.0026,-0.0051,3187420.0,6889720.5
2018-01-29,19.3,19.45,18.75,18.9,356800,-0.0207,-0.0258,6743520.0,6438287.5
2018-01-30,18.5,18.65,18.15,18.3,310200,-0.0108,-0.0317,5676660.0,6324014.5
2018-01-31,18.4,18.6,18.25,18.6,520100,0.0109,0.0164,9673860.0,6246632.5
2018-02-01,18.55,18.75,18.3,18.5,379200,-0.0027,-0.0054,7015200.0,6507263.5
2018-02-02,18.35,18.6,18.0,18.05,320600,-0.0163,-0.0243,5786830.0,6623998.5
2018-02-05,18.0,18.1,17.27,17.4,449100,-0.0333,-0.036,7814340.0,6296869.0
2018-02-06,17.05,17.8,16.95,17.7,427500,0.0381,0.0172,7566750.0,6529678.0
2018-02-07,17.65,18.0,17.45,17.65,312700,0.0,-0.0028,5519155.0,6508400.5
2018-02-08,17.75,17.8,16.85,16.85,636600,-0.0507,-0.0453,10726710.0,6418243.5
2018-02-09,17.1,17.1,15.9,16.6,712500,-0.0292,-0.0148,11827500.0,6971044.5
2018-02-12,16.8,17.58,16.4,17.3,566400,0.0298,0.0422,9798720.0,7835052.5
2018-02-13,17.25,17.45,16.85,17.3,274800,0.0029,0.0,4754040.0,8140572.5
2018-02-14,17.05,17.4,16.85,17.35,325200,0.0176,0.0029,5642220.0,8048310.5
2018-02-15,17.5,17.5,16.95,17.1,396500,-0.0229,-0.0144,6780150.0,7645146.5
2018-02-16,16.9,17.08,16.65,16.75,855200,-0.0089,-0.0205,14324600.0,7621641.5
2018-02-20,16.8,17.0,16.6,16.9,478600,0.006,0.009,8088340.0,8475418.5
2018-02-21,17.0,17.0,15.75,15.75,684600,-0.0735,-0.068,10782450.0,8502818.5
2018-02-22,15.9,15.95,15.45,15.45,466400,-0.0283,-0.019,7205880.0,8824388.5
2018-02-23,15.55,15.75,15.35,15.4,421700,-0.0096,-0.0032,6494180.0,8993061.0
2018-02-26,15.5,15.52,15.05,15.3,470000,-0.0129,-0.0065,7191000.0,8569808.0
2018-02-27,15.35,15.35,14.9,14.95,423600,-0.0261,-0.0229,6332820.0,8106158.0
2018-02-28,14.95,15.0,14.6,14.7,657500,-0.0167,-0.0167,9665250.0,7759568.0
2018-03-01,14.7,15.1,14.55,15.0,500800,0.0204,0.0204,7512000.0,8250689.0
2018-03-02,14.85,15.45,14.7,15.3,485200,0.0303,0.02,7423560.0,8437667.0
2018-03-05,15.2,15.75,15.2,15.5,421200,0.0197,0.0131,6528600.0,8502008.0
2018-03-06,15.65,15.65,15.25,15.3,295400,-0.0224,-0.0129,4519620.0,7722408.0
2018-03-07,15.2,15.38,14.9,15.1,388300,-0.0066,-0.0131,5863330.0,7365536.0
2018-03-08,15.1,15.2,14.8,14.95,471800,-0.0099,-0.0099,7053410.0,6873624.0
2018-03-09,15.0,15.28,14.9,15.2,314100,0.0133,0.0167,4774320.0,6858377.0
2018-03-12,15.25,15.65,15.25,15.6,267700,0.023,0.0263,4176120.0,6686391.0
2018-03-13,15.6,15.65,15.4,15.5,241500,-0.0064,-0.0064,3743250.0,6384903.0
2018-03-14,15.45,15.5,15.05,15.2,259400,-0.0162,-0.0194,3942880.0,6125946.0
2018-03-15,15.2,15.2,14.25,14.95,655600,-0.0164,-0.0164,9801220.0,5553709.0
2018-03-16,15.05,15.65,14.7,15.35,405400,0.0199,0.0268,6222890.0,5782631.0
2018-03-19,15.35,15.4,14.73,14.9,509000,-0.0293,-0.0293,7584100.0,5662564.0
2018-03-20,15.0,15.15,14.7,14.7,255600,-0.02,-0.0134,3757320.0,5768114.0
2018-03-21,14.75,15.2,14.65,15.15,399800,0.0271,0.0306,6056970.0,5691884.0
2018-03-22,14.95,15.15,14.75,14.8,332200,-0.01,-0.0231,4916560.0,5711248.0
2018-03-23,14.8,14.8,14.4,14.5,518500,-0.0203,-0.0203,7518250.0,5497563.0
2018-03-26,14.7,14.75,14.15,14.45,388100,-0.017,-0.0034,5608045.0,5771956.0
2018-03-27,14.6,14.75,14.2,14.25,404500,-0.024,-0.0138,5764125.0,5915148.5
2018-03-28,14.35,14.45,14.05,14.15,457200,-0.0139,-0.007,6469380.0,6117236.0
2018-03-29,14.3,14.75,14.15,14.65,485100,0.0245,0.0353,7106715.0,6369886.0
2018-04-02,14.6,14.8,14.3,14.55,469300,-0.0034,-0.0068,6828315.0,6100435.5
2018-04-03,14.65,14.9,14.28,14.8,507900,0.0102,0.0172,7516920.0,6160978.0
2018-04-04,13.9,14.45,13.8,14.4,577100,0.036,-0.027,8310240.0,6154260.0
2018-04-05,14.35,14.9,14.15,14.8,855400,0.0314,0.0278,12659920.0,6609552.0
2018-04-06,14.8,14.8,13.95,14.1,505800,-0.0473,-0.0473,7131780.0,7269847.0
2018-04-09,14.2,14.2,13.8,13.85,797700,-0.0246,-0.0177,11048145.0,7491369.0
2018-04-10,14.1,14.45,13.85,14.4,634600,0.0213,0.0397,9138240.0,7844358.5
2018-04-11,14.4,14.58,14.05,14.45,775600,0.0035,0.0035,11207420.0,8197378.0
2018-04-12,14.5,14.5,14.07,14.1,246700,-0.0276,-0.0242,3478470.0,8741707.5
2018-04-13,14.15,14.31,13.95,14.2,499200,0.0035,0.0071,7088640.0,8442616.5
2018-04-16,14.2,14.95,14.15,14.9,541500,0.0493,0.0493,8068350.0,8440809.0
2018-04-17,15.0,15.2,14.8,15.0,665600,0.0,0.0067,9984000.0,8564812.5
2018-04-18,15.1,15.25,14.8,14.85,367100,-0.0166,-0.01,5451435.0,8811520.5
2018-04-19,15.0,15.05,14.7,14.7,1107100,-0.02,-0.0101,16274370.0,8525640.0
2018-04-20,14.7,14.75,14.4,14.7,493800,0.0,0.0,7258860.0,8887085.0
2018-04-23,14.7,15.05,14.5,15.0,590700,0.0204,0.0204,8860500.0,8899793.0
2018-04-24,15.0,15.0,14.63,14.75,394700,-0.0167,-0.0167,5821825.0,8681028.5
2018-04-25,14.6,14.85,14.4,14.85,463100,0.0171,0.0068,6877035.0,8349387.0
2018-04-26,14.85,15.38,14.8,15.25,602100,0.0269,0.0269,9182025.0,7916348.5
2018-04-27,14.95,15.0,14.7,14.85,272300,-0.0067,-0.0262,4043655.0,8486704.0
2018-04-30,14.85,15.1,14.7,14.85,277000,0.0,0.0,4113450.0,8182205.5
2018-05-01,14.85,14.95,14.6,14.8,1473800,-0.0034,-0.0034,21812240.0,7786715.5
2018-05-02,14.5,16.0,14.5,15.2,825300,0.0483,0.027,12544560.0,8969539.5
2018-05-03,15.35,15.8,15.2,15.4,500400,0.0033,0.0132,7706160.0,9678852.0
2018-05-04,15.35,15.7,15.25,15.65,520700,0.0195,0.0162,8148955.0,8822031.0
2018-05-07,15.8,16.3,15.8,16.25,603900,0.0285,0.0383,9813375.0,8911040.5
2018-05-08,16.15,16.25,15.9,16.1,375000,-0.0031,-0.0092,6037500.0,9006328.0
2018-05-09,16.2,16.6,16.15,16.4,512100,0.0123,0.0186,8398440.0,9027895.5
2018-05-10,16.4,16.55,16.2,16.3,421900,-0.0061,-0.0061,6876970.0,9180036.0
2018-05-11,16.4,16.68,16.3,16.5,965000,0.0061,0.0123,15922500.0,8949530.5
2018-05-14,16.6,17.0,16.6,16.95,528900,0.0211,0.0273,8964855.0,10137415.0
2018-05-15,16.9,17.1,16.43,16.45,1184800,-0.0266,-0.0295,19489960.0,10622555.5
2018-05-16,16.5,16.65,16.4,16.6,233100,0.0061,0.0091,3869460.0,10390327.5
2018-05-17,16.75,17.05,16.65,16.65,225200,-0.006,0.003,3749580.0,9522817.5
2018-05-18,16.75,16.8,16.51,16.65,309700,-0.006,0.0,5156505.0,9127159.5
2018-05-21,16.75,16.75,16.5,16.7,176600,-0.003,0.003,2949220.0,8827914.5
2018-05-22,16.7,17.05,16.65,16.75,339900,0.003,0.003,5693325.0,8141499.0
2018-05-23,16.75,16.9,16.56,16.65,162900,-0.006,-0.006,2712285.0,8107081.5
2018-05-24,16.55,16.65,16.35,16.45,223500,-0.006,-0.012,3676575.0,7538466.0
2018-05-25,16.15,16.35,16.02,16.3,166900,0.0093,-0.0091,2720470.0,7218426.5
2018-05-29,16.15,16.6,16.15,16.45,212300,0.0186,0.0092,3492335.0,5898223.5
2018-05-30,16.5,17.05,16.45,17.0,310400,0.0303,0.0334,5276800.0,5350971.5
2018-05-31,16.9,17.55,16.9,17.5,1171300,0.0355,0.0294,20497750.0,3929655.5
2018-06-01,17.55,18.1,17.45,18.05,785500,0.0285,0.0314,14178275.0,5592484.5
2018-06-04,18.2,18.4,18.05,18.25,634600,0.0027,0.0111,11581450.0,6635354.0
2018-06-05,18.25,18.38,17.75,17.8,387700,-0.0247,-0.0247,6901060.0,7277848.5
2018-06-06,17.75,17.8,16.95,17.1,900100,-0.0366,-0.0393,15391710.0,7673032.5
2018-06-07,17.15,17.5,16.95,17.0,664000,-0.0087,-0.0058,11288000.0,8642871.0
2018-06-08,17.1,17.2,16.68,16.8,957900,-0.0175,-0.0118,16092720.0,9500442.5
2018-06-11,16.75,17.0,16.7,17.0,584500,0.0149,0.0119,9936500.0,10742057.0
2018-06-12,17.05,17.3,16.9,17.0,585600,-0.0029,0.0,9955200.0,11463660.0
2018-06-13,17.05,17.05,16.45,16.75,749600,-0.0176,-0.0147,12555800.0,12109946.5
2018-06-14,16.75,16.9,16.6,16.85,574300,0.006,0.006,9676955.0,12837846.5
2018-06-15,16.75,16.75,16.2,16.4,415700,-0.0209,-0.0267,6817480.0,11755767.0
2018-06-18,16.4,16.65,16.35,16.55,647000,0.0091,0.0091,10707850.0,11019687.5
2018-06-19,16.35,16.5,16.25,16.4,591600,0.0031,-0.0091,9702240.0,10932327.5
2018-06-20,16.65,16.7,16.3,16.65,797000,0.0,0.0152,13270050.0,11212445.5
2018-06-21,16.65,16.65,16.33,16.45,682600,-0.012,-0.012,11228770.0,11000279.5
2018-06-22,16.85,16.95,16.55,16.75,549900,-0.0059,0.0182,9210825.0,10994356.5
2018-06-25,16.7,16.75,16.05,16.15,453800,-0.0329,-0.0358,7328870.0,10306167.0
2018-06-26,16.15,16.45,16.08,16.45,644400,0.0186,0.0186,10600380.0,10045404.0
2018-06-27,16.6,16.6,16.3,16.4,351900,-0.012,-0.003,5771160.0,10109922.0
2018-06-28,16.55,16.55,16.15,16.35,286500,-0.0121,-0.003,4684275.0,9431458.0
2018-06-29,16.5,16.5,16.2,16.45,879900,-0.003,0.0061,14474355.0,8932190.0
2018-07-02,16.4,16.55,16.1,16.15,324900,-0.0152,-0.0182,5247135.0,9697877.5
2018-07-03,16.3,16.68,16.3,16.5,171200,0.0123,0.0217,2824800.0,9151806.0
2018-07-05,16.6,16.6,16.38,16.5,297100,-0.006,0.0,4902150.0,8464062.0
2018-07-06,16.4,16.6,16.4,16.6,247900,0.0122,0.0061,4115140.0,7627272.0
2018-07-09,16.65,16.7,16.3,16.4,596600,-0.015,-0.012,9784240.0,6915909.0
2018-07-10,16.4,16.45,15.7,15.75,654100,-0.0396,-0.0396,10302075.0,6973250.5
2018-07-11,15.65,15.9,15.5,15.7,1040100,0.0032,-0.0032,16329570.0,7270571.0
2018-07-12,15.8,15.8,15.4,15.8,451200,0.0,0.0064,7128960.0,7843490.0
2018-07-13,15.7,15.93,15.65,15.75,351400,0.0032,-0.0032,5534550.0,7979270.0
2018-07-16,15.65,15.8,15.45,15.75,610500,0.0064,0.0,9615375.0,8064297.5
2018-07-17,15.7,15.85,15.3,15.3,836500,-0.0255,-0.0286,12798450.0,7578399.5
2018-07-18,15.35,15.7,15.2,15.55,674100,0.013,0.0163,10482255.0,8333531.0
2018-07-19,15.7,16.5,15.65,16.35,523500,0.0414,0.0514,8559225.0,9099276.5
2018-07-20,16.35,16.45,15.95,16.0,273400,-0.0214,-0.0214,4374400.0,9464984.0
2018-07-23,16.1,16.1,15.78,16.05,775800,-0.0031,0.0031,12451590.0,9490910.0
2018-07-24,16.05,16.25,15.85,15.95,823700,-0.0062,-0.0062,13138015.0,9757645.0
2018-07-25,15.9,16.65,15.9,16.5,745800,0.0377,0.0345,12305700.0,10041239.0
2018-07-26,16.5,16.73,16.4,16.5,458800,0.0,0.0,7570200.0,9638852.0
2018-07-27,16.25,16.5,15.95,16.1,751000,-0.0092,-0.0242,12091100.0,9682976.0
2018-07-30,16.2,16.25,15.9,16.05,381700,-0.0093,-0.0031,6126285.0,10338631.0
2018-07-31,15.95,16.05,15.8,15.95,340800,0.0,-0.0062,5435760.0,9989722.0
2018-08-01,16.3,17.55,16.0,17.35,1275900,0.0644,0.0878,22136865.0,9253453.0
2018-08-02,17.3,18.0,17.1,17.75,1119900,0.026,0.0231,19878225.0,10418914.0
2018-08-03,17.8,17.93,17.33,17.45,408200,-0.0197,-0.0169,7123090.0,11550814.0
2018-08-06,17.55,17.65,17.1,17.2,274100,-0.0199,-0.0143,4714520.0,11825683.0
2018-08-07,17.55,17.55,16.95,17.1,579000,-0.0256,-0.0058,9900900.0,11051976.0
2018-08-08,16.95,17.25,16.95,17.2,397900,0.0147,0.0058,6843880.0,10728264.5
2018-08-09,17.25,17.45,17.13,17.2,272500,-0.0029,0.0,4687000.0,10182082.5
2018-08-10,17.25,17.52,17.25,17.35,405300,0.0058,0.0087,7031955.0,9893762.5
2018-08-13,17.4,17.4,16.95,17.0,250200,-0.023,-0.0202,4253400.0,9387848.0
2018-08-14,17.05,17.3,17.0,17.2,340300,0.0088,0.0118,5853160.0,9200559.5
2018-08-15,17.0,17.15,16.7,17.05,467700,0.0029,-0.0087,7974285.0,9242299.5
2018-08-16,17.1,17.35,16.95,17.25,264100,0.0088,0.0117,4555725.0,7826041.5
2018-08-17,17.3,17.45,17.2,17.35,190100,0.0029,0.0058,3298235.0,6293791.5
2018-08-20,17.35,17.4,17.25,17.35,286700,0.0,0.0,4974245.0,5911306.0
2018-08-21,17.3,17.55,17.23,17.25,163600,-0.0029,-0.0058,2822100.0,5937278.5
2018-08-22,17.3,17.5,17.25,17.45,176300,0.0087,0.0116,3076435.0,5229398.5
2018-08-23,17.4,17.65,17.25,17.45,196300,0.0029,0.0,3425435.0,4852654.0
2018-08-24,17.6,17.65,17.25,17.35,323800,-0.0142,-0.0057,5617930.0,4726497.5
2018-08-27,17.3,17.4,16.95,17.15,626600,-0.0087,-0.0115,10746190.0,4585095.0
2018-08-28,17.1,17.15,16.7,16.7,333100,-0.0234,-0.0262,5562770.0,5234374.0
2018-08-29,16.75,17.0,16.6,16.75,439000,0.0,0.003,7353250.0,5205335.0
2018-08-30,16.7,16.85,16.48,16.55,207300,-0.009,-0.0119,3430815.0,5143231.5
2018-08-31,16.5,16.5,15.95,16.3,907000,-0.0121,-0.0151,14784100.0,5030740.5
2018-09-04,16.35,16.73,16.25,16.5,405300,0.0092,0.0123,6687450.0,6179327.0
2018-09-05,16.45,16.9,16.35,16.85,261000,0.0243,0.0212,4397850.0,6350647.5
2018-09-06,16.7,17.05,16.55,16.6,845200,-0.006,-0.0148,14030320.0,6508222.5
2018-09-07,16.6,17.0,16.45,16.85,604400,0.0151,0.0151,10184140.0,7603611.0
2018-09-10,16.95,17.15,16.6,16.85,615300,-0.0059,0.0,10367805.0,8279481.5
2018-09-11,16.85,17.2,16.75,17.15,513300,0.0178,0.0178,8803095.0,8754469.0
2018-09-12,17.2,17.55,17.13,17.4,446100,0.0116,0.0146,7762140.0,8560159.5
2018-09-13,17.35,17.6,17.15,17.25,392400,-0.0058,-0.0086,6768900.0,8780096.5
2018-09-14,17.25,17.25,16.83,17.0,384400,-0.0145,-0.0145,6534800.0,8721661.5
2018-09-17,17.0,17.25,16.7,16.75,373900,-0.0147,-0.0147,6262825.0,9032060.0
2018-09-18,16.85,17.1,16.75,16.9,420900,0.003,0.009,7113210.0,8179932.5
2018-09-19,16.9,17.02,16.6,16.75,587900,-0.0089,-0.0089,9847325.0,8222508.5
2018-09-20,16.7,17.0,16.6,16.9,383000,0.012,0.009,6472700.0,8767456.0
2018-09-21,16.9,16.93,16.5,16.65,806300,-0.0148,-0.0148,13424895.0,8011694.0
2018-09-24,16.75,16.8,16.2,16.3,643700,-0.0269,-0.021,10492310.0,8335769.5
2018-09-25,16.3,16.4,16.0,16.25,696500,-0.0031,-0.0031,11318125.0,8348220.0
2018-09-26,16.25,16.45,16.05,16.15,353900,-0.0062,-0.0062,5715485.0,8599723.0
2018-09-27,16.2,16.5,16.15,16.25,929400,0.0031,0.0062,15102750.0,8395057.5
2018-09-28,16.3,16.8,16.15,16.45,540300,0.0092,0.0123,8887935.0,9228442.5
2018-10-01,16.52,17.6,16.43,17.38,1494100,0.0521,0.0565,25967458.0,9463756.0
2018-10-02,17.4,17.4,16.75,16.91,563600,-0.0282,-0.027,9530476.0,11434219.3
2018-10-03,16.88,17.28,16.8,17.2,498200,0.019,0.0171,8569040.0,11675945.9
2018-10-04,17.21,17.23,16.95,16.99,428900,-0.0128,-0.0122,7287011.0,11548117.4
2018-10-05,16.93,17.23,16.76,17.16,354000,0.0136,0.01,6074640.0,11629548.5
2018-10-08,17.07,17.18,16.71,16.92,480300,-0.0088,-0.014,8126676.0,10894523.0
2018-10-09,16.98,17.27,16.9,17.16,469100,0.0106,0.0142,8049756.0,10657959.6
2018-10-10,17.11,17.14,16.63,16.68,567900,-0.0251,-0.028,9472572.0,10331122.7
2018-10-11,16.5,16.67,16.15,16.24,530600,-0.0158,-0.0264,8616944.0,10706831.4
2018-10-12,16.42,16.57,15.79,16.0,496300,-0.0256,-0.0148,7940800.0,10058250.8
2018-10-15,16.0,16.18,15.91,16.03,201300,0.0019,0.0019,3226839.0,9963537.3
2018-10-16,16.22,16.42,15.98,16.33,416200,0.0068,0.0187,6796546.0,7689475.4
2018-10-17,16.3,16.3,15.88,16.0,220000,-0.0184,-0.0202,3520000.0,7416082.4
2018-10-18,15.95,16.21,15.8,15.87,292100,-0.005,-0.0081,4635627.0,6911178.4
2018-10-19,15.91,16.19,15.84,16.05,529500,0.0088,0.0113,8498475.0,6646040.0
2018-10-22,16.4,16.48,15.3,15.76,2222300,-0.039,-0.0181,35023448.0,6888423.5
2018-10-23,15.52,15.52,14.58,14.84,2725900,-0.0438,-0.0584,40452356.0,9578100.7
2018-10-24,14.78,14.87,14.18,14.19,1000100,-0.0399,-0.0438,14191419.0,12818360.7
2018-10-25,14.38,14.44,14.02,14.25,671400,-0.009,0.0042,9567450.0,13290245.4
2018-10-26,13.89,14.07,13.19,13.54,1137200,-0.0252,-0.0498,15397688.0,13385296.0
2018-10-29,13.59,13.67,12.9,13.14,1578300,-0.0331,-0.0295,20738862.0,14130984.8
2018-10-30,12.97,13.27,12.73,12.99,935600,0.0015,-0.0114,12153444.0,15882187.1
2018-10-31,13.0,13.42,13.0,13.0,1060800,0.0,0.0008,13790400.0,16417876.9
2018-11-01,13.08,13.3,12.86,13.1,913600,0.0015,0.0077,11968160.0,17444916.9
2018-11-02,13.2,13.3,12.8,12.8,1002600,-0.0303,-0.0229,12833280.0,18178170.2
2018-11-05,12.86,13.19,12.66,12.89,1119200,0.0023,0.007,14426488.0,18611650.7
2018-11-06,12.86,13.21,12.8,13.08,2015800,0.0171,0.0147,26366664.0,16551954.7
2018-11-07,12.9,13.45,12.11,12.5,3961900,-0.031,-0.0443,49523750.0,15143385.5
2018-11-08,12.59,12.98,12.41,12.5,1744000,-0.0071,0.0,21800000.0,18676618.6
2018-11-09,12.44,12.44,11.9,12.1,1335800,-0.0273,-0.032,16163180.0,19899873.6
2018-11-12,12.14,12.14,11.6,11.77,1506400,-0.0305,-0.0273,17730328.0,19976422.8
2018-11-13,11.89,12.0,11.55,11.67,1896100,-0.0185,-0.0085,22127487.0,19675569.4
2018-11-14,11.93,11.93,11.38,11.52,2164500,-0.0344,-0.0129,24935040.0,20672973.7
2018-11-15,11.43,11.56,11.26,11.37,1413000,-0.0052,-0.013,16065810.0,21787437.7
2018-11-16,11.4,11.61,11.15,11.58,1389700,0.0158,0.0185,16092726.0,22197202.7
2018-11-19,11.51,11.86,11.51,11.62,804900,0.0096,0.0035,9352938.0,22523147.3
2018-11-20,11.5,11.59,11.16,11.32,1801700,-0.0157,-0.0258,20395244.0,22015792.3
2018-11-21,11.42,11.98,11.39,11.68,482500,0.0228,0.0318,5635600.0,21418650.3
2018-11-23,11.41,11.51,11.25,11.44,277400,0.0026,-0.0205,3173456.0,17029835.3
2018-11-26,11.53,11.68,11.41,11.47,1234900,-0.0052,0.0026,14164303.0,15167180.9
2018-11-27,11.38,11.54,11.16,11.26,835600,-0.0105,-0.0183,9408856.0,14967293.2
2018-11-28,11.31,11.4,11.11,11.35,620700,0.0035,0.008,7044945.0,14135146.0
2018-11-29,11.35,11.58,11.35,11.46,542300,0.0097,0.0097,6214758.0,12626891.8
2018-11-30,11.41,11.65,11.18,11.43,911100,0.0018,-0.0026,10413873.0,10754863.6
2018-12-03,11.69,12.25,11.66,12.08,1415300,0.0334,0.0569,17096824.0,10189669.9
2018-12-04,11.98,12.12,11.79,11.82,1343500,-0.0134,-0.0215,15880170.0,10290079.7
2018-12-06,11.7,11.7,11.29,11.55,801400,-0.0128,-0.0228,9256170.0,10942802.9
2018-12-07,11.74,11.96,11.49,11.53,770900,-0.0179,-0.0017,8888477.0,9828895.5
2018-12-10,11.38,11.48,11.06,11.1,1391400,-0.0246,-0.0373,15444540.0,10154183.2
2018-12-11,11.25,11.3,10.95,11.0,867800,-0.0222,-0.009,9545800.0,11381291.6
2018-12-12,11.1,11.3,11.05,11.3,983600,0.018,0.0273,11114680.0,10919441.3
2018-12-13,11.33,11.67,11.25,11.42,936700,0.0079,0.0106,10697114.0,11090023.7
2018-12-14,11.32,11.58,11.32,11.38,882900,0.0053,-0.0035,10047402.0,11455240.6
2018-12-17,11.32,11.47,10.67,10.8,1445800,-0.0459,-0.051,15614640.0,11838505.0
2018-12-18,10.85,10.85,10.36,10.48,2941900,-0.0341,-0.0296,30831112.0,12358581.7
2018-12-19,10.54,10.98,10.1,10.21,2710300,-0.0313,-0.0258,27672163.0,13732010.5
2018-12-20,10.06,10.27,9.74,9.92,2609300,-0.0139,-0.0284,25884256.0,14911209.8
2018-12-21,9.87,10.05,9.45,9.53,5768000,-0.0344,-0.0393,54969040.0,16574018.4
2018-12-24,9.45,9.5,9.08,9.19,995100,-0.0275,-0.0357,9144969.0,21182074.7
2018-12-26,9.28,9.76,8.9,9.76,1458400,0.0517,0.062,14233984.0,20552117.6
2018-12-27,9.68,9.73,9.0,9.48,1324500,-0.0207,-0.0287,12556260.0,21020936.0
2018-12-28,9.49,9.57,9.25,9.53,1549000,0.0042,0.0053,14761970.0,21165094.0
2018-12-31,9.51,9.62,9.22,9.49,1305800,-0.0021,-0.0042,12392042.0,21571579.6
2019-01-02,9.33,9.98,9.25,9.69,1206900,0.0386,0.0211,11694861.0,21806043.6
2019-01-03,9.65,10.11,9.55,10.01,1540200,0.0373,0.033,15417402.0,21414065.7
2019-01-04,10.16,10.98,10.1,10.95,2390900,0.0778,0.0939,26180355.0,19872694.7
2019-01-07,11.0,11.5,10.94,11.17,2099600,0.0155,0.0201,23452532.0,19723513.9
2019-01-08,11.31,11.97,11.25,11.92,3176100,0.0539,0.0671,37859112.0,19480341.5
2019-01-09,12.04,12.21,11.85,12.05,1878400,0.0008,0.0109,22634720.0,17769348.7
2019-01-10,11.95,12.0,11.25,11.46,2121900,-0.041,-0.049,24316974.0,19118323.8
2019-01-11,11.37,11.46,10.93,11.0,2554300,-0.0325,-0.0401,28097300.0,20126622.8
2019-01-14,10.88,10.95,10.6,10.67,3078200,-0.0193,-0.03,32844394.0,21680726.8
2019-01-15,10.76,11.29,10.71,11.23,1715200,0.0437,0.0525,19261696.0,23488969.2
2019-01-16,11.21,11.38,11.15,11.27,1533000,0.0054,0.0036,17276910.0,24175934.6
2019-01-17,11.29,11.45,11.09,11.34,1471800,0.0044,0.0062,16690212.0,24734139.5
2019-01-18,11.47,11.81,11.18,11.72,1476700,0.0218,0.0335,17306924.0,24861420.5
2019-01-22,11.6,11.74,11.5,11.51,4089400,-0.0078,-0.0179,47068994.0,23974077.4
2019-01-23,11.25,11.39,10.61,10.89,2360100,-0.032,-0.0539,25701489.0,26335723.6
2019-01-24,10.88,11.09,10.72,10.92,1921500,0.0037,0.0028,20982780.0,25119961.3
2019-01-25,11.0,11.02,10.36,10.53,24380100,-0.0427,-0.0357,256722453.0,24954767.3
2019-01-28,10.42,10.61,10.13,10.61,6324200,0.0182,0.0076,67099762.0,48195315.2
2019-01-29,10.65,11.06,10.53,10.75,7967200,0.0094,0.0132,85647400.0,52095561.4
2019-01-30,10.79,11.19,10.67,11.1,1922100,0.0287,0.0326,21335310.0,57375862.0
2019-01-31,11.13,11.17,10.6,10.88,1807700,-0.0225,-0.0198,19667776.0,57583223.4
2019-02-01,10.85,10.93,10.68,10.85,1987200,0.0,-0.0028,21561120.0,57822310.0
2019-02-04,10.85,11.2,10.79,11.17,1168600,0.0295,0.0295,13053262.0,58309400.8
2019-02-05,11.13,11.21,10.9,11.15,1657200,0.0018,-0.0018,18477780.0,57884034.6
2019-02-06,11.09,11.24,10.72,10.78,2184400,-0.028,-0.0332,23547832.0,55024913.2
2019-02-07,10.65,10.76,10.22,10.41,2409100,-0.0225,-0.0343,25078731.0,54809547.5
2019-02-08,10.43,10.49,10.09,10.36,1722500,-0.0067,-0.0048,17845100.0,55219142.6
2019-02-11,10.36,10.5,10.23,10.29,1581400,-0.0068,-0.0068,16272606.0,31331407.3
2019-02-12,10.44,10.78,10.37,10.61,1927100,0.0163,0.0311,20446531.0,26248691.7
2019-02-13,10.65,10.89,10.65,10.86,1949200,0.0197,0.0236,21168312.0,19728604.8
2019-02-14,10.79,11.05,10.69,11.01,1862800,0.0204,0.0138,20509428.0,19711905.0
2019-02-15,11.1,11.21,11.04,11.1,1372500,0.0,0.0082,15234750.0,19796070.2
2019-02-19,11.12,11.5,11.11,11.39,2704100,0.0243,0.0261,30799699.0,19163433.2
2019-02-20,11.49,11.82,11.32,11.37,3693300,-0.0104,-0.0018,41992821.0,20938076.9
2019-02-21,11.3,11.54,11.17,11.3,2466100,0.0,-0.0062,27866930.0,23289581.0
2019-02-22,11.44,11.54,11.31,11.38,2839900,-0.0052,0.0071,32318062.0,23721490.8
2019-02-25,11.4,11.55,11.34,11.45,1922400,0.0044,0.0062,22011480.0,24445423.9
2019-02-26,11.45,11.61,11.3,11.33,2714400,-0.0105,-0.0105,30754152.0,24862061.9
2019-02-27,11.38,11.54,11.12,11.27,3069000,-0.0097,-0.0053,34587630.0,26310216.5
2019-02-28,11.3,11.45,11.14,11.15,4654800,-0.0133,-0.0106,51901020.0,27724326.4
2019-03-01,11.21,11.34,11.06,11.32,2893900,0.0098,0.0152,32758948.0,30797597.2
2019-03-04,11.41,11.46,11.1,11.37,2723300,-0.0035,0.0044,30963921.0,32022549.2
2019-03-05,11.42,11.42,11.26,11.32,1778100,-0.0088,-0.0044,20128092.0,33595466.3
2019-03-06,11.32,11.37,11.1,11.19,1762200,-0.0115,-0.0115,19719018.0,32528305.6
2019-03-07,11.16,11.46,11.09,11.3,1734500,0.0125,0.0098,19599850.0,30300925.3
2019-03-08,11.15,11.29,10.78,11.25,3129200,0.009,-0.0044,35203500.0,29474217.3
2019-03-11,11.3,11.65,11.27,11.49,3750600,0.0168,0.0213,43094394.0,29762761.1
2019-03-12,11.55,11.55,11.21,11.36,2898000,-0.0165,-0.0113,32921280.0,31871052.5
2019-03-13,11.43,11.64,11.36,11.6,2594200,0.0149,0.0211,30092720.0,32087765.3
2019-03-14,11.55,11.72,11.51,11.68,2085900,0.0113,0.0069,24363312.0,31638274.3
2019-03-15,11.66,12.09,11.64,12.09,20604500,0.0369,0.0351,249108405.0,28884503.5
2019-03-18,12.05,12.1,11.81,11.96,2451400,-0.0075,-0.0108,29318744.0,50519449.2
2019-03-19,12.02,12.12,11.99,12.01,2218200,-0.0008,0.0042,26640582.0,50354931.5
2019-03-20,12.01,12.24,11.84,12.12,1457700,0.0092,0.0092,17667324.0,51006180.5
2019-03-21,12.06,12.36,12.02,12.19,2353100,0.0108,0.0058,28684289.0,50801011.1
2019-03-22,12.06,12.15,11.88,12.03,1744700,-0.0025,-0.0131,20988741.0,51709455.0
2019-03-25,11.96,12.04,11.81,12.0,1859100,0.0033,-0.0025,22309200.0,50287979.1
2019-03-26,12.13,12.49,12.13,12.32,1757600,0.0157,0.0267,21653632.0,48209459.7
2019-03-27,12.27,12.44,12.24,12.38,3148500,0.009,0.0049,38978430.0,47082694.9
2019-03-28,12.26,12.69,12.26,12.65,1577100,0.0318,0.0218,19950315.0,47971265.9
2019-03-29,12.75,12.9,12.69,12.78,2428000,0.0024,0.0103,31029840.0,47529966.2
2019-04-01,12.88,13.06,12.62,12.98,1641500,0.0078,0.0156,21306670.0,25722109.7
2019-04-02,12.99,13.1,12.89,12.89,3259800,-0.0077,-0.0069,42018822.0,24920902.3
2019-04-03,12.89,13.0,12.44,12.61,1467800,-0.0217,-0.0217,18508958.0,26458726.3
2019-04-04,12.6,12.76,12.59,12.7,1501100,0.0079,0.0071,19063970.0,26542889.7
2019-04-05,12.69,12.77,12.57,12.6,1972900,-0.0071,-0.0079,24858540.0,25580857.8
2019-04-08,12.6,12.69,12.35,12.45,1430500,-0.0119,-0.0119,17809725.0,25967837.7
2019-04-09,12.4,12.54,12.27,12.35,1340900,-0.004,-0.008,16560115.0,25517890.2
2019-04-10,12.37,12.51,12.15,12.24,1654600,-0.0105,-0.0089,20252304.0,25008538.5
2019-04-11,12.26,12.5,12.23,12.41,1350800,0.0122,0.0139,16763428.0,23135925.9
2019-04-12,12.63,12.74,12.48,12.63,2037800,0.0,0.0177,25737414.0,22817237.2
2019-04-15,12.43,12.6,12.34,12.52,1698900,0.0072,-0.0087,21270228.0,22287994.6
2019-04-16,12.56,12.61,12.4,12.61,1503000,0.004,0.0072,18952830.0,22284350.4
2019-04-17,12.6,12.66,12.23,12.27,1804900,-0.0262,-0.027,22146123.0,19977751.2
2019-04-18,12.27,12.27,11.85,12.1,1902700,-0.0139,-0.0139,23022670.0,20341467.7
2019-04-22,12.47,12.59,12.28,12.54,1810900,0.0056,0.0364,22708686.0,20737337.7
2019-04-23,12.65,12.74,12.36,12.36,2861500,-0.0229,-0.0144,35368140.0,20522352.3
2019-04-24,12.41,12.49,12.14,12.2,2405000,-0.0169,-0.0129,29341000.0,22278193.8
2019-04-25,12.2,12.42,12.14,12.24,2510500,0.0033,0.0033,30728520.0,23556282.3
2019-04-26,11.96,12.01,11.65,11.78,2731900,-0.0151,-0.0376,32181782.0,24603903.9
2019-04-29,11.78,11.99,11.73,11.89,1226600,0.0093,0.0093,14584274.0,26145739.3
2019-04-30,12.0,12.09,11.55,11.69,1942600,-0.0258,-0.0168,22708994.0,25030425.3
2019-05-01,11.62,11.62,10.97,11.08,4542100,-0.0465,-0.0522,50326468.0,25174301.9
2019-05-02,11.06,11.23,10.91,11.03,2091000,-0.0027,-0.0045,23063730.0,28311665.7
2019-05-03,11.03,11.23,11.0,11.16,1657300,0.0118,0.0118,18495468.0,28403426.4
2019-05-06,11.03,11.22,11.0,11.15,1318000,0.0109,-0.0009,14695700.0,27950706.2
2019-05-07,11.02,11.16,10.91,11.06,2857300,0.0036,-0.0081,31601738.0,27149407.6
2019-05-08,11.01,11.18,10.94,11.04,1603600,0.0027,-0.0018,17703744.0,26772767.4
2019-05-09,10.93,11.04,10.58,10.7,4007500,-0.021,-0.0308,42880250.0,25609041.8
2019-05-10,10.72,11.05,10.61,11.05,1649500,0.0308,0.0327,18226975.0,26824214.8
2019-05-13,10.97,11.15,10.84,10.9,1515200,-0.0064,-0.0136,16515680.0,25428734.1
2019-05-14,11.0,11.32,10.9,11.17,1153400,0.0155,0.0248,12883478.0,25621874.7
2019-05-15,11.12,11.49,11.11,11.4,1486000,0.0252,0.0206,16940400.0,24639323.1
2019-05-16,11.55,11.63,11.42,11.55,1343000,0.0,0.0132,15511650.0,21300716.3
2019-05-17,11.57,11.74,11.5,11.55,2043500,-0.0017,0.0,23602425.0,20545508.3
2019-05-20,11.54,11.54,11.3,11.35,1733800,-0.0165,-0.0173,19678630.0,21056204.0
2019-05-21,11.4,11.61,11.33,11.5,3138600,0.0088,0.0132,36093900.0,21554497.0
2019-05-22,11.44,11.54,11.34,11.44,3084900,0.0,-0.0052,35291256.0,22003713.2
2019-05-23,11.36,11.36,10.84,10.9,2632300,-0.0405,-0.0472,28692070.0,23762464.4
2019-05-24,11.0,11.09,10.88,10.91,1651700,-0.0082,0.0009,18020047.0,22343646.4
2019-05-28,10.98,11.01,10.79,10.84,1502000,-0.0128,-0.0064,16281680.0,22322953.6
2019-05-29,10.71,10.74,10.38,10.68,3455300,-0.0028,-0.0148,36902604.0,22299553.6
2019-05-30,10.68,10.79,10.44,10.49,1860000,-0.0178,-0.0178,19511400.0,24701466.2
2019-05-31,10.32,10.42,10.15,10.38,3589300,0.0058,-0.0105,37256934.0,24958566.2
2019-06-03,10.38,10.66,10.38,10.53,1858700,0.0145,0.0145,19572111.0,27133094.6
2019-06-04,10.59,10.83,10.52,10.8,1987300,0.0198,0.0256,21462840.0,26730063.2
2019-06-05,10.75,10.77,10.19,10.25,3422800,-0.0465,-0.0509,35083700.0,26908484.2
2019-06-06,10.25,10.36,10.07,10.18,1865100,-0.0068,-0.0068,18986718.0,26807464.2
2019-06-07,10.2,10.42,10.16,10.25,1296300,0.0049,0.0069,13287075.0,25177010.4
2019-06-10,10.33,10.43,10.18,10.18,1789600,-0.0145,-0.0068,18218128.0,23636510.9
2019-06-11,10.21,10.35,10.13,10.31,1936400,0.0098,0.0128,19964284.0,23656319.0
2019-06-12,10.21,10.29,9.92,9.93,3323400,-0.0274,-0.0369,33001362.0,24024579.4
2019-06-13,10.05,10.12,9.92,9.99,2054200,-0.006,0.006,20521458.0,23634455.2
2019-06-14,9.96,9.97,9.58,9.9,3639000,-0.006,-0.009,36026100.0,23735461.0
2019-06-17,9.86,9.96,9.74,9.94,1386800,0.0081,0.004,13784792.0,23612377.6
2019-06-18,9.96,10.06,9.92,9.94,2661000,-0.002,0.0,26450340.0,23033645.7
2019-06-19,9.94,9.99,9.84,9.84,1442400,-0.0101,-0.0101,14193216.0,23532395.7
2019-06-20,9.99,10.07,9.89,9.94,2419800,-0.005,0.0102,24052812.0,21443347.3
2019-06-21,9.95,10.02,9.82,9.83,3315400,-0.0121,-0.0111,32590382.0,21949956.7
2019-06-24,9.88,9.92,9.71,9.8,1329700,-0.0081,-0.0031,13031060.0,23880287.4
2019-06-25,9.75,9.8,9.66,9.67,2034900,-0.0082,-0.0133,19677483.0,23361580.6
2019-06-26,9.77,10.0,9.77,9.81,1336200,0.0041,0.0145,13108122.0,23332900.5
2019-06-27,9.82,9.91,9.76,9.84,1399000,0.002,0.0031,13766160.0,21343576.5
2019-06-28,9.85,10.18,9.84,10.09,2141900,0.0244,0.0254,21611771.0,20668046.7
2019-07-01,10.26,10.47,10.16,10.26,1666800,0.0,0.0168,17101368.0,19226613.8
2019-07-02,10.27,10.34,9.99,10.16,1948800,-0.0107,-0.0097,19799808.0,19558271.4
2019-07-03,10.15,10.34,10.08,10.31,870100,0.0158,0.0148,8970731.0,18893218.2
2019-07-05,10.31,10.59,10.29,10.54,1481800,0.0223,0.0223,15618172.0,18370969.7
2019-07-08,10.5,10.6,10.36,10.4,2404600,-0.0095,-0.0133,25007840.0,17527505.7
2019-07-09,10.38,10.57,10.29,10.5,1250100,0.0116,0.0096,13126050.0,16769251.5
2019-07-10,10.53,10.78,10.53,10.67,1000900,0.0133,0.0162,10679603.0,16778750.5
2019-07-11,10.68,10.75,10.49,10.56,1672900,-0.0112,-0.0103,17665824.0,15878962.5
2019-07-12,10.57,10.64,10.41,10.44,1314900,-0.0123,-0.0114,13727556.0,16334732.7
2019-07-15,10.53,10.63,10.46,10.52,1366100,-0.0009,0.0077,14371372.0,16330872.3
2019-07-16,10.52,10.58,10.38,10.44,4597200,-0.0076,-0.0076,47994768.0,15606832.4
2019-07-17,10.43,10.51,10.2,10.3,2458000,-0.0125,-0.0134,25317400.0,18696172.4
2019-07-18,10.27,10.32,10.12,10.29,1454600,0.0019,-0.001,14967834.0,19247931.6
2019-07-19,10.29,10.39,10.17,10.19,5996300,-0.0097,-0.0097,61102297.0,19847641.9
2019-07-22,10.22,10.34,10.03,10.28,4633000,0.0059,0.0088,47627240.0,24396054.4
2019-07-23,10.31,10.35,10.12,10.14,3522700,-0.0165,-0.0136,35720178.0,26657994.4
2019-07-24,10.14,10.15,10.03,10.07,2788900,-0.0069,-0.0069,28084223.0,28917407.2
2019-07-25,10.07,10.11,9.78,9.87,2083400,-0.0199,-0.0199,20563158.0,30657869.2
2019-07-26,9.59,9.62,9.43,9.56,3826300,-0.0031,-0.0314,36579428.0,30947602.6
2019-07-29,9.59,9.62,9.47,9.62,6690000,0.0031,0.0063,64357800.0,33232789.8
2019-07-30,9.54,9.58,9.32,9.55,2945700,0.001,-0.0073,28131435.0,38231432.6
2019-07-31,9.56,9.71,9.49,9.6,2201900,0.0042,0.0052,21138240.0,36245099.3
2019-08-01,9.54,9.6,9.28,9.28,2878700,-0.0273,-0.0333,26714336.0,35827183.3
2019-08-02,9.33,9.39,8.9,9.06,3202000,-0.0289,-0.0237,29010120.0,37001833.5
2019-08-05,8.89,8.99,8.63,8.74,2897500,-0.0169,-0.0353,25324150.0,33792615.8
2019-08-06,8.76,8.85,8.26,8.41,4963800,-0.04,-0.0378,41745558.0,31562306.8
2019-08-07,8.04,8.25,7.2,7.41,11328000,-0.0784,-0.1189,83940480.0,32164844.8
2019-08-08,7.41,7.87,7.36,7.79,8615000,0.0513,0.0513,67110850.0,37750470.5
2019-08-09,7.82,7.98,7.71,7.71,3363700,-0.0141,-0.0103,25934127.0,42405239.7
2019-08-12,7.71,7.73,6.6,7.35,2930400,-0.0467,-0.0467,21538440.0,41340709.6
2019-08-13,7.36,7.59,7.33,7.4,2055400,0.0054,0.0068,15209960.0,37058773.6
2019-08-14,7.43,7.49,7.14,7.45,5380600,0.0027,0.0068,40085470.0,35766626.1
2019-08-15,7.45,7.61,7.38,7.54,3209300,0.0121,0.0121,24198122.0,37661349.1
2019-08-16,7.6,7.79,7.55,7.75,3520900,0.0197,0.0279,27286975.0,37409727.7
2019-08-19,7.73,8.04,7.38,8.01,3330000,0.0362,0.0335,26673300.0,37237413.2
2019-08-20,7.94,8.13,7.92,8.04,1893200,0.0126,0.0037,15221328.0,37372328.2
2019-08-21,8.1,8.24,8.04,8.08,3298200,-0.0025,0.005,26649456.0,34719905.2
2019-08-22,8.05,8.07,7.83,7.87,2027100,-0.0224,-0.026,15953277.0,28990802.8
2019-08-23,7.91,7.95,7.4,7.4,2256000,-0.0645,-0.0597,16694400.0,23875045.5
2019-08-26,7.5,7.57,7.3,7.33,1947200,-0.0227,-0.0095,14272976.0,22951072.8
2019-08-27,7.34,7.4,7.04,7.11,2927800,-0.0313,-0.03,20816658.0,22224526.4
2019-08-28,7.29,7.68,7.27,7.61,6741600,0.0439,0.0703,51303576.0,22785196.2
2019-08-29,7.64,7.97,7.63,7.91,4644900,0.0353,0.0394,36741159.0,23907006.8
2019-08-30,7.88,8.07,7.85,7.94,3899100,0.0076,0.0038,30958854.0,25161310.5
2019-09-03,7.82,7.82,7.58,7.61,1464200,-0.0269,-0.0416,11142562.0,25528498.4
2019-09-04,7.69,7.86,7.69,7.79,2327500,0.013,0.0237,18131225.0,23975424.6
2019-09-05,7.88,7.95,7.81,7.81,1188800,-0.0089,0.0026,9284528.0,24266414.3
2019-09-06,7.7,7.79,7.6,7.77,1964400,0.0091,-0.0051,15263388.0,22529921.5
2019-09-09,7.86,8.06,7.84,8.01,2550800,0.0191,0.0309,20431908.0,22460932.6
2019-09-10,8.02,8.43,8.02,8.21,2745700,0.0237,0.025,22542197.0,22834683.4
2019-09-11,8.22,8.48,8.14,8.37,2488600,0.0182,0.0195,20829582.0,23661605.5
2019-09-12,8.25,8.35,8.14,8.17,1720700,-0.0097,-0.0239,14058119.0,23662897.9
2019-09-13,8.24,8.56,8.23,8.43,3430700,0.0231,0.0318,28920801.0,19938352.2
2019-09-16,9.04,9.37,8.53,8.7,3496900,-0.0376,0.032,30423030.0,19156316.4
2019-09-17,8.65,8.79,8.53,8.7,2244800,0.0058,0.0,19529760.0,19102734.0
2019-09-18,8.63,8.73,8.55,8.56,2313200,-0.0081,-0.0161,19800992.0,19941453.8
2019-09-19,8.62,8.71,8.34,8.43,3242400,-0.022,-0.0152,27333432.0,20108430.5
2019-09-20,8.47,8.6,8.29,8.43,10746000,-0.0047,0.0,90588780.0,21913320.9
2019-09-23,8.41,8.74,8.37,8.55,2457700,0.0166,0.0142,21013335.0,29445860.1
2019-09-24,8.55,8.67,8.37,8.44,4342200,-0.0129,-0.0129,36648168.0,29504002.8
2019-09-25,8.35,8.6,8.33,8.49,2786900,0.0168,0.0059,23660781.0,30914599.9
2019-09-26,8.45,8.55,8.37,8.48,3243800,0.0036,-0.0012,27507424.0,31197719.8
2019-09-27,8.44,8.64,8.4,8.41,1826000,-0.0036,-0.0083,15356660.0,32542650.3
2019-09-30,8.35,8.54,8.35,8.5,3002400,0.018,0.0107,25520400.0,31186236.2
2019-10-01,8.53,8.63,8.06,8.06,2276800,-0.0551,-0.0518,18351008.0,30695973.2
2019-10-02,8.05,8.09,7.59,7.76,4910600,-0.036,-0.0372,38106256.0,30578098.0
2019-10-03,7.7,7.8,7.4,7.78,3105700,0.0104,0.0026,24162346.0,32408624.4
2019-10-04,7.8,7.86,7.7,7.84,1347700,0.0051,0.0077,10565968.0,32091515.8
2019-10-07,7.86,7.9,7.61,7.64,2702300,-0.028,-0.0255,20645572.0,24089234.6
2019-10-08,7.48,7.48,7.11,7.39,4095200,-0.012,-0.0327,30263528.0,24052458.3
2019-10-09,7.43,7.52,7.3,7.42,1980000,-0.0013,0.0041,14691600.0,23413994.3
2019-10-10,7.4,7.44,7.34,7.38,1680700,-0.0027,-0.0054,12403566.0,22517076.2
2019-10-11,7.5,7.65,7.42,7.53,3268100,0.004,0.0203,24608793.0,21006690.4
2019-10-14,7.44,7.46,7.15,7.18,2741200,-0.0349,-0.0465,19681816.0,21931903.7
2019-10-15,7.14,7.37,7.08,7.22,2645300,0.0112,0.0056,19099066.0,21348045.3
2019-10-16,7.17,7.28,6.93,6.99,5011300,-0.0251,-0.0319,35028987.0,21422851.1
2019-10-17,7.02,7.02,6.79,6.95,3362600,-0.01,-0.0057,23370070.0,21115124.2
2019-10-18,6.92,7.09,6.91,6.98,2144600,0.0087,0.0043,14969308.0,21035896.6
2019-10-21,7.01,7.05,6.76,6.78,3719700,-0.0328,-0.0287,25219566.0,21476230.6
2019-10-22,6.85,7.08,6.63,6.93,4626700,0.0117,0.0221,32063031.0,21933630.0
2019-10-23,6.91,7.01,6.8,6.96,3326500,0.0072,0.0043,23152440.0,22113580.3
2019-10-24,7.0,7.06,6.84,7.06,4909200,0.0086,0.0144,34658952.0,22959664.3
2019-10-25,6.75,6.78,6.5,6.51,5264200,-0.0356,-0.0779,34269942.0,25185202.9
2019-10-28,6.52,6.69,6.43,6.45,3714900,-0.0107,-0.0092,23961105.0,26151317.8
2019-10-29,6.41,6.53,6.23,6.48,4290800,0.0109,0.0047,27804384.0,26579246.7
2019-10-30,6.47,6.56,6.36,6.4,2636600,-0.0108,-0.0123,16874240.0,27449778.5
2019-10-31,6.39,6.45,6.16,6.25,3020100,-0.0219,-0.0234,18875625.0,25634303.8
2019-11-01,6.25,6.53,6.24,6.52,1694500,0.0432,0.0432,11048140.0,25184859.3
2019-11-04,6.58,6.77,6.54,6.68,1965600,0.0152,0.0245,13130208.0,24792742.5
2019-11-05,6.71,6.82,6.48,6.57,5336800,-0.0209,-0.0165,35062776.0,23583806.7
2019-11-06,6.58,6.66,6.23,6.26,5231900,-0.0486,-0.0472,32751694.0,23883781.2
2019-11-07,6.31,6.38,5.77,5.95,7907600,-0.0571,-0.0495,47050220.0,24843706.6
2019-11-08,5.87,5.91,5.35,5.7,6721000,-0.029,-0.042,38309700.0,26082833.4
2019-11-11,5.71,5.71,5.49,5.5,3118300,-0.0368,-0.0351,17150650.0,26486809.2
2019-11-12,5.5,5.55,5.37,5.45,4649000,-0.0091,-0.0091,25337050.0,25805763.7
2019-11-13,5.42,5.55,5.38,5.43,3395700,0.0018,-0.0037,18438651.0,25559030.3
2019-11-14,5.45,5.47,5.28,5.36,3098300,-0.0165,-0.0129,16606888.0,25715471.4
2019-11-15,5.37,5.43,5.27,5.32,3703500,-0.0093,-0.0075,19702620.0,25488597.7
2019-11-18,5.3,5.31,4.95,4.98,4422400,-0.0604,-0.0639,22023552.0,26354045.7
2019-11-19,4.95,5.03,4.67,4.69,6147800,-0.0525,-0.0582,28833182.0,27243380.1
2019-11-20,4.7,4.92,4.67,4.86,3053800,0.034,0.0362,14841468.0,26620420.7
2019-11-21,4.94,5.24,4.87,5.18,4268700,0.0486,0.0658,22111866.0,24829398.1
2019-11-22,5.22,5.26,4.98,5.0,2153700,-0.0421,-0.0347,10768500.0,22335562.7
2019-11-25,4.96,5.05,4.92,5.02,1806000,0.0121,0.004,9066120.0,19581442.7
2019-11-26,5.01,5.08,4.74,4.79,2827600,-0.0439,-0.0458,13544204.0,18772989.7
2019-11-27,4.8,4.89,4.69,4.87,2728000,0.0146,0.0167,13285360.0,17593705.1
2019-11-29,4.85,4.85,4.68,4.75,963300,-0.0206,-0.0246,4575675.0,17078376.0
2019-12-02,4.8,4.81,4.46,4.51,4000600,-0.0604,-0.0505,18042706.0,15875254.7
2019-12-03,4.46,4.55,4.33,4.39,4092000,-0.0157,-0.0266,17963880.0,15709263.3
2019-12-04,4.44,4.5,4.33,4.42,2884700,-0.0045,0.0068,12750374.0,15303296.1
2019-12-05,4.53,4.6,4.42,4.47,2849400,-0.0132,0.0113,12736818.0,13695015.3
2019-12-06,4.5,4.56,4.39,4.46,3267100,-0.0089,-0.0022,14571266.0,13484550.3
2019-12-09,4.46,4.94,4.44,4.91,4999700,0.1009,0.1009,24548527.0,12730490.3
2019-12-10,5.04,5.81,5.0,5.62,14935500,0.1151,0.1446,83937510.0,14108493.0
2019-12-11,5.62,5.64,5.46,5.53,5403700,-0.016,-0.016,29882461.0,21595632.0
2019-12-12,5.49,5.75,5.49,5.69,5731300,0.0364,0.0289,32611097.0,23229457.7
2019-12-13,5.69,5.73,5.12,5.22,6585400,-0.0826,-0.0826,34375788.0,25162031.4
2019-12-16,5.26,5.47,5.2,5.47,3012700,0.0399,0.0479,16479469.0,28142042.7
2019-12-17,5.48,5.96,5.47,5.89,8798900,0.0748,0.0768,51825521.0,27985719.0
2019-12-18,5.86,6.2,5.85,6.14,12471100,0.0478,0.0424,76572554.0,31371883.1
2019-12-19,6.16,6.27,5.9,5.97,8637300,-0.0308,-0.0277,51564681.0,37754101.1
2019-12-20,6.03,6.04,5.83,6.01,17267900,-0.0033,0.0067,103780079.0,41636887.4
2019-12-23,5.98,6.21,5.98,6.17,5657100,0.0318,0.0266,34904307.0,50557768.7
2019-12-24,6.2,6.27,6.09,6.19,1303000,-0.0016,0.0032,8065570.0,51593346.7
2019-12-26,6.22,6.28,6.14,6.25,2610300,0.0048,0.0097,16314375.0,44006152.7
2019-12-27,6.25,6.25,5.96,6.07,2616200,-0.0288,-0.0288,15880334.0,42649344.1
2019-12-30,6.07,6.12,5.95,6.0,2662000,-0.0115,-0.0115,15972000.0,40976267.8
2019-12-31,5.95,6.13,5.88,6.13,2549300,0.0303,0.0217,15627209.0,39135889.0
2020-01-02,6.19,6.35,6.07,6.3,3061500,0.0178,0.0277,19287450.0,39050663.0
2020-01-03,6.4,6.4,6.25,6.28,6566800,-0.0188,-0.0032,41239504.0,35796855.9
2020-01-06,6.32,6.48,6.23,6.25,6753100,-0.0111,-0.0048,42206875.0,32263550.9
2020-01-07,6.15,6.2,6.04,6.04,12690200,-0.0179,-0.0336,76648808.0,31327770.3
2020-01-08,6.01,6.11,5.61,5.71,9904600,-0.0499,-0.0546,56555266.0,28614643.2
2020-01-09,5.69,5.73,5.49,5.54,6281600,-0.0264,-0.0298,34800064.0,30779739.1
2020-01-10,5.53,5.59,5.08,5.3,15716200,-0.0416,-0.0433,83295860.0,33453188.5
2020-01-13,5.3,5.51,5.17,5.42,4019300,0.0226,0.0226,21784606.0,40151337.0
2020-01-14,5.44,5.8,5.36,5.74,4221400,0.0551,0.059,24230836.0,40741764.2
2020-01-15,5.72,5.76,5.55,5.73,3470100,0.0017,-0.0017,19883673.0,41567647.8
2020-01-16,5.65,6.06,5.61,5.85,9258600,0.0354,0.0209,54162810.0,41993294.2
2020-01-17,5.9,6.03,5.85,5.92,3853500,0.0034,0.012,22812720.0,45480830.2
2020-01-21,5.92,5.93,5.55,5.59,5526100,-0.0557,-0.0557,30890899.0,43638151.8
2020-01-22,5.6,5.61,5.34,5.4,4551700,-0.0357,-0.034,24579180.0,42506554.2
2020-01-23,5.39,5.64,5.23,5.52,6599700,0.0241,0.0222,36430344.0,37299591.4
2020-01-24,5.53,5.55,5.36,5.49,4907700,-0.0072,-0.0054,26943273.0,35287099.2
2020-01-27,5.32,5.49,5.24,5.36,3791700,0.0075,-0.0237,20323512.0,34501420.1
2020-01-28,5.44,5.52,5.37,5.45,4724900,0.0018,0.0168,25750705.0,28204185.3
2020-01-29,5.51,5.6,5.43,5.44,3187800,-0.0127,-0.0018,17341632.0,28600795.2
2020-01-30,5.15,5.22,4.98,5.14,4753000,-0.0019,-0.0551,24430420.0,27911874.8
2020-01-31,5.04,5.1,4.9,5.03,3375600,-0.002,-0.0214,16979268.0,28366549.5
2020-02-03,5.02,5.13,4.95,4.96,2350900,-0.012,-0.0139,11660464.0,24648195.3
2020-02-04,5.06,5.23,5.01,5.04,2647800,-0.004,0.0161,13344912.0,23532969.7
2020-02-05,5.14,5.3,5.1,5.17,4749400,0.0058,0.0258,24554398.0,21778371.0
2020-02-06,5.18,5.21,5.04,5.09,3638400,-0.0174,-0.0155,18519456.0,21775892.8
2020-02-07,5.05,5.08,4.88,4.95,5546800,-0.0198,-0.0275,27456660.0,19984804.0
2020-02-10,4.92,4.97,4.56,4.67,5781500,-0.0508,-0.0566,26999605.0,20036142.7
2020-02-11,4.74,4.83,4.64,4.66,5058100,-0.0169,-0.0021,23570746.0,20703752.0
2020-02-12,4.75,4.78,4.49,4.66,7223200,-0.0189,0.0,33660112.0,20485756.1
2020-02-13,4.66,4.75,4.49,4.55,4213300,-0.0236,-0.0236,19170515.0,22117604.1
2020-02-14,4.58,4.63,4.34,4.48,4282200,-0.0218,-0.0154,19184256.0,21591613.6
2020-02-18,4.45,4.63,4.36,4.56,4140300,0.0247,0.0179,18879768.0,21812112.4
2020-02-19,4.6,4.68,4.39,4.53,4430500,-0.0152,-0.0066,20070165.0,22534042.8
2020-02-20,4.53,4.72,4.48,4.54,4093700,0.0022,0.0022,18585398.0,23206568.1
2020-02-21,4.49,4.52,4.3,4.41,4517800,-0.0178,-0.0286,19923498.0,22609668.1
2020-02-24,4.25,4.43,4.14,4.28,20144400,0.0071,-0.0295,86218032.0,22750072.3
2020-02-25,4.33,4.33,3.87,4.02,7582000,-0.0716,-0.0607,30479640.0,28626209.5
2020-02-26,4.09,4.12,3.8,3.9,8726100,-0.0465,-0.0299,34031790.0,28974213.0
2020-02-27,3.76,3.87,3.45,3.68,4997800,-0.0213,-0.0564,18391904.0,30020317.4
2020-02-28,3.49,3.83,3.48,3.81,7646300,0.0917,0.0353,29132403.0,28493496.6
2020-03-02,3.91,3.92,3.6,3.81,4674700,-0.0256,0.0,17810607.0,29489685.4
2020-03-03,3.83,3.95,3.59,3.73,3133400,-0.0261,-0.021,11687582.0,29352320.5
2020-03-04,3.83,3.83,3.58,3.68,3616600,-0.0392,-0.0134,13309088.0,28633101.9
2020-03-05,3.6,3.67,3.32,3.45,2951400,-0.0417,-0.0625,10182330.0,27956994.2
2020-03-06,3.3,3.32,2.94,3.11,6138700,-0.0576,-0.0986,19091357.0,27116687.4
2020-03-09,2.12,2.33,1.9,1.9,8978100,-0.1038,-0.3891,17058390.0,27033473.3
2020-03-10,2.21,2.45,1.8,2.06,6853100,-0.0679,0.0842,14117386.0,20117509.1
2020-03-11,2.0,2.27,1.88,1.96,11230700,-0.02,-0.0485,22012172.0,18481283.7
2020-03-12,1.83,1.83,1.5,1.53,6454200,-0.1639,-0.2194,9874926.0,17279321.9
2020-03-13,1.8,1.99,1.35,1.46,6695200,-0.1889,-0.0458,9774992.0,16427624.1
2020-03-16,1.32,1.48,1.23,1.25,7713600,-0.053,-0.1438,9642000.0,14491883.0
2020-03-17,1.35,1.35,1.02,1.16,7287700,-0.1407,-0.072,8453732.0,13675022.3
2020-03-18,1.1,1.14,0.9,0.93,5591200,-0.1545,-0.1983,5199816.0,13351637.3
2020-03-19,1.0,1.21,0.95,1.09,8753000,0.09,0.172,9540770.0,12540710.1
2020-03-20,1.19,1.27,1.07,1.15,16201700,-0.0336,0.055,18631955.0,12476554.1
2020-03-23,1.15,1.2,1.02,1.06,6355100,-0.0783,-0.0783,6736406.0,12430613.9
2020-03-24,1.12,1.16,1.0,1.0,4756400,-0.1071,-0.0566,4756400.0,11398415.5
2020-03-25,1.01,1.08,0.95,0.95,7443800,-0.0594,-0.05,7071610.0,10462316.9
2020-03-26,1.0,1.19,0.92,1.14,8634000,0.14,0.2,9842760.0,8968260.7
2020-03-27,1.14,1.15,0.96,0.98,4886000,-0.1404,-0.1404,4788280.0,8965044.1
2020-03-30,0.97,0.99,0.88,0.93,3774800,-0.0412,-0.051,3510564.0,8466372.9
2020-03-31,1.02,1.1,0.98,1.1,7077700,0.0784,0.1828,7785470.0,7853229.3
2020-04-01,1.0,1.09,0.98,1.01,3553400,0.01,-0.0818,3588934.0,7786403.1
2020-04-02,1.09,1.2,1.02,1.08,3495200,-0.0092,0.0693,3774816.0,7625314.9
2020-04-03,1.1,1.15,0.97,1.09,3314000,-0.0091,0.0093,3612260.0,7048719.5
2020-04-06,1.1,1.12,1.04,1.08,2810900,-0.0182,-0.0092,3035772.0,5546750.0
2020-04-07,1.11,1.15,0.98,1.0,5945900,-0.0991,-0.0741,5945900.0,5176686.6
2020-04-08,1.04,1.09,1.0,1.05,5163900,0.0096,0.05,5422095.0,5295636.6
2020-04-09,1.1,1.22,1.01,1.07,7695000,-0.0273,0.019,8233650.0,5130685.1
2020-04-13,1.21,1.39,1.08,1.16,9811400,-0.0413,0.0841,11381224.0,4969774.1
2020-04-14,1.23,1.32,1.18,1.22,6127800,-0.0081,0.0517,7475916.0,5629068.5
2020-04-15,1.22,1.23,1.06,1.08,6785900,-0.1148,-0.1148,7328772.0,6025603.7
2020-04-16,1.12,1.18,1.06,1.06,4693200,-0.0536,-0.0185,4974792.0,5979933.9
2020-04-17,1.08,1.16,1.08,1.15,6939200,0.0648,0.0849,7980080.0,6118519.7
2020-04-20,1.1,1.41,1.04,1.19,9014100,0.0818,0.0348,10726779.0,6539046.1
2020-04-21,1.2,1.35,1.14,1.33,7272700,0.1083,0.1176,9672691.0,7250498.0
2020-04-22,1.48,1.53,1.36,1.41,8584800,-0.0473,0.0602,12104568.0,7914189.9
2020-04-23,1.49,1.74,1.49,1.67,8488300,0.1208,0.1844,14175461.0,8530056.7
2020-04-24,1.69,1.79,1.5,1.57,7230200,-0.071,-0.0599,11351414.0,9405393.3
2020-04-27,1.65,1.68,1.5,1.64,4471600,-0.0061,0.0446,7333424.0,9717169.7
2020-04-28,1.65,1.79,1.64,1.75,4487900,0.0606,0.0671,7853825.0,9312389.7
2020-04-29,1.85,2.22,1.8,2.13,8065800,0.1514,0.2171,17180154.0,9350180.6
2020-04-30,2.16,2.3,1.85,2.22,8648800,0.0278,0.0423,19200336.0,10335318.8
2020-05-01,2.1,2.2,1.86,1.9,5624400,-0.0952,-0.1441,10686360.0,11757873.2
2020-05-04,1.83,1.89,1.62,1.82,4893600,-0.0055,-0.0421,8906352.0,12028501.2
2020-05-05,1.95,2.06,1.75,1.77,4249600,-0.0923,-0.0275,7521792.0,11846458.5
2020-05-06,1.79,1.9,1.59,1.59,3803500,-0.1117,-0.1017,6047565.0,11631368.6
2020-05-07,1.74,1.81,1.62,1.71,4410800,-0.0172,0.0755,7542468.0,11025668.3
2020-05-08,1.88,1.89,1.61,1.76,7382600,-0.0638,0.0292,12993376.0,10362369.0
2020-05-11,1.78,1.8,1.67,1.68,2713200,-0.0562,-0.0455,4558176.0,10526565.2
2020-05-12,1.72,1.78,1.66,1.68,2655800,-0.0233,0.0,4461744.0,10249040.4
2020-05-13,1.76,1.79,1.58,1.64,3923700,-0.0682,-0.0238,6434868.0,9909832.3
2020-05-14,1.62,1.7,1.45,1.7,3148900,0.0494,0.0366,5353130.0,8835303.7
2020-05-15,1.63,1.77,1.63,1.66,1918400,0.0184,-0.0235,3184544.0,7450583.1
2020-05-18,1.75,1.98,1.75,1.81,4446400,0.0343,0.0904,8047984.0,6700401.5
2020-05-19,1.85,1.91,1.77,1.91,2830900,0.0324,0.0552,5407019.0,6614564.7
2020-05-20,1.98,2.23,1.96,2.15,5584300,0.0859,0.1257,12006245.0,6403087.4
2020-05-21,2.14,2.27,2.07,2.26,3000100,0.0561,0.0512,6780226.0,6998955.4
2020-05-22,2.26,2.38,2.11,2.34,3358600,0.0354,0.0354,7859124.0,6922731.2
2020-05-26,2.41,2.48,2.3,2.31,5521700,-0.0415,-0.0128,12755127.0,6409306.0
2020-05-27,2.36,2.45,2.17,2.43,4186700,0.0297,0.0519,10173681.0,7229001.1
2020-05-28,2.45,2.49,2.34,2.39,2092600,-0.0245,-0.0165,5001314.0,7800194.8
2020-05-29,2.35,2.43,2.25,2.36,5273900,0.0043,-0.0126,12446404.0,7656839.4
2020-06-01,2.36,2.52,2.31,2.46,3775900,0.0424,0.0424,9288714.0,8366166.8
2020-06-02,2.5,2.72,2.47,2.57,3952100,0.028,0.0447,10156897.0,8976583.8
2020-06-03,2.66,2.85,2.66,2.71,3291400,0.0188,0.0545,8919694.0,9187475.1
2020-06-04,2.75,2.83,2.65,2.76,2914500,0.0036,0.0185,8044020.0,9538742.6
2020-06-05,3.03,3.42,2.96,3.41,4717900,0.1254,0.2355,16088039.0,9142520.1
2020-06-08,3.73,4.05,3.55,3.83,6546400,0.0268,0.1232,25072712.0,10073301.4
2020-06-09,3.53,3.69,3.4,3.46,5677800,-0.0198,-0.0966,19645188.0,11794660.2
2020-06-10,3.25,3.32,2.95,3.22,6950100,-0.0092,-0.0694,22379322.0,12483666.3
2020-06-11,2.9,3.08,2.63,2.87,9289500,-0.0103,-0.1087,26660865.0,13704230.4
2020-06-12,3.16,3.2,2.76,2.93,5157800,-0.0728,0.0209,15112354.0,15870185.5
2020-06-15,2.7,3.42,2.7,3.33,7028900,0.2333,0.1365,23406237.0,16136780.5
2020-06-16,3.52,3.59,3.18,3.22,8329300,-0.0852,-0.033,26820346.0,17548532.8
2020-06-17,3.26,3.26,3.08,3.08,2699600,-0.0552,-0.0435,8314768.0,19214877.7
2020-06-18,3.06,3.38,2.98,3.0,8355500,-0.0196,-0.026,25066500.0,19154385.1
2020-06-19,3.12,3.13,2.63,2.74,13727200,-0.1218,-0.0867,37612528.0,20856633.1
2020-06-22,2.81,2.86,2.67,2.8,3248000,-0.0036,0.0219,9094400.0,23009082.0
2020-06-23,2.85,2.93,2.7,2.71,2360900,-0.0491,-0.0321,6398039.0,21411250.8
2020-06-24,2.7,2.71,2.41,2.5,3759800,-0.0741,-0.0775,9399500.0,20086535.9
2020-06-25,2.39,2.58,2.35,2.57,3701200,0.0753,0.028,9512084.0,18788553.7
2020-06-26,2.56,2.57,2.38,2.4,3569400,-0.0625,-0.0661,8566560.0,17073675.6
2020-06-29,2.35,2.45,2.26,2.3,4193900,-0.0213,-0.0417,9645970.0,16419096.2
2020-06-30,2.28,2.44,2.22,2.44,3088000,0.0702,0.0609,7534720.0,15043069.5
2020-07-01,2.45,2.58,2.32,2.34,2874700,-0.0449,-0.041,6726798.0,13114506.9
2020-07-02,2.41,2.48,2.32,2.47,3986800,0.0249,0.0556,9847396.0,12955709.9
2020-07-06,2.54,2.6,2.42,2.53,3040300,-0.0039,0.0243,7691959.0,11433799.5
2020-07-07,2.46,2.61,2.45,2.53,1965100,0.0285,0.0,4971703.0,8441742.6
2020-07-08,2.5,2.66,2.49,2.61,2969700,0.044,0.0316,7750917.0,8029472.9
2020-07-09,2.62,2.62,2.28,2.3,3560300,-0.1221,-0.1188,8188690.0,8164760.7
2020-07-10,2.3,2.34,2.21,2.34,2635400,0.0174,0.0174,6166836.0,8043679.7
2020-07-13,2.35,2.37,2.17,2.33,5571700,-0.0085,-0.0043,12982061.0,7709154.9
2020-07-14,2.25,2.33,2.21,2.33,2530300,0.0356,0.0,5895599.0,8150705.0
2020-07-15,2.35,2.49,2.3,2.49,3803600,0.0596,0.0687,9470964.0,7775667.9
2020-07-16,2.44,2.48,2.32,2.41,1296700,-0.0123,-0.0321,3125047.0,7969292.3
2020-07-17,2.41,2.54,2.32,2.36,3021900,-0.0207,-0.0207,7131684.0,7609117.2
2020-07-20,2.39,2.46,2.35,2.38,1990900,-0.0042,0.0085,4738342.0,7337546.0
2020-07-21,2.46,2.7,2.46,2.63,2386700,0.0691,0.105,6277021.0,7042184.3
2020-07-22,2.61,2.61,2.48,2.56,1521800,-0.0192,-0.0266,3895808.0,7172716.1
2020-07-23,2.52,2.62,2.48,2.54,1478300,0.0079,-0.0078,3754882.0,6787205.2
2020-07-24,2.53,2.58,2.46,2.47,1904700,-0.0237,-0.0276,4704609.0,6343824.4
2020-07-27,2.51,2.53,2.4,2.46,2028100,-0.0199,-0.004,4989126.0,6197601.7
2020-07-28,2.48,2.52,2.44,2.5,1288300,0.0081,0.0163,3220750.0,5398308.2
2020-07-29,2.5,2.66,2.47,2.64,2161300,0.056,0.056,5705832.0,5130823.3
2020-07-30,2.5,2.51,2.4,2.47,2203400,-0.012,-0.0644,5442398.0,4754310.1
2020-07-31,2.43,2.47,2.35,2.45,1212200,0.0082,-0.0081,2969890.0,4986045.2
2020-08-03,2.39,2.5,2.34,2.48,2111300,0.0377,0.0122,5236024.0,4569865.8
2020-08-04,2.49,2.55,2.42,2.53,1711100,0.0161,0.0202,4329083.0,4619634.0
2020-08-05,2.78,3.3,2.78,2.98,9484300,0.0719,0.1779,28263214.0,4424840.2
2020-08-06,3.01,3.14,2.91,3.04,2728500,0.01,0.0201,8294640.0,6861580.8
2020-08-07,2.96,3.0,2.83,2.9,4446500,-0.0203,-0.0461,12894850.0,7315556.6
2020-08-10,2.95,3.14,2.94,3.14,2526600,0.0644,0.0828,7933524.0,8134580.7
2020-08-11,3.21,3.28,3.05,3.08,2221300,-0.0405,-0.0191,6841604.0,8429020.5
2020-08-12,3.2,3.2,3.02,3.13,1834500,-0.0219,0.0162,5741985.0,8791105.9
2020-08-13,3.17,3.17,3.03,3.09,1508900,-0.0252,-0.0128,4662501.0,8794721.2
2020-08-14,3.06,3.17,3.03,3.06,6774800,0.0,-0.0097,20730888.0,8716731.5
2020-08-17,3.08,3.1,2.94,2.96,5618300,-0.039,-0.0327,16630168.0,10492831.3
2020-08-18,3.0,3.06,2.89,3.05,2892900,0.0167,0.0304,8823345.0,11632245.7
2020-08-19,3.04,3.12,2.99,3.08,1771600,0.0132,0.0098,5456528.0,12081671.9
2020-08-20,3.05,3.08,2.96,3.05,2437100,0.0,-0.0097,7433155.0,9801003.3
2020-08-21,3.01,3.05,2.9,2.93,5435200,-0.0266,-0.0393,15925136.0,9714854.8
2020-08-24,2.9,3.07,2.89,2.98,5546900,0.0276,0.0171,16529762.0,10017883.4
2020-08-25,2.99,3.06,2.88,2.93,1607500,-0.0201,-0.0168,4709975.0,10877507.2
2020-08-26,2.91,2.98,2.83,2.85,1813500,-0.0206,-0.0273,5168475.0,10664344.3
2020-08-27,2.85,2.94,2.85,2.94,2527900,0.0316,0.0316,7432026.0,10606993.3
2020-08-28,2.96,3.1,2.94,3.05,2698200,0.0304,0.0374,8229510.0,10883945.8
2020-08-31,3.06,3.08,2.92,2.99,6521500,-0.0229,-0.0197,19499285.0,9633808.0
2020-09-01,2.96,2.98,2.83,2.87,2236900,-0.0304,-0.0401,6419903.0,9920719.7
2020-09-02,2.84,2.88,2.72,2.73,2934100,-0.0387,-0.0488,8010093.0,9680375.5
2020-09-03,2.68,2.74,2.61,2.62,5259100,-0.0224,-0.0403,13778842.0,9935732.0
2020-09-04,2.67,2.72,2.5,2.67,3363900,0.0,0.0191,8981613.0,10570300.7
2020-09-08,2.54,2.68,2.51,2.58,2316200,0.0157,-0.0337,5975796.0,9875948.4
2020-09-09,2.58,2.64,2.52,2.55,1924700,-0.0116,-0.0116,4907985.0,8820551.8
2020-09-10,2.59,2.61,2.42,2.42,1801100,-0.0656,-0.051,4358662.0,8840352.8
2020-09-11,2.46,2.54,2.4,2.43,2176800,-0.0122,0.0041,5289624.0,8759371.5
2020-09-14,2.51,2.61,2.44,2.57,1865800,0.0239,0.0576,4795106.0,8545131.3
2020-09-15,2.61,2.68,2.5,2.5,1738200,-0.0421,-0.0272,4345500.0,8201690.9
2020-09-16,2.55,2.66,2.52,2.59,1847800,0.0157,0.036,4785802.0,6686312.4
2020-09-17,2.56,2.65,2.48,2.64,1771800,0.0312,0.0193,4677552.0,6522902.3
2020-09-18,2.67,2.67,2.57,2.62,3394100,-0.0187,-0.0076,8892542.0,6189648.2
2020-09-21,2.54,2.6,2.46,2.53,1147200,-0.0039,-0.0344,2902416.0,5701018.2
2020-09-22,2.55,2.66,2.51,2.51,1370200,-0.0157,-0.0079,3439202.0,5093098.5
2020-09-23,2.52,2.58,2.36,2.36,2530400,-0.0635,-0.0598,5971744.0,4839439.1
2020-09-24,2.38,2.47,2.13,2.41,5131600,0.0126,0.0212,12367156.0,4945815.0
2020-09-25,2.3,2.45,2.28,2.36,4697800,0.0261,-0.0207,11086808.0,5746664.4
2020-09-28,2.4,2.44,2.25,2.28,3860400,-0.05,-0.0339,8801712.0,6326382.8
2020-09-29,2.29,2.37,2.22,2.35,2131700,0.0262,0.0307,5009495.0,6727043.4
2020-09-30,2.37,2.44,2.32,2.35,4144000,-0.0084,0.0,9738400.0,6793442.9
2020-10-01,2.37,2.39,2.29,2.31,2527300,-0.0253,-0.017,5838063.0,7288702.7
2020-10-02,2.2,2.42,2.2,2.39,1543800,0.0864,0.0346,3689682.0,7404753.8
2020-10-05,2.41,2.5,2.38,2.45,2187400,0.0166,0.0251,5359130.0,6884467.8
2020-10-06,2.52,2.58,2.36,2.41,1748600,-0.0437,-0.0163,4214126.0,7130139.2
2020-10-07,2.44,2.46,2.34,2.38,2140600,-0.0246,-0.0124,5094628.0,7207631.6
2020-10-08,2.4,2.72,2.4,2.71,3087300,0.1292,0.1387,8366583.0,7119920.0
2020-10-09,2.72,2.75,2.6,2.68,2133400,-0.0147,-0.0111,5717512.0,6719862.7
2020-10-12,2.68,2.69,2.6,2.67,1170600,-0.0037,-0.0037,3125502.0,6182933.1
2020-10-13,2.65,2.74,2.62,2.74,1634300,0.034,0.0262,4477982.0,5615312.1
2020-10-14,2.7,2.87,2.67,2.73,969100,0.0111,-0.0036,2645643.0,5562160.8
2020-10-15,2.68,2.78,2.63,2.76,1333100,0.0299,0.011,3679356.0,4852885.1
2020-10-16,2.77,2.77,2.64,2.66,1114600,-0.0397,-0.0362,2964836.0,4637014.4
2020-10-19,2.64,2.73,2.54,2.54,1488400,-0.0379,-0.0451,3780536.0,4564529.8
2020-10-20,2.7,2.76,2.64,2.73,1775300,0.0111,0.0748,4846569.0,4406670.4
2020-10-21,2.74,2.79,2.67,2.69,1248600,-0.0182,-0.0147,3358734.0,4469914.7
2020-10-22,2.71,3.04,2.69,3.03,4078300,0.1181,0.1264,12357249.0,4296325.3
2020-10-23,3.02,3.02,2.93,2.99,1555800,-0.0099,-0.0132,4651842.0,4695391.9
2020-10-26,2.88,2.93,2.79,2.87,1551100,-0.0035,-0.0401,4451657.0,4588824.9
2020-10-27,2.88,2.95,2.76,2.79,2414800,-0.0312,-0.0279,6737292.0,4721440.4
2020-10-28,2.7,2.74,2.59,2.64,2883800,-0.0222,-0.0538,7613232.0,4947371.4
2020-10-29,2.54,2.68,2.48,2.68,3589500,0.0551,0.0152,9619860.0,5444130.3
2020-10-30,2.65,2.73,2.57,2.71,2537900,0.0226,0.0112,6877709.0,6038180.7
2020-11-02,2.67,2.7,2.57,2.62,1956800,-0.0187,-0.0332,5126816.0,6429468.0
2020-11-03,2.63,2.66,2.53,2.59,2005900,-0.0152,-0.0115,5195281.0,6564096.0
2020-11-04,2.62,2.7,2.56,2.61,1531200,-0.0038,0.0077,3996432.0,6598967.2
2020-11-05,2.8,2.99,2.74,2.9,6031900,0.0357,0.1111,17492510.0,6662737.0
2020-11-06,2.84,2.99,2.81,2.83,4870600,-0.0035,-0.0241,13783798.0,7176263.1
2020-11-09,3.05,3.13,2.89,2.98,5500900,-0.023,0.053,16392682.0,8089458.7
2020-11-10,3.04,3.13,2.91,3.08,3663400,0.0132,0.0336,11283272.0,9283561.2
2020-11-11,3.09,3.11,2.92,2.98,2171700,-0.0356,-0.0325,6471666.0,9738159.2
2020-11-12,2.85,3.07,2.85,2.91,2161600,0.0211,-0.0235,6290256.0,9624002.6
2020-11-13,3.01,3.12,2.91,3.05,3249400,0.0133,0.0481,9910670.0,9291042.2
2020-11-16,3.08,3.2,3.01,3.12,3431200,0.013,0.023,10705344.0,9594338.3
2020-11-17,3.09,3.47,3.03,3.46,3110800,0.1197,0.109,10763368.0,10152191.1
2020-11-18,3.52,3.82,3.44,3.47,3616400,-0.0142,0.0029,12548908.0,10708999.8
2020-11-19,3.47,3.76,3.43,3.75,2626500,0.0807,0.0807,9849375.0,11564247.4
2020-11-20,3.71,3.82,3.62,3.62,2890300,-0.0243,-0.0347,10462886.0,10799933.9
2020-11-23,3.75,3.94,3.7,3.87,4243300,0.032,0.0691,16421571.0,10467842.7
2020-11-24,3.96,4.05,3.8,3.87,3341400,-0.0227,0.0,12931218.0,10470731.6
2020-11-25,3.88,3.97,3.8,3.91,3061400,0.0077,0.0103,11970074.0,10635526.2
2020-11-27,3.92,3.97,3.7,3.78,1454100,-0.0357,-0.0332,5496498.0,11185367.0
2020-11-30,3.9,3.91,3.62,3.7,4942300,-0.0513,-0.0212,18286510.0,11105991.2
2020-12-01,3.75,3.8,3.66,3.78,1694200,0.008,0.0216,6404076.0,11943575.2
2020-12-02,3.75,4.03,3.66,3.96,2501200,0.056,0.0476,9904752.0,11513448.4
2020-12-03,4.0,4.35,3.89,4.29,2536300,0.0725,0.0833,10880727.0,11427586.8
2020-12-04,4.37,4.54,4.3,4.53,3499000,0.0366,0.0559,15850470.0,11260768.7
2020-12-07,4.55,4.56,4.32,4.34,2496900,-0.0462,-0.0419,10836546.0,11860878.2
2020-12-08,4.33,4.44,4.21,4.24,2611700,-0.0208,-0.023,11073608.0,11898244.2
2020-12-09,4.31,4.35,3.88,4.0,3798200,-0.0719,-0.0566,15192800.0,11363447.9
2020-12-10,3.96,4.13,3.96,4.0,4060500,0.0101,0.0,16242000.0,11589606.1
2020-12-11,4.01,4.07,3.68,3.74,6085700,-0.0673,-0.065,22760518.0,12016798.7
2020-12-14,3.81,3.81,3.53,3.55,4092800,-0.0682,-0.0508,14529440.0,13743200.7
2020-12-15,3.6,3.91,3.55,3.9,3525800,0.0833,0.0986,13750620.0,13367493.7
2020-12-16,3.88,3.93,3.76,3.8,2256100,-0.0206,-0.0256,8573180.0,14102148.1
2020-12-17,3.9,3.9,3.73,3.82,2437300,-0.0205,0.0053,9310486.0,13968990.9
2020-12-18,3.82,3.91,3.75,3.89,7181500,0.0183,0.0183,27936035.0,13811966.8
2020-12-21,3.68,3.93,3.6,3.86,7034900,0.0489,-0.0077,27154714.0,15020523.3
2020-12-22,3.9,3.95,3.8,3.85,1437700,-0.0128,-0.0026,5535145.0,16652340.1
2020-12-23,3.84,3.97,3.75,3.79,1580500,-0.013,-0.0156,5990095.0,16098493.8
2020-12-24,3.78,3.85,3.72,3.82,740700,0.0106,0.0079,2829474.0,15178223.3
2020-12-28,3.88,3.88,3.67,3.78,2124500,-0.0258,-0.0105,8030610.0,13836970.7
2020-12-29,3.76,3.81,3.57,3.68,2177300,-0.0213,-0.0265,8012464.0,12363979.9
2020-12-30,3.73,3.8,3.62,3.69,1609800,-0.0107,0.0027,5940162.0,11712282.3
2020-12-31,3.64,3.77,3.58,3.71,1587200,0.0192,0.0054,5888512.0,10931236.5
2021-01-04,3.74,3.81,3.58,3.65,3026000,-0.0241,-0.0162,11044900.0,10662769.7
2021-01-05,3.65,4.1,3.65,3.97,2061400,0.0877,0.0877,8183758.0,10836211.1
2021-01-06,3.99,4.24,3.94,4.21,3367300,0.0551,0.0605,14176333.0,8860983.4
2021-01-07,4.19,4.26,4.13,4.17,2710800,-0.0048,-0.0095,11304036.0,7563145.3
2021-01-08,4.19,4.19,3.93,4.01,1695200,-0.043,-0.0384,6797752.0,8140034.4
2021-01-11,3.92,4.06,3.86,4.04,1627800,0.0306,0.0075,6576312.0,8220800.1
2021-01-12,4.1,4.4,4.08,4.39,1831100,0.0707,0.0866,8038529.0,8595483.9
2021-01-13,4.28,4.39,4.12,4.22,2079700,-0.014,-0.0387,8776334.0,8596275.8
2021-01-14,4.26,4.45,4.25,4.35,1224900,0.0211,0.0308,5328315.0,8672662.8
2021-01-15,4.24,4.3,4.11,4.23,2034800,-0.0024,-0.0276,8607204.0,8611478.1
2021-01-19,4.22,4.29,4.06,4.15,2162100,-0.0166,-0.0189,8972715.0,8883347.3
2021-01-20,4.2,4.22,3.81,3.95,3369500,-0.0595,-0.0482,13309525.0,8676128.8
2021-01-21,3.96,3.98,3.78,3.86,1753400,-0.0253,-0.0228,6768124.0,9188705.5
2021-01-22,3.76,4.01,3.69,4.0,1878400,0.0638,0.0363,7513600.0,8447884.6
2021-01-25,4.0,4.09,3.9,4.01,2184200,0.0025,0.0025,8758642.0,8068841.0
2021-01-26,4.08,4.16,3.92,4.04,5376100,-0.0098,0.0075,21719444.0,8264930.0
2021-01-27,4.01,4.23,3.94,4.04,3509300,0.0075,0.0,14177572.0,9779243.2
2021-01-28,4.09,4.15,3.94,4.07,2629200,-0.0049,0.0074,10700844.0,10393147.5
2021-01-29,3.97,4.05,3.75,3.89,2498300,-0.0202,-0.0442,9718387.0,10585598.5
2021-02-01,3.96,3.96,3.71,3.81,2380800,-0.0379,-0.0206,9070848.0,11024605.7
2021-02-02,3.9,3.94,3.81,3.9,1715600,0.0,0.0236,6690840.0,11070970.1
2021-02-03,3.93,4.08,3.92,4.03,2165100,0.0254,0.0333,8725353.0,10842782.6
2021-02-04,4.08,4.17,4.01,4.1,2093200,0.0049,0.0174,8582120.0,10384365.4
2021-02-05,4.17,4.21,4.09,4.2,1703800,0.0072,0.0244,7155960.0,10565765.0
2021-02-08,4.23,4.38,4.19,4.3,2506100,0.0165,0.0238,10776230.0,10530001.0
2021-02-09,4.32,4.33,4.19,4.29,1406700,-0.0069,-0.0023,6034743.0,10731759.8
2021-02-10,4.24,4.44,4.22,4.41,2556400,0.0401,0.028,11273724.0,9163289.7
2021-02-11,4.43,4.47,4.29,4.44,1609300,0.0023,0.0068,7145292.0,8872904.9
2021-02-12,4.47,4.61,4.37,4.57,1959000,0.0224,0.0293,8952630.0,8517349.7
2021-02-16,4.68,4.82,4.64,4.73,3437300,0.0107,0.035,16258429.0,8440774.0
2021-02-17,4.54,4.56,4.1,4.29,4981200,-0.0551,-0.093,21369348.0,9159532.1
2021-02-18,4.26,4.27,3.95,4.05,5378100,-0.0493,-0.0559,21781305.0,10627382.9
2021-02-19,4.1,4.12,3.97,4.09,3319700,-0.0024,0.0099,13577573.0,11932978.1
2021-02-22,4.1,4.39,4.05,4.27,3688800,0.0415,0.044,15751176.0,12432523.4
2021-02-23,4.29,4.36,3.98,4.29,2604900,0.0,0.0047,11175021.0,13292045.0
2021-02-24,4.37,4.53,4.24,4.52,4300700,0.0343,0.0536,19439164.0,13331924.1
2021-02-25,4.5,4.51,4.17,4.22,3461800,-0.0622,-0.0664,14608796.0,14672366.2
2021-02-26,4.15,4.2,3.85,3.85,13753500,-0.0723,-0.0877,52950975.0,15005873.4
2021-03-01,4.02,4.21,3.92,4.21,6605600,0.0473,0.0935,27809576.0,19586441.7
2021-03-02,4.25,4.46,4.21,4.41,3941600,0.0376,0.0475,17382456.0,21472136.3
2021-03-03,4.46,4.73,4.43,4.6,3814800,0.0314,0.0431,17548080.0,21584539.0
2021-03-04,4.63,4.93,4.53,4.71,3585800,0.0173,0.0239,16889118.0,21202412.2
2021-03-05,4.8,4.99,4.66,4.99,3751400,0.0396,0.0594,18719486.0,20713193.5
2021-03-08,5.0,5.14,4.82,4.9,2736000,-0.02,-0.018,13406400.0,21227384.8
2021-03-09,4.87,4.89,4.6,4.61,2943900,-0.0534,-0.0592,13571379.0,20992907.2
2021-03-10,4.67,4.94,4.65,4.91,1485700,0.0514,0.0651,7294787.0,21232543.0
2021-03-11,4.97,5.03,4.85,5.02,2049500,0.0101,0.0224,10288490.0,20018105.3
2021-03-12,5.04,5.09,4.91,5.01,1530300,-0.006,-0.002,7666803.0,19586074.7
2021-03-15,4.99,5.06,4.89,4.95,1072100,-0.008,-0.012,5306895.0,15057657.5
2021-03-16,4.9,4.96,4.75,4.82,1094600,-0.0163,-0.0263,5275972.0,12807389.4
2021-03-17,4.8,4.92,4.72,4.81,1599700,0.0021,-0.0021,7694557.0,11596741.0
2021-03-18,4.85,4.86,4.54,4.55,1464800,-0.0619,-0.0541,6664840.0,10611388.7
2021-03-19,4.51,4.77,4.51,4.62,3072600,0.0244,0.0154,14195412.0,9588960.9
2021-03-22,4.64,4.66,4.51,4.51,1070600,-0.028,-0.0238,4828406.0,9136553.5
2021-03-23,4.46,4.47,4.23,4.26,2026600,-0.0448,-0.0554,8633316.0,8278754.1
2021-03-24,4.32,4.42,4.23,4.24,1921600,-0.0185,-0.0047,8147584.0,7784947.8
2021-03-25,4.21,4.37,4.13,4.34,1255600,0.0309,0.0236,5449304.0,7870227.5
2021-03-26,4.41,4.5,4.36,4.49,1055700,0.0181,0.0346,4740093.0,7386308.9
2021-03-29,4.41,4.49,4.28,4.34,1492800,-0.0159,-0.0334,6478752.0,7093637.9
2021-03-30,4.3,4.3,4.17,4.18,1668500,-0.0279,-0.0369,6974330.0,7210823.6
2021-03-31,4.16,4.37,4.16,4.29,2613400,0.0312,0.0263,11211486.0,7380659.4
2021-04-01,4.3,4.46,4.23,4.46,2769400,0.0372,0.0396,12351524.0,7732352.3
2021-04-05,4.43,4.43,4.19,4.31,1803500,-0.0271,-0.0336,7773085.0,8301020.7
2021-04-06,4.32,4.44,4.26,4.36,2929500,0.0093,0.0116,12772620.0,7658788.0
2021-04-07,4.38,4.45,4.3,4.41,1758300,0.0068,0.0115,7754103.0,8453209.4
2021-04-08,4.39,4.42,4.28,4.42,1424000,0.0068,0.0023,6294080.0,8365288.1
2021-04-09,4.39,4.49,4.29,4.31,1295700,-0.0182,-0.0249,5584467.0,8179937.7
2021-04-12,4.32,4.37,4.26,4.29,1334800,-0.0069,-0.0046,5726292.0,8193454.0
2021-04-13,4.28,4.35,4.22,4.34,802400,0.014,0.0117,3482416.0,8292073.9
2021-04-14,4.34,4.53,4.34,4.4,1164600,0.0138,0.0138,5124240.0,7992440.3
2021-04-15,4.41,4.46,4.35,4.43,1539300,0.0045,0.0068,6819099.0,7807431.3
2021-04-16,4.43,4.44,4.28,4.28,3778500,-0.0339,-0.0339,16171980.0,7368192.6
2021-04-19,4.29,4.43,4.28,4.38,1724600,0.021,0.0234,7553748.0,7750238.2
2021-04-20,4.4,4.4,4.15,4.24,1541000,-0.0364,-0.032,6533840.0,7728304.5
2021-04-21,4.2,4.36,4.16,4.36,1717200,0.0381,0.0283,7486992.0,7104426.5
2021-04-22,4.39,4.45,4.32,4.32,1084700,-0.0159,-0.0092,4685904.0,7077715.4
2021-04-23,4.46,4.72,4.46,4.63,2594700,0.0381,0.0718,12013461.0,6916897.8
2021-04-26,4.67,4.94,4.64,4.83,3402400,0.0343,0.0432,16433592.0,7559797.2
2021-04-27,4.84,4.93,4.78,4.87,1989500,0.0062,0.0083,9688865.0,8630527.2
2021-04-28,4.89,5.01,4.82,4.9,3720000,0.002,0.0062,18228000.0,9251172.1
2021-04-29,4.89,4.92,4.74,4.79,2915500,-0.0204,-0.0224,13965245.0,10561548.1
2021-04-30,4.7,4.85,4.62,4.63,1446700,-0.0149,-0.0334,6698221.0,11276162.7
2021-05-03,4.7,4.75,4.41,4.6,3090500,-0.0213,-0.0065,14216300.0,10328786.8
2021-05-04,4.57,4.65,4.48,4.57,2141100,0.0,-0.0065,9784827.0,10995042.0
2021-05-05,4.67,4.72,4.47,4.47,1740900,-0.0428,-0.0219,7781823.0,11320140.7
2021-05-06,4.48,4.59,4.38,4.59,1792400,0.0246,0.0268,8227116.0,11349623.8
2021-05-07,4.57,4.77,4.51,4.77,5457400,0.0438,0.0392,26031798.0,11703745.0
2021-05-10,4.79,4.89,4.74,4.78,3213000,-0.0021,0.0021,15358140.0,13105578.7
2021-05-11,4.63,4.75,4.54,4.6,1642200,-0.0065,-0.0377,7554120.0,12998033.5
2021-05-12,4.68,4.75,4.48,4.51,1650200,-0.0363,-0.0196,7442402.0,12784559.0
2021-05-13,4.51,4.63,4.36,4.49,1531300,-0.0044,-0.0044,6875537.0,11705999.2
2021-05-14,4.5,4.81,4.5,4.76,2695800,0.0578,0.0601,12832008.0,10997028.4
2021-05-17,4.75,4.94,4.75,4.94,2450000,0.04,0.0378,12103000.0,11610407.1
2021-05-18,4.95,5.04,4.9,4.99,2844600,0.0081,0.0101,14194554.0,11399077.1
2021-05-19,4.9,4.99,4.72,4.8,1759600,-0.0204,-0.0381,8446080.0,11840049.8
2021-05-20,4.89,4.97,4.75,4.94,1293900,0.0102,0.0292,6391866.0,11906475.5
2021-05-21,5.02,5.14,5.0,5.0,1811000,-0.004,0.0121,9055000.0,11722950.5
2021-05-24,5.08,5.1,4.96,4.96,1702400,-0.0236,-0.008,8443904.0,10025270.7
2021-05-25,5.0,5.0,4.83,4.84,1478200,-0.032,-0.0242,7154488.0,9333847.1
2021-05-26,4.83,4.87,4.69,4.75,3695000,-0.0166,-0.0186,17551250.0,9293883.9
2021-05-27,4.82,4.87,4.77,4.87,1748900,0.0104,0.0253,8517143.0,10304768.7
2021-05-28,4.92,4.92,4.78,4.88,2636500,-0.0081,0.0021,12866120.0,10468929.3
2021-06-01,4.93,5.11,4.93,5.09,2184100,0.0325,0.043,11117069.0,10472340.5
2021-06-02,5.13,5.34,5.09,5.31,3210900,0.0351,0.0432,17049879.0,10373747.4
2021-06-03,5.4,6.09,5.32,6.0,4703700,0.1111,0.1299,28222200.0,10659279.9
2021-06-04,6.15,6.16,5.88,6.0,3247700,-0.0244,0.0,19486200.0,12636891.9
2021-06-07,6.02,6.16,5.98,6.08,2328400,0.01,0.0133,14156672.0,13946325.3
2021-06-08,6.08,6.12,5.94,5.94,3596500,-0.023,-0.023,21363210.0,14456492.5
2021-06-09,5.93,5.97,5.77,5.85,1849900,-0.0135,-0.0152,10821915.0,15748423.1
2021-06-10,5.9,6.26,5.89,6.23,2623700,0.0559,0.065,16345651.0,16115165.8
2021-06-11,6.25,6.33,6.16,6.25,1552200,0.0,0.0032,9701250.0,15994605.9
2021-06-14,6.41,6.55,6.28,6.41,3180300,0.0,0.0256,20385723.0,16113016.6
2021-06-15,6.45,6.59,6.37,6.57,2991000,0.0186,0.025,19650870.0,16864976.9
2021-06-16,6.59,6.74,6.39,6.54,3942900,-0.0076,-0.0046,25786566.0,17718357.0
2021-06-17,6.57,6.59,5.96,6.07,4028700,-0.0761,-0.0719,24454209.0,18592025.7
2021-06-18,5.9,5.99,5.66,5.67,6294000,-0.039,-0.0659,35686980.0,18215226.6
2021-06-21,5.75,6.14,5.73,6.14,2175900,0.0678,0.0829,13360026.0,19835304.6
2021-06-22,6.08,6.26,6.03,6.23,2071200,0.0247,0.0147,12903576.0,19755640.0
2021-06-23,6.31,6.57,6.19,6.2,1927600,-0.0174,-0.0048,11951120.0,18909676.6
2021-06-24,6.21,6.29,6.14,6.27,1144200,0.0097,0.0113,7174134.0,19022597.1
2021-06-25,6.3,6.33,6.15,6.17,1054800,-0.0206,-0.0159,6508116.0,18105445.4
2021-06-28,6.1,6.14,5.91,6.07,1550400,-0.0049,-0.0162,9410928.0,17786132.0
2021-06-29,6.11,6.26,6.07,6.13,1284600,0.0033,0.0099,7874598.0,16688652.5
2021-06-30,6.18,6.45,6.14,6.39,1634300,0.034,0.0424,10443177.0,15511025.3
2021-07-01,6.49,6.51,6.25,6.44,1855400,-0.0077,0.0078,11948776.0,13976686.4
2021-07-02,6.41,6.41,6.22,6.4,875000,-0.0016,-0.0062,5600000.0,12726143.1
2021-07-06,6.42,6.43,6.06,6.2,1570000,-0.0343,-0.0312,9734000.0,9717445.1
2021-07-07,6.19,6.26,5.99,6.05,1359200,-0.0226,-0.0242,8223160.0,9354842.5
2021-07-08,5.91,6.16,5.86,6.09,1220700,0.0305,0.0066,7434063.0,8886800.9
2021-07-09,6.17,6.44,6.12,6.39,2063600,0.0357,0.0493,13186404.0,8435095.2
2021-07-12,6.25,6.52,6.25,6.45,1849100,0.032,0.0094,11926695.0,9036322.2
2021-07-13,6.39,6.49,6.29,6.29,7500500,-0.0156,-0.0248,47178145.0,9578180.1
2021-07-14,6.37,6.37,5.98,6.0,1416300,-0.0581,-0.0461,8497800.0,13354901.8
2021-07-15,5.9,5.99,5.8,5.84,1884200,-0.0102,-0.0267,11003728.0,13417222.0
2021-07-16,5.89,5.89,5.57,5.6,1675800,-0.0492,-0.0411,9384480.0,13473277.1
2021-07-19,5.48,5.48,5.18,5.28,3176400,-0.0365,-0.0571,16771392.0,13216847.5
2021-07-20,5.36,5.53,5.28,5.48,2409500,0.0224,0.0379,13204060.0,14333986.7
2021-07-21,5.63,5.85,5.6,5.61,4293700,-0.0036,0.0237,24087657.0,14680992.7
2021-07-22,5.65,5.68,5.45,5.58,1857900,-0.0124,-0.0053,10367082.0,16267442.4
2021-07-23,5.63,5.66,5.41,5.63,2250300,0.0,0.009,12669189.0,16560744.3
2021-07-26,5.58,5.94,5.55,5.91,1953900,0.0591,0.0497,11547549.0,16509022.8
2021-07-27,5.9,5.98,5.78,5.83,2120400,-0.0119,-0.0135,12361932.0,16471108.2
2021-07-28,5.85,5.92,5.65,5.83,1261500,-0.0034,0.0,7354545.0,12989486.9
2021-07-29,5.86,5.87,5.63,5.81,1142200,-0.0085,-0.0034,6636182.0,12875161.4
2021-07-30,5.8,5.8,5.54,5.57,1115000,-0.0397,-0.0413,6210550.0,12438406.8
2021-08-02,5.57,5.74,5.42,5.44,1385200,-0.0233,-0.0233,7535488.0,12121013.8
2021-08-03,5.44,5.54,5.25,5.42,1935600,-0.0037,-0.0037,10490952.0,11197423.4
2021-08-04,5.41,5.49,5.15,5.16,3017600,-0.0462,-0.048,15570816.0,10926112.6
2021-08-05,5.19,5.44,5.19,5.3,1742500,0.0212,0.0271,9235250.0,10074428.5
2021-08-06,5.4,5.45,5.29,5.29,1436900,-0.0204,-0.0019,7601201.0,9961245.3
2021-08-09,5.24,5.35,5.16,5.27,1835100,0.0057,-0.0038,9670977.0,9454446.5
2021-08-10,5.3,5.52,5.3,5.46,1711400,0.0302,0.0361,9344244.0,9266789.3
2021-08-11,5.47,5.51,5.36,5.49,1095700,0.0037,0.0055,6015393.0,8965020.5
2021-08-12,5.55,5.62,5.37,5.6,1428000,0.009,0.02,7996800.0,8831105.3
2021-08-13,5.6,5.67,5.39,5.4,1183000,-0.0357,-0.0357,6388200.0,8967167.1
2021-08-16,5.36,5.43,5.25,5.27,1433100,-0.0168,-0.0241,7552437.0,8984932.1
2021-08-17,5.18,5.34,5.14,5.22,1082700,0.0077,-0.0095,5651694.0,8986627.0
2021-08-18,5.22,5.24,5.05,5.06,1571000,-0.0307,-0.0307,7949260.0,8502701.2
2021-08-19,4.97,5.01,4.79,4.88,2944600,-0.0181,-0.0356,14369648.0,7740545.6
2021-08-20,4.82,5.06,4.81,5.04,1434400,0.0456,0.0328,7229376.0,8253985.4
2021-08-23,5.24,5.33,5.17,5.26,1666600,0.0038,0.0437,8766316.0,8216802.9
2021-08-24,5.26,5.43,5.25,5.39,2087100,0.0247,0.0247,11249469.0,8126336.8
2021-08-25,5.36,5.53,5.36,5.44,1075400,0.0149,0.0093,5850176.0,8316859.3
2021-08-26,5.45,5.49,5.29,5.3,1119200,-0.0275,-0.0257,5931760.0,8300337.6
2021-08-27,5.33,5.58,5.33,5.58,1418800,0.0469,0.0528,7916904.0,8093833.6
2021-08-30,5.64,5.67,5.37,5.38,1326800,-0.0461,-0.0358,7138184.0,8246704.0
2021-08-31,5.33,5.43,5.26,5.39,2022800,0.0113,0.0019,10902892.0,8205278.7
2021-09-01,5.38,5.54,5.29,5.52,2430800,0.026,0.0241,13418016.0,8730398.5
2021-09-02,5.53,5.85,5.53,5.82,2112300,0.0524,0.0543,12293586.0,9277274.1
2021-09-03,5.8,5.94,5.75,5.8,1177700,0.0,-0.0034,6830660.0,9069667.9
2021-09-07,5.77,5.88,5.71,5.77,683800,0.0,-0.0052,3945526.0,9029796.3
2021-09-08,5.84,5.89,5.69,5.75,1112400,-0.0154,-0.0035,6396300.0,8547717.3
2021-09-09,5.7,5.88,5.66,5.86,1455300,0.0281,0.0191,8528058.0,8062400.4
2021-09-10,6.0,6.34,5.99,6.05,5205200,0.0083,0.0324,31491460.0,8330188.6
2021-09-13,6.13,6.52,6.05,6.41,3862600,0.0457,0.0595,24759266.0,10886158.6
2021-09-14,6.49,6.53,6.31,6.36,2925700,-0.02,-0.0078,18607452.0,12570394.8
2021-09-15,6.41,6.81,6.41,6.74,4520200,0.0515,0.0597,30466148.0,13717321.6
2021-09-16,6.75,6.85,6.63,6.7,3571300,-0.0074,-0.0059,23927710.0,15673647.2
2021-09-17,6.61,6.81,6.37,6.71,17339600,0.0151,0.0015,116348716.0,16724616.6
2021-09-20,6.41,6.53,6.12,6.32,5299400,-0.014,-0.0581,33492208.0,27130129.6
2021-09-21,6.43,6.49,6.25,6.37,1100400,-0.0093,0.0079,7009548.0,29796284.4
2021-09-22,6.48,6.73,6.44,6.54,3026200,0.0093,0.0267,19791348.0,30102686.6
2021-09-23,6.57,6.77,6.51,6.72,2126400,0.0228,0.0275,14289408.0,31442191.4
2021-09-24,6.65,6.79,6.61,6.74,1488500,0.0135,0.003,10032490.0,32018326.4
2021-09-27,6.82,7.21,6.82,7.12,3168700,0.044,0.0564,22561144.0,29872429.4
2021-09-28,7.19,7.34,6.99,7.0,2657600,-0.0264,-0.0169,18603200.0,29652617.2
2021-09-29,7.04,7.05,6.83,7.03,1500100,-0.0014,0.0043,10545703.0,29652192.0
2021-09-30,7.0,7.05,6.82,6.82,2832900,-0.0257,-0.0299,19320378.0,27660147.5
2021-10-01,6.94,7.01,6.78,6.97,1241900,0.0043,0.022,8656043.0,27199414.3
2021-10-04,7.13,7.28,7.0,7.18,1648800,0.007,0.0301,11838384.0,16430147.0
2021-10-05,7.3,7.45,7.07,7.27,1735100,-0.0041,0.0125,12614177.0,14264764.6
2021-10-06,7.11,7.17,6.86,6.98,1755100,-0.0183,-0.0399,12250598.0,14825227.5
2021-10-07,6.98,7.28,6.94,7.23,1315200,0.0358,0.0358,9508896.0,14071152.5
2021-10-08,7.28,7.49,7.24,7.48,1423900,0.0275,0.0346,10650772.0,13593101.3
2021-10-11,7.55,7.75,7.54,7.68,1955900,0.0172,0.0267,15021312.0,13654929.5
2021-10-12,7.64,7.87,7.55,7.75,2329000,0.0144,0.0091,18049750.0,12900946.3
2021-10-13,7.64,7.99,7.58,7.98,1779000,0.0445,0.0297,14196420.0,12845601.3
2021-10-14,8.04,8.2,7.95,8.17,1620500,0.0162,0.0238,13239485.0,13210673.0
2021-10-15,8.22,8.39,8.15,8.16,2102800,-0.0073,-0.0012,17158848.0,12602583.7
2021-10-18,8.26,8.38,8.1,8.26,1577700,0.0,0.0123,13031802.0,13452864.2
2021-10-19,8.31,8.36,8.15,8.35,1517900,0.0048,0.0109,12674465.0,13572206.0
2021-10-20,8.32,8.64,8.23,8.48,4486200,0.0192,0.0156,38042976.0,13578234.8
2021-10-21,8.35,8.53,8.23,8.3,2375300,-0.006,-0.0212,19714990.0,16157472.6
2021-10-22,8.36,8.41,8.22,8.38,1887200,0.0024,0.0096,15814736.0,17178082.0
2021-10-25,8.46,8.6,8.32,8.45,1062600,-0.0012,0.0084,8978970.0,17694478.4
2021-10-26,8.47,8.47,8.18,8.24,1251100,-0.0272,-0.0249,10309064.0,17090244.2
2021-10-27,8.17,8.32,7.97,8.01,1676100,-0.0196,-0.0279,13425561.0,16316175.6
2021-10-28,8.02,8.2,7.89,8.2,2005800,0.0224,0.0237,16447560.0,16239089.7
2021-10-29,8.06,8.06,7.74,7.85,1505500,-0.0261,-0.0427,11818175.0,16559897.2
2021-11-01,7.85,8.17,7.77,7.99,3018900,0.0178,0.0178,24121011.0,16025829.9
2021-11-02,7.91,8.07,7.71,7.9,2223400,-0.0013,-0.0113,17564860.0,17134750.8
2021-11-03,7.82,7.86,7.24,7.45,4840800,-0.0473,-0.057,36063960.0,17623790.3
2021-11-04,7.56,7.64,7.2,7.36,3091900,-0.0265,-0.0121,22756384.0,17425888.7
2021-11-05,7.46,7.48,7.27,7.31,2404600,-0.0201,-0.0068,17577626.0,17730028.1
2021-11-08,7.45,7.49,7.32,7.37,1505700,-0.0107,0.0082,11097009.0,17906317.1
2021-11-09,7.35,7.43,7.23,7.42,1075000,0.0095,0.0068,7976500.0,18118121.0
2021-11-10,7.34,7.49,7.2,7.36,1823400,0.0027,-0.0081,13420224.0,17884864.6
2021-11-11,7.46,7.48,7.3,7.38,1129400,-0.0107,0.0027,8334972.0,17884330.9
2021-11-12,7.41,7.42,7.23,7.3,962600,-0.0148,-0.0108,7026980.0,17073072.1
2021-11-15,7.26,7.41,7.24,7.27,997400,0.0014,-0.0041,7251098.0,16593952.6
2021-11-16,7.34,7.34,7.09,7.21,1431600,-0.0177,-0.0083,10321836.0,14906961.3
2021-11-17,7.15,7.32,7.04,7.05,1321400,-0.014,-0.0222,9315870.0,14182658.9
2021-11-18,7.02,7.2,6.92,7.05,1060300,0.0043,0.0,7475115.0,11507849.9
2021-11-19,6.85,6.94,6.77,6.83,1710700,-0.0029,-0.0312,11684081.0,9979723.0
2021-11-22,6.78,7.13,6.78,6.95,2192400,0.0251,0.0176,15237180.0,9390368.5
2021-11-23,7.02,7.33,7.02,7.27,1180000,0.0356,0.046,8578600.0,9804385.6
2021-11-24,7.18,7.38,7.16,7.32,642600,0.0195,0.0069,4703832.0,9864595.6
2021-11-26,6.84,7.13,6.73,7.05,1174900,0.0307,-0.0369,8283045.0,8992956.4
2021-11-29,7.25,7.29,6.84,6.84,3123700,-0.0566,-0.0298,21366108.0,8987763.7
2021-11-30,6.7,6.81,6.51,6.51,3864200,-0.0284,-0.0482,25155942.0,10421676.5
2021-12-01,6.75,6.84,6.44,6.45,2401300,-0.0444,-0.0092,15488385.0,12212160.9
2021-12-02,6.43,6.78,6.43,6.75,2058400,0.0498,0.0465,13894200.0,12728815.8
2021-12-03,6.87,7.05,6.65,6.76,3709600,-0.016,0.0015,25076896.0,13186648.8
2021-12-06,6.82,6.98,6.7,6.74,2231600,-0.0117,-0.003,15040984.0,14946826.9
2021-12-07,6.87,7.07,6.79,6.84,4285700,-0.0044,0.0148,29314188.0,15282517.2
2021-12-08,6.93,7.14,6.84,7.1,2037000,0.0245,0.038,14462700.0,16690218.0
2021-12-09,7.01,7.09,6.92,6.93,2088500,-0.0114,-0.0239,14473305.0,17278628.0
2021-12-10,7.05,7.06,6.67,6.76,2370400,-0.0411,-0.0245,16023904.0,18255575.3
2021-12-13,6.66,6.7,6.49,6.54,1628200,-0.018,-0.0325,10648428.0,19029661.2
2021-12-14,6.49,6.63,6.33,6.34,2646600,-0.0231,-0.0306,16779444.0,17957893.2
2021-12-15,6.33,6.41,6.09,6.33,2862700,0.0,-0.0016,18120891.0,17120243.4
2021-12-16,6.37,6.51,6.23,6.28,2258500,-0.0141,-0.0079,14183380.0,17383494.0
2021-12-17,6.22,6.32,6.06,6.15,5871200,-0.0113,-0.0207,36107880.0,17412412.0
2021-12-20,6.08,6.19,5.88,6.15,3802300,0.0115,0.0,23384145.0,18515510.4
2021-12-21,6.25,6.58,6.24,6.4,3039900,0.024,0.0407,19455360.0,19349826.5
2021-12-22,6.4,6.49,6.23,6.45,1095500,0.0078,0.0078,7065975.0,18363943.7
2021-12-23,6.51,6.59,6.47,6.51,3312300,0.0,0.0093,21563073.0,17624271.2
2021-12-27,6.52,6.78,6.41,6.75,1024700,0.0353,0.0369,6916725.0,18333248.0
2021-12-28,6.83,6.9,6.72,6.72,1495500,-0.0161,-0.0044,10049760.0,17422530.1
2021-12-29,6.72,6.8,6.65,6.77,1516500,0.0074,0.0074,10266705.0,17362663.3
2021-12-30,6.82,6.87,6.75,6.8,991500,-0.0029,0.0044,6742200.0,16711389.4
2021-12-31,6.75,6.93,6.75,6.89,1112200,0.0207,0.0132,7663058.0,15573520.3
2022-01-03,6.92,7.17,6.89,7.09,2237700,0.0246,0.029,15865293.0,14921488.1
2022-01-04,7.24,7.36,7.15,7.24,2096400,0.0,0.0212,15177936.0,12897229.4
2022-01-05,7.34,7.34,6.96,6.98,1950400,-0.049,-0.0359,13613792.0,12076608.5
2022-01-06,7.09,7.22,6.97,7.1,1495300,0.0014,0.0172,10616630.0,11492451.7
2022-01-07,7.25,7.46,7.22,7.41,2706100,0.0221,0.0437,20052201.0,11847517.2
2022-01-10,7.41,7.64,7.29,7.47,2797600,0.0081,0.0081,20898072.0,11696430.0
2022-01-11,7.5,7.74,7.48,7.64,1768000,0.0187,0.0228,13507520.0,13094564.7
2022-01-12,7.73,7.89,7.72,7.83,2097300,0.0129,0.0249,16421859.0,13440340.7
2022-01-13,7.85,7.96,7.65,7.7,3008500,-0.0191,-0.0166,23165450.0,14055856.1
2022-01-14,7.65,7.88,7.65,7.78,1083300,0.017,0.0104,8428074.0,15698181.1
2022-01-18,7.75,8.01,7.7,7.86,3584000,0.0142,0.0103,28170240.0,15774682.7
2022-01-19,8.03,8.13,7.88,7.89,3559800,-0.0174,0.0038,28086822.0,17005177.4
2022-01-20,7.86,8.12,7.73,7.74,2013800,-0.0153,-0.019,15586812.0,18296066.0
2022-01-21,7.58,7.75,7.45,7.61,3051000,0.004,-0.0168,23218110.0,18493368.0
2022-01-24,7.34,7.6,7.15,7.58,2353000,0.0327,-0.0039,17835740.0,19753516.0
2022-01-25,7.51,7.99,7.44,7.93,1730800,0.0559,0.0462,13725244.0,19531869.9
2022-01-26,8.0,8.29,7.85,7.9,3060900,-0.0125,-0.0038,24181110.0,18814587.1
2022-01-27,8.02,8.16,7.76,7.87,3120500,-0.0187,-0.0038,24558335.0,19881946.1
2022-01-28,7.7,7.87,7.55,7.78,1920700,0.0104,-0.0114,14943046.0,20695593.7
2022-01-31,7.71,8.05,7.68,7.96,2195000,0.0324,0.0231,17472200.0,19873353.3
2022-02-01,7.95,8.16,7.86,8.12,4135900,0.0214,0.0201,33583508.0,20777765.9
2022-02-02,8.11,8.27,8.03,8.25,2107500,0.0173,0.016,17386875.0,21319092.7
2022-02-03,8.22,8.23,8.01,8.11,2891600,-0.0134,-0.017,23450876.0,20249098.0
2022-02-04,8.24,8.47,8.16,8.36,2070700,0.0146,0.0308,17311052.0,21035504.4
2022-02-07,8.33,8.55,8.22,8.51,3727400,0.0216,0.0179,31720174.0,20444798.6
2022-02-08,8.44,8.6,8.33,8.51,2048100,0.0083,0.0,17429331.0,21833242.0
2022-02-09,8.55,8.73,8.49,8.58,2363200,0.0035,0.0082,20276256.0,22203650.7
2022-02-10,8.49,8.84,8.34,8.46,3062800,-0.0035,-0.014,25911288.0,21813165.3
2022-02-11,8.47,8.99,8.46,8.99,3142400,0.0614,0.0626,28250176.0,21948460.6
2022-02-14,9.0,9.0,8.47,8.49,2244600,-0.0567,-0.0556,19056654.0,23279173.6
2022-02-15,8.34,8.44,8.26,8.33,2003000,-0.0012,-0.0188,16684990.0,23437619.0
2022-02-16,8.46,9.02,8.46,8.59,4272700,0.0154,0.0312,36702493.0,21747767.2
2022-02-17,8.59,8.73,8.39,8.63,2990700,0.0047,0.0047,25809741.0,23679329.0
2022-02-18,8.49,8.66,8.36,8.45,1994800,-0.0047,-0.0209,16856060.0,23915215.5
2022-02-22,8.62,8.67,7.9,8.09,3144000,-0.0615,-0.0426,25434960.0,23869716.3
2022-02-23,8.22,8.36,8.14,8.21,2814400,-0.0012,0.0148,23106224.0,23241194.9
2022-02-24,8.24,8.38,7.85,8.02,5417300,-0.0267,-0.0231,43446746.0,23808884.2
2022-02-25,8.02,8.52,8.01,8.51,3253000,0.0611,0.0611,27683030.0,26125933.2
2022-02-28,8.34,8.91,8.32,8.9,5765900,0.0671,0.0458,51316510.0,26303107.4
2022-03-01,8.99,9.19,8.77,9.13,4089200,0.0156,0.0258,37334396.0,28609740.8
2022-03-02,9.2,9.44,9.08,9.44,2979100,0.0261,0.034,28122704.0,30437515.0
2022-03-03,9.33,9.65,9.27,9.6,4191900,0.0289,0.0169,40242240.0,31581286.4
2022-03-04,9.6,10.02,9.56,9.98,3197500,0.0396,0.0396,31911050.0,31935261.1
2022-03-07,10.07,10.28,9.57,9.64,3895900,-0.0427,-0.0341,37556476.0,32545392.0
2022-03-08,9.83,10.01,9.1,9.27,14953500,-0.057,-0.0384,138618945.0,34615433.6
2022-03-09,8.9,9.43,8.76,9.34,4863300,0.0494,0.0076,45423222.0,45933832.1
2022-03-10,9.41,9.88,9.36,9.75,3599200,0.0361,0.0439,35092200.0,48165531.9
2022-03-11,9.6,9.76,9.38,9.45,6229800,-0.0156,-0.0308,58871610.0,47330077.3
2022-03-14,9.21,9.29,8.71,8.87,3731400,-0.0369,-0.0614,33097518.0,50448935.3
2022-03-15,8.55,8.78,8.38,8.63,3036300,0.0094,-0.0271,26203269.0,48627036.1
2022-03-16,8.68,8.82,8.49,8.72,2059900,0.0046,0.0104,17962328.0,47513923.4
2022-03-17,8.9,9.04,8.74,8.87,2380600,-0.0034,0.0172,21115922.0,46497885.8
2022-03-18,8.79,8.88,8.69,8.83,4183500,0.0046,-0.0045,36940305.0,44585254.0
2022-03-21,9.0,9.18,8.94,9.15,1219400,0.0167,0.0362,11157510.0,45088179.5
2022-03-22,9.13,9.19,8.92,9.13,1278300,0.0,-0.0022,11670879.0,42448282.9
2022-03-23,9.25,9.41,9.16,9.28,1354000,0.0032,0.0164,12565120.0,29753476.3
2022-03-24,9.34,9.62,9.29,9.6,1814900,0.0278,0.0345,17423040.0,26467666.1
2022-03-25,9.6,9.95,9.6,9.93,2152400,0.0344,0.0344,21373332.0,24700750.1
2022-03-28,9.65,9.77,9.39,9.58,1877500,-0.0073,-0.0352,17986450.0,20950922.3
2022-03-29,9.42,9.69,9.26,9.67,2204400,0.0265,0.0094,21316548.0,19439815.5
2022-03-30,9.81,9.91,9.56,9.63,1171300,-0.0183,-0.0041,11279619.0,18951143.4
2022-03-31,9.51,9.73,9.49,9.65,2296100,0.0147,0.0021,22157365.0,18282872.5
2022-04-01,9.67,9.92,9.54,9.71,1832300,0.0041,0.0062,17791633.0,18387016.8
2022-04-04,9.83,9.83,9.51,9.77,2401700,-0.0061,0.0062,23464609.0,16472149.6
2022-04-05,9.8,9.89,9.43,9.51,2213800,-0.0296,-0.0266,21053238.0,17702859.5
2022-04-06,9.62,9.7,9.43,9.49,2018700,-0.0135,-0.0021,19157463.0,18641095.4
2022-04-07,9.58,9.65,9.28,9.59,1462100,0.001,0.0105,14021539.0,19300329.7
2022-04-08,9.67,9.79,9.46,9.76,2186100,0.0093,0.0177,21336336.0,18960179.6
2022-04-11,9.66,9.7,9.42,9.66,1951400,0.0,-0.0102,18850524.0,18956480.0
2022-04-12,9.77,10.03,9.77,10.0,2641800,0.0235,0.0352,26418000.0,19042887.4
2022-04-13,10.07,10.3,10.0,10.28,1909700,0.0209,0.028,19631716.0,19553032.6
2022-04-14,10.25,10.47,10.15,10.36,2371500,0.0107,0.0078,24568740.0,20388242.3
2022-04-18,10.34,10.42,10.07,10.1,2304600,-0.0232,-0.0251,23276460.0,20629379.8
2022-04-19,10.01,10.57,9.95,10.47,3811100,0.046,0.0366,39902217.0,21177862.5
2022-04-20,10.57,10.78,10.42,10.75,2277900,0.017,0.0267,24487425.0,22821623.3
2022-04-21,10.87,10.96,10.38,10.45,2540100,-0.0386,-0.0279,26544045.0,23165042.0
2022-04-22,10.32,10.54,9.9,10.05,3709300,-0.0262,-0.0383,37278465.0,23903700.2
2022-04-25,9.75,9.82,9.18,9.69,2685000,-0.0062,-0.0358,26017650.0,26229392.8
2022-04-26,9.84,10.12,9.68,9.82,2744100,-0.002,0.0134,26947062.0,26697524.2
2022-04-27,9.91,10.19,9.66,10.06,2890600,0.0151,0.0244,29079436.0,27507178.0
2022-04-28,10.08,10.34,9.74,10.24,1220300,0.0159,0.0179,12495872.0,27773321.6
2022-04-29,10.31,10.39,9.81,9.87,1437500,-0.0427,-0.0361,14188125.0,27059737.2
2022-05-02,9.71,10.0,9.59,9.88,1821300,0.0175,0.001,17994444.0,26021675.7
2022-05-03,9.97,10.47,9.89,10.46,1621500,0.0491,0.0587,16960890.0,25493474.1
2022-05-04,10.52,11.2,10.44,11.17,3876800,0.0618,0.0679,43303856.0,23199341.4
2022-05-05,11.16,11.27,10.3,10.48,2628500,-0.0609,-0.0618,27546680.0,25080984.5
2022-05-06,10.57,10.68,10.14,10.54,1553100,-0.0028,0.0057,16369674.0,25181248.0
2022-05-09,10.27,10.34,9.56,9.66,2706900,-0.0594,-0.0835,26148654.0,23090368.9
2022-05-10,9.8,10.07,9.55,9.8,2262000,0.0,0.0145,22167600.0,23103469.3
2022-05-11,10.0,10.35,9.44,9.47,2874600,-0.053,-0.0337,27222462.0,22625523.1
2022-05-12,9.43,9.7,9.28,9.51,3084400,0.0085,0.0042,29332644.0,22439825.7
2022-05-13,9.76,10.24,9.75,10.19,2307100,0.0441,0.0715,23509349.0,24123502.9
2022-05-16,10.29,10.53,10.26,10.44,1391500,0.0146,0.0245,14527260.0,25055625.3
2022-05-17,10.55,10.69,10.48,10.57,1160000,0.0019,0.0125,12261200.0,24708906.9
2022-05-18,10.73,10.77,9.99,10.13,2476200,-0.0559,-0.0416,25083906.0,24238937.9
2022-05-19,9.85,10.32,9.79,10.16,2210400,0.0315,0.003,22457664.0,22416942.9
2022-05-20,10.25,10.4,9.98,10.18,1230000,-0.0068,0.002,12521400.0,21908041.3
2022-05-23,10.29,10.48,10.12,10.42,1560400,0.0126,0.0236,16259368.0,21523213.9
2022-05-24,10.36,10.46,10.12,10.33,2232000,-0.0029,-0.0086,23056560.0,20534285.3
2022-05-25,10.36,10.91,10.36,10.86,1551400,0.0483,0.0513,16848204.0,20623181.3
2022-05-26,10.99,11.18,10.94,10.97,2144400,-0.0018,0.0101,23524068.0,19585755.5
2022-05-27,11.07,11.41,10.88,11.38,2186500,0.028,0.0374,24882370.0,19004897.9
2022-05-31,11.49,11.65,11.14,11.4,3742400,-0.0078,0.0018,42663360.0,19142200.0
2022-06-01,11.5,11.65,11.26,11.47,3714100,-0.0026,0.0061,42600727.0,21955810.0
2022-06-02,11.43,11.59,11.28,11.4,2357000,-0.0026,-0.0061,26869800.0,24989762.7
2022-06-03,11.36,11.45,11.27,11.39,1363700,0.0026,-0.0009,15532543.0,25168352.1
2022-06-06,11.39,11.45,11.21,11.37,1174800,-0.0018,-0.0018,13357476.0,24475840.0
2022-06-07,11.34,11.77,11.32,11.73,3348700,0.0344,0.0317,39280251.0,24559447.6
2022-06-08,11.85,11.85,11.16,11.3,1444100,-0.0464,-0.0367,16318330.0,26861535.9
2022-06-09,11.24,11.28,10.96,11.22,1618400,-0.0018,-0.0071,18158448.0,26187712.9
2022-06-10,11.03,11.15,10.58,10.75,2422900,-0.0254,-0.0419,26046175.0,26318737.3
2022-06-13,10.38,10.38,9.84,9.87,3990300,-0.0491,-0.0819,39384261.0,26570948.0
2022-06-14,9.94,10.21,9.51,9.65,3430400,-0.0292,-0.0223,33103360.0,28021137.1
2022-06-15,9.69,9.77,9.35,9.48,3750000,-0.0217,-0.0176,35550000.0,27065137.1
2022-06-16,9.19,9.3,8.74,8.82,5114200,-0.0403,-0.0696,45107244.0,26360064.4
2022-06-17,8.76,8.99,8.41,8.54,4753600,-0.0251,-0.0317,40595744.0,28183808.8
2022-06-21,8.83,9.16,8.81,8.89,3045800,0.0068,0.041,27077162.0,30690128.9
2022-06-22,8.45,8.63,8.29,8.32,2521600,-0.0154,-0.0641,20979712.0,32062097.5
2022-06-23,8.39,8.49,7.77,8.0,3863000,-0.0465,-0.0385,30904000.0,30232043.6
2022-06-24,8.15,8.5,8.09,8.4,2689700,0.0307,0.05,22593480.0,31690610.6
2022-06-27,8.52,8.89,8.46,8.74,3035100,0.0258,0.0405,26526774.0,32134113.8
2022-06-28,8.99,9.14,8.65,8.8,2291600,-0.0211,0.0069,20166080.0,32182173.7
2022-06-29,8.97,9.0,8.49,8.67,2117400,-0.0334,-0.0148,18357858.0,30260355.6
2022-06-30,8.43,8.69,8.33,8.5,2869700,0.0083,-0.0196,24392450.0,28785805.4
2022-07-01,8.56,8.82,8.24,8.82,2945000,0.0304,0.0376,25974900.0,27670050.4
2022-07-05,8.58,8.59,8.01,8.29,2532500,-0.0338,-0.0601,20994425.0,25756816.0
2022-07-06,8.17,8.34,7.9,8.23,2016200,0.0073,-0.0072,16593326.0,23796684.1
2022-07-07,8.46,8.94,8.46,8.84,2606700,0.0449,0.0741,23043228.0,22748300.5
2022-07-08,8.91,8.99,8.61,8.72,1437100,-0.0213,-0.0136,12531512.0,22954652.1
2022-07-11,8.56,8.67,8.38,8.62,1793100,0.007,-0.0115,15456522.0,21117403.3
2022-07-12,8.38,8.51,8.13,8.27,2186800,-0.0131,-0.0406,18084836.0,20403707.5
2022-07-13,8.19,8.51,8.19,8.38,1578400,0.0232,0.0133,13226992.0,19559513.7
2022-07-14,8.02,8.35,7.86,8.32,2656900,0.0374,-0.0072,22105408.0,18865604.9
2022-07-15,8.54,8.65,8.22,8.6,2085800,0.007,0.0337,17937880.0,19240359.9
2022-07-18,8.8,9.15,8.8,9.08,2788100,0.0318,0.0558,25315948.0,18594902.9
2022-07-19,9.14,9.4,9.1,9.36,2236900,0.0241,0.0308,20937384.0,18529007.7
2022-07-20,9.26,9.51,9.14,9.43,3307700,0.0184,0.0075,31191611.0,18523303.6
2022-07-21,9.14,9.23,8.87,9.15,2930400,0.0011,-0.0297,26813160.0,19983132.1
2022-07-22,9.24,9.34,8.85,8.98,1449800,-0.0281,-0.0186,13019204.0,20360125.3
2022-07-25,9.12,9.57,8.98,9.57,2223800,0.0493,0.0657,21281766.0,20408894.5
2022-07-26,9.83,9.92,9.57,9.63,1574700,-0.0203,0.0063,15164361.0,20991418.9
2022-07-27,9.76,9.91,9.62,9.76,4021900,0.0,0.0135,39253744.0,20699371.4
2022-07-28,9.79,9.9,9.43,9.83,1743100,0.0041,0.0072,17134673.0,23302046.6
2022-07-29,9.95,10.16,9.78,9.8,3080800,-0.0151,-0.0031,30191840.0,22804973.1
2022-08-01,9.65,9.77,9.37,9.64,1717900,-0.001,-0.0163,16560556.0,24030369.1
2022-08-02,9.73,9.76,9.47,9.71,1212300,-0.0021,0.0073,11771433.0,23154829.9
2022-08-03,9.77,9.83,9.31,9.5,1241200,-0.0276,-0.0216,11791400.0,22238234.8
2022-08-04,9.49,9.77,9.02,9.1,2055100,-0.0411,-0.0421,18701410.0,20298213.7
2022-08-05,9.0,9.41,8.89,9.16,1124300,0.0178,0.0066,10298588.0,19487038.7
2022-08-08,9.15,9.31,9.07,9.3,1523600,0.0164,0.0153,14169480.0,19214977.1
2022-08-09,9.37,9.47,9.29,9.4,1238200,0.0032,0.0108,11639080.0,18503748.5
2022-08-10,9.48,9.57,9.33,9.47,1671700,-0.0011,0.0074,15830999.0,18151220.4
2022-08-11,9.61,9.98,9.61,9.83,1643900,0.0229,0.038,16159537.0,15808945.9
2022-08-12,9.84,9.94,9.74,9.87,1195000,0.003,0.0041,11794650.0,15711432.3
2022-08-15,9.61,9.67,9.34,9.63,1631200,0.0021,-0.0243,15708456.0,13871713.3
2022-08-16,9.73,9.92,9.69,9.81,1284500,0.0082,0.0187,12600945.0,13786503.3
2022-08-17,9.78,9.88,9.64,9.84,2201500,0.0061,0.0031,21662760.0,13869454.5
2022-08-18,9.97,11.14,9.97,10.81,6247100,0.0843,0.0986,67531151.0,14856590.5
2022-08-19,10.6,10.65,10.4,10.5,3907600,-0.0094,-0.0287,41029800.0,19739564.6
2022-08-22,10.5,10.7,10.23,10.66,2384400,0.0152,0.0152,25417704.0,22812685.8
2022-08-23,10.75,11.04,10.75,10.94,2107700,0.0177,0.0263,23058238.0,23937508.2
2022-08-24,10.96,11.09,10.88,11.01,2440100,0.0046,0.0064,26865501.0,25079424.0
2022-08-25,11.08,11.13,10.96,11.02,2148200,-0.0054,0.0009,23673164.0,26182874.2
2022-08-26,10.92,10.92,10.56,10.78,1911000,-0.0128,-0.0218,20600580.0,26934236.9
2022-08-29,10.74,11.09,10.67,11.01,2157500,0.0251,0.0213,23754075.0,27814829.9
2022-08-30,10.93,11.03,10.4,10.4,2016300,-0.0485,-0.0554,20969520.0,28619391.8
2022-08-31,10.15,10.41,10.04,10.16,2171500,0.001,-0.0231,22062440.0,29456249.3
2022-09-01,10.05,10.25,9.89,10.1,2370700,0.005,-0.0059,23944070.0,29496217.3
2022-09-02,10.46,10.67,10.28,10.51,1907800,0.0048,0.0406,20050978.0,25137509.2
2022-09-06,10.63,10.65,10.28,10.3,1385100,-0.031,-0.02,14266530.0,23039627.0
2022-09-07,10.1,10.37,9.99,10.12,3038500,0.002,-0.0175,30749620.0,21924509.6
2022-09-08,10.08,10.2,9.96,10.11,5847200,0.003,-0.001,59115192.0,22693647.8
2022-09-09,10.3,10.66,10.19,10.39,4830400,0.0087,0.0277,50187856.0,25918616.9
2022-09-12,10.56,10.68,10.31,10.38,5254400,-0.017,-0.001,54540672.0,28570086.1
2022-09-13,10.21,10.32,10.01,10.02,2612300,-0.0186,-0.0347,26175246.0,31964095.3
2022-09-14,10.16,10.35,10.08,10.31,3185000,0.0148,0.0289,32837350.0,32206212.4
2022-09-15,10.2,10.34,10.08,10.18,1658000,-0.002,-0.0126,16878440.0,33392995.4
2022-09-16,10.07,10.16,9.86,10.04,4219800,-0.003,-0.0138,42366792.0,32874595.4
2022-09-19,9.75,10.07,9.68,10.04,1658900,0.0297,0.0,16655356.0,34716867.6
2022-09-20,9.95,10.04,9.81,10.02,1287600,0.007,-0.002,12901752.0,34377305.4
2022-09-21,10.21,10.38,9.93,9.94,3890700,-0.0264,-0.008,38673558.0,34240827.6
2022-09-22,10.13,10.16,9.39,9.43,4428400,-0.0691,-0.0513,41759812.0,35033221.4
2022-09-23,9.02,9.07,8.31,8.48,4596500,-0.0599,-0.1007,38978320.0,33297683.4
2022-09-26,8.38,8.5,8.04,8.1,2148400,-0.0334,-0.0448,17402040.0,32176729.8
2022-09-27,8.37,8.69,8.31,8.37,3383000,0.0,0.0333,28315710.0,28462866.6
2022-09-28,8.43,9.1,8.42,9.0,3735900,0.0676,0.0753,33623100.0,28676913.0
2022-09-29,8.92,8.98,8.61,8.93,3046700,0.0011,-0.0078,27207031.0,28755488.0
2022-09-30,8.82,9.06,8.77,8.89,4581000,0.0079,-0.0045,40725090.0,29788347.1
2022-10-03,9.28,9.35,9.1,9.14,1668500,-0.0151,0.0281,15250090.0,29624176.9
2022-10-04,9.36,9.69,9.3,9.67,1431800,0.0331,0.058,13845506.0,29483650.3
2022-10-05,9.59,10.1,9.45,9.97,3130300,0.0396,0.031,31209091.0,29578025.7
2022-10-06,9.83,10.15,9.83,10.02,1955400,0.0193,0.005,19593108.0,28831579.0
2022-10-07,10.0,10.06,9.61,9.65,2199100,-0.035,-0.0369,21221315.0,26614908.6
2022-10-10,9.68,9.83,9.4,9.43,1138600,-0.0258,-0.0228,10736998.0,24839208.1
2022-10-11,9.29,9.63,9.09,9.6,2056200,0.0334,0.018,19739520.0,24172703.9
2022-10-12,9.54,9.9,9.42,9.71,2529400,0.0178,0.0115,24560474.0,23315084.9
2022-10-13,9.48,10.1,9.44,10.04,2208600,0.0591,0.034,22174344.0,22408822.3
2022-10-14,9.99,10.07,9.49,9.49,2487400,-0.0501,-0.0548,23605426.0,21905553.6
2022-10-17,9.67,9.9,9.67,9.8,1272100,0.0134,0.0327,12466580.0,20193587.2
2022-10-18,9.94,10.34,9.91,10.17,6200400,0.0231,0.0378,63058068.0,19915236.2
2022-10-19,10.21,10.59,10.15,10.53,2739400,0.0313,0.0354,28845882.0,24836492.4
2022-10-20,10.66,10.8,10.52,10.59,2241400,-0.0066,0.0057,23736426.0,24600171.5
2022-10-21,10.69,11.14,10.64,11.06,2619500,0.0346,0.0444,28971670.0,25014503.3
2022-10-24,11.07,11.16,10.82,11.01,1969000,-0.0054,-0.0045,21678690.0,25789538.8
2022-10-25,11.02,11.41,10.9,11.4,1832100,0.0345,0.0354,20885940.0,26883708.0
2022-10-26,11.49,11.58,11.36,11.51,1979500,0.0017,0.0096,22784045.0,26998350.0
2022-10-27,11.56,11.89,11.56,11.64,2161800,0.0069,0.0113,25163352.0,26820707.1
2022-10-28,11.69,11.77,11.44,11.68,2646000,-0.0009,0.0034,30905280.0,27119607.9
2022-10-31,11.59,12.03,11.56,11.88,3839600,0.025,0.0171,45614448.0,27849593.3
2022-11-01,12.1,12.17,11.91,11.98,2971100,-0.0099,0.0084,35593778.0,31164380.1
2022-11-02,11.99,12.65,11.92,12.05,2602000,0.005,0.0058,31354100.0,28417951.1
2022-11-03,12.01,12.28,11.86,12.08,1555600,0.0058,0.0025,18791648.0,28668772.9
2022-11-04,12.36,12.39,11.63,11.82,2277000,-0.0437,-0.0215,26914140.0,28174295.1
2022-11-07,11.82,12.18,11.78,12.08,2484300,0.022,0.022,30010344.0,27968542.1
2022-11-08,12.11,12.26,11.83,12.23,2736200,0.0099,0.0124,33463726.0,28801707.5
2022-11-09,12.15,12.19,11.67,11.87,2847200,-0.023,-0.0294,33796264.0,30059486.1
2022-11-10,12.18,12.27,12.0,12.18,1498400,0.0,0.0261,18250512.0,31160708.0
2022-11-11,12.33,12.4,12.0,12.02,2491200,-0.0251,-0.0131,29944224.0,30469424.0
2022-11-14,12.02,12.54,12.02,12.11,2345600,0.0075,0.0075,28405216.0,30373318.4
2022-11-15,12.27,12.34,12.07,12.28,2408900,0.0008,0.014,29581292.0,28652395.2
2022-11-16,12.1,12.44,12.08,12.39,1922500,0.024,0.009,23819775.0,28051146.6
2022-11-17,12.22,12.36,12.06,12.35,1756500,0.0106,-0.0032,21692775.0,27297714.1
2022-11-18,12.16,12.75,12.08,12.63,2343800,0.0387,0.0227,29602194.0,27587826.8
2022-11-21,12.39,12.49,11.96,12.32,1637500,-0.0056,-0.0245,20174000.0,27856632.2
2022-11-22,12.43,12.92,12.38,12.83,2893400,0.0322,0.0414,37122322.0,26872997.8
2022-11-23,12.64,12.69,12.39,12.59,1874800,-0.004,-0.0187,23603732.0,27238857.4
2022-11-25,12.57,12.74,12.52,12.63,656500,0.0048,0.0032,8291595.0,26219604.2
2022-11-28,12.4,12.55,12.23,12.38,2110500,-0.0016,-0.0198,26127990.0,25223712.5
2022-11-29,12.5,12.57,12.27,12.55,2098900,0.004,0.0137,26341195.0,24842089.1
2022-11-30,12.67,12.93,12.36,12.86,4553200,0.015,0.0247,58554152.0,24635687.0
2022-12-01,12.94,13.06,12.58,12.62,1794500,-0.0247,-0.0187,22646590.0,27532973.0
2022-12-02,12.39,12.75,12.36,12.74,1583300,0.0282,0.0095,20171242.0,27415654.5
2022-12-05,12.81,12.9,12.23,12.45,1732300,-0.0281,-0.0228,21567135.0,27263501.2
2022-12-06,12.4,12.62,12.09,12.16,1939100,-0.0194,-0.0233,23579456.0,26459995.3
2022-12-07,12.11,12.23,11.94,12.02,1426700,-0.0074,-0.0115,17148934.0,26800540.9
2022-12-08,12.26,12.29,11.82,11.86,1431100,-0.0326,-0.0133,16972846.0,24803202.1
2022-12-09,11.65,11.77,11.36,11.45,3472100,-0.0172,-0.0346,39755545.0,24140113.5
2022-12-12,11.48,11.65,11.33,11.57,2349700,0.0078,0.0105,27186029.0,27286508.5
2022-12-13,11.75,11.91,11.47,11.72,2109300,-0.0026,0.013,24720996.0,27392312.4
2022-12-14,11.78,11.97,11.57,11.86,2589500,0.0068,0.0119,30711470.0,27230292.5
2022-12-15,11.77,11.78,11.47,11.68,1817200,-0.0076,-0.0152,21224896.0,24446024.3
2022-12-16,11.39,11.59,11.1,11.56,6485000,0.0149,-0.0103,74966600.0,24303854.9
2022-12-19,11.6,11.71,11.37,11.47,1893200,-0.0112,-0.0078,21715004.0,29783390.7
2022-12-20,11.53,11.77,11.46,11.49,1836100,-0.0035,0.0017,21096789.0,29798177.6
2022-12-21,11.71,11.83,11.57,11.83,2165300,0.0102,0.0296,25615499.0,29549910.9
2022-12-22,11.95,11.96,11.48,11.67,1731700,-0.0234,-0.0135,20208939.0,30396567.4
2022-12-23,11.77,12.24,11.7,12.19,1649300,0.0357,0.0446,20104967.0,30720176.7
2022-12-27,12.32,12.32,12.13,12.23,991200,-0.0073,0.0033,12122376.0,28755118.9
2022-12-28,12.2,12.21,11.96,12.05,1560000,-0.0123,-0.0147,18798000.0,27248753.6
2022-12-29,12.05,12.27,12.03,12.22,988900,0.0141,0.0141,12084358.0,26656454.0
2022-12-30,12.11,12.32,12.1,12.3,1289400,0.0157,0.0065,15859620.0,24793742.8
2023-01-03,12.17,12.29,11.8,11.95,2362700,-0.0181,-0.0285,28234265.0,24257215.2
2023-01-04,11.69,12.05,11.49,11.95,1144400,0.0222,0.0,13675580.0,19583981.7
2023-01-05,11.89,11.99,11.65,11.9,1608400,0.0008,-0.0042,19139960.0,18780039.3
2023-01-06,12.0,12.27,11.92,12.14,2865900,0.0117,0.0202,34792026.0,18584356.4
2023-01-09,12.39,12.66,12.35,12.63,2800900,0.0194,0.0404,35375367.0,19502009.1
2023-01-10,12.7,12.74,12.43,12.58,2001400,-0.0094,-0.004,25177612.0,21018651.9
2023-01-11,12.7,12.92,12.69,12.82,1151400,0.0094,0.0191,14760948.0,21525916.4
2023-01-12,12.85,13.47,12.79,13.18,2070800,0.0257,0.0281,27293144.0,21789773.6
2023-01-13,13.17,13.45,13.12,13.38,1495500,0.0159,0.0152,20009790.0,22639288.0
2023-01-17,13.31,13.58,13.25,13.28,1069800,-0.0023,-0.0075,14206944.0,23431831.2
2023-01-18,13.39,13.42,12.79,12.81,2584200,-0.0433,-0.0354,33103602.0,23266563.6
2023-01-19,12.9,13.27,12.83,12.98,5087800,0.0062,0.0133,66039644.0,23753497.3
2023-01-20,12.95,13.09,12.84,12.99,2566100,0.0031,0.0008,33333639.0,28989903.7
2023-01-23,13.2,13.3,12.91,12.97,6046400,-0.0174,-0.0015,78421808.0,30409271.6
2023-01-24,13.0,13.17,12.68,13.09,1818700,0.0069,0.0093,23806783.0,34772249.8
2023-01-25,12.93,13.34,12.88,13.29,3104300,0.0278,0.0153,41256147.0,33615391.4
2023-01-26,13.45,13.53,13.2,13.25,1057100,-0.0149,-0.003,14006575.0,35223244.9
2023-01-27,13.11,13.15,12.94,12.95,1182900,-0.0122,-0.0226,15318555.0,35147807.6
2023-01-30,12.87,12.91,12.49,12.5,1915300,-0.0287,-0.0347,23941250.0,33950348.7
2023-01-31,12.46,12.72,12.43,12.72,1516300,0.0209,0.0176,19287336.0,34343494.7
2023-02-01,12.64,12.69,12.36,12.6,1788600,-0.0032,-0.0094,22536360.0,34851533.9
2023-02-02,12.71,12.83,12.43,12.82,1773000,0.0087,0.0175,22729860.0,33794809.7
2023-02-03,12.73,13.06,12.61,12.62,1740800,-0.0086,-0.0156,21968896.0,29463831.3
2023-02-06,12.56,12.72,12.48,12.51,1817500,-0.004,-0.0087,22736925.0,28327357.0
2023-02-07,12.6,12.7,12.43,12.63,2236800,0.0024,0.0096,28250784.0,22758868.7
2023-02-08,12.67,12.7,12.27,12.53,3149200,-0.011,-0.0079,39459476.0,23203268.8
2023-02-09,12.65,12.66,12.39,12.49,3425100,-0.0126,-0.0032,42779499.0,23023601.7
2023-02-10,12.58,12.87,12.51,12.85,3484600,0.0215,0.0288,44777110.0,25900894.1
2023-02-13,12.81,12.86,12.59,12.67,2450600,-0.0109,-0.014,31049102.0,28846749.6
2023-02-14,12.6,12.97,12.6,12.83,3410600,0.0183,0.0126,43757998.0,29557534.8
2023-02-15,12.52,12.84,12.29,12.53,4254900,0.0008,-0.0234,53313897.0,32004601.0
2023-02-16,12.34,12.54,12.21,12.53,2254600,0.0154,0.0,28250138.0,35082354.7
2023-02-17,12.13,12.17,11.62,11.65,3863300,-0.0396,-0.0702,45007445.0,35634382.5
2023-02-21,11.61,11.69,11.23,11.39,3280200,-0.0189,-0.0223,37361478.0,37938237.4
2023-02-22,11.26,11.46,11.09,11.22,3183800,-0.0036,-0.0149,35722236.0,39400692.7
2023-02-23,11.32,11.44,11.11,11.24,2096900,-0.0071,0.0018,23569156.0,40147837.9
2023-02-24,11.15,11.34,11.05,11.31,2822400,0.0143,0.0062,31921344.0,38558805.9
2023-02-27,11.38,11.59,11.37,11.55,2236700,0.0149,0.0212,25833885.0,37472990.4
2023-02-28,11.6,11.69,11.25,11.26,2936800,-0.0293,-0.0251,33068368.0,35578667.9
2023-03-01,11.33,11.36,11.1,11.19,2206600,-0.0124,-0.0062,24691854.0,35780594.5
2023-03-02,11.1,11.42,11.05,11.34,2768800,0.0216,0.0134,31398192.0,33873980.1
2023-03-03,11.23,11.68,11.23,11.6,2963200,0.0329,0.0229,34373120.0,31682409.6
2023-03-06,11.48,11.75,11.45,11.61,1574700,0.0113,0.0009,18282267.0,32294707.8
2023-03-07,11.59,11.63,11.33,11.33,2476000,-0.0224,-0.0241,28053080.0,29622190.0
2023-03-08,11.24,11.42,11.04,11.14,2132800,-0.0089,-0.0168,23759392.0,28691350.2
2023-03-09,11.34,11.66,11.28,11.3,2308000,-0.0035,0.0144,26080400.0,27495065.8
2023-03-10,11.25,11.38,11.04,11.18,3241600,-0.0062,-0.0106,36241088.0,27746190.2
2023-03-13,10.96,11.08,10.66,10.88,3032700,-0.0073,-0.0268,32995776.0,28178164.6
2023-03-14,10.95,11.59,10.91,11.05,2310400,0.0091,0.0156,25529920.0,28894353.7
2023-03-15,10.74,10.81,10.1,10.4,2357900,-0.0317,-0.0588,24522160.0,28140508.9
2023-03-16,10.17,10.52,9.78,10.46,3557100,0.0285,0.0058,37207266.0,28123539.5
2023-03-17,10.41,10.43,10.17,10.33,3712900,-0.0077,-0.0124,38354257.0,28704446.9
2023-03-20,10.32,10.66,10.25,10.4,1949900,0.0078,0.0068,20278960.0,29102560.6
2023-03-21,10.63,10.92,10.6,10.83,2179900,0.0188,0.0413,23608317.0,29302229.9
2023-03-22,10.82,10.82,10.38,10.4,1454300,-0.0388,-0.0397,15124720.0,28857753.6
2023-03-23,10.44,10.53,9.9,10.06,2099000,-0.0364,-0.0327,21115940.0,27994286.4
2023-03-24,9.86,10.11,9.73,10.02,1602400,0.0162,-0.004,16056048.0,27497840.4
2023-03-27,10.2,10.35,10.1,10.25,1144000,0.0049,0.023,11726000.0,25479336.4
2023-03-28,10.18,10.47,10.13,10.33,835800,0.0147,0.0078,8633814.0,23352358.8
2023-03-29,10.47,10.56,10.38,10.54,1069100,0.0067,0.0203,11268314.0,21662748.2
2023-03-30,10.69,10.8,10.51,10.76,3815700,0.0065,0.0209,41056932.0,20337363.6
2023-03-31,10.8,10.92,10.74,10.84,1514700,0.0037,0.0074,16419348.0,20722330.2
2023-04-03,11.15,11.25,11.05,11.14,1730300,-0.0009,0.0277,19275542.0,18528839.3
2023-04-04,11.25,11.25,10.71,10.9,1312600,-0.0311,-0.0215,14307340.0,18428497.5
2023-04-05,10.84,10.92,10.6,10.8,1804600,-0.0037,-0.0092,19489680.0,17498399.8
2023-04-06,10.8,10.84,10.53,10.54,2153000,-0.0241,-0.0241,22692620.0,17934895.8
2023-04-10,10.53,10.81,10.52,10.57,976000,0.0038,0.0028,10316320.0,18092563.8
2023-04-11,10.58,10.8,10.55,10.73,1303600,0.0142,0.0151,13987628.0,17518591.0
2023-04-12,10.83,10.86,10.65,10.7,1037700,-0.012,-0.0028,11103390.0,17744753.8
2023-04-13,10.65,10.79,10.61,10.75,724600,0.0094,0.0047,7789450.0,17991711.4
2023-04-14,10.7,10.85,10.63,10.68,1432200,-0.0019,-0.0065,15295896.0,17643825.0
2023-04-17,10.69,10.75,10.46,10.48,1363400,-0.0196,-0.0187,14288432.0,15067721.4
2023-04-18,10.44,10.48,10.31,10.37,1116700,-0.0067,-0.0105,11580179.0,14854629.8
2023-04-19,10.31,10.36,10.18,10.25,2126600,-0.0058,-0.0116,21797650.0,14085093.5
2023-04-20,10.18,10.21,9.99,10.08,3336800,-0.0098,-0.0166,33634944.0,14834124.5
2023-04-21,10.14,10.19,10.02,10.14,2232200,0.0,0.006,22634508.0,16248650.9
2023-04-24,10.16,10.3,10.15,10.21,2454700,0.0049,0.0069,25062487.0,16242839.7
2023-04-25,10.1,10.14,9.7,9.72,1926500,-0.0376,-0.048,18725580.0,17717456.4
2023-04-26,9.72,9.89,9.69,9.8,1848300,0.0082,0.0082,18113340.0,18191251.6
2023-04-27,9.67,9.82,9.64,9.73,1275500,0.0062,-0.0071,12410615.0,18892246.6
2023-04-28,9.67,9.88,9.65,9.81,2190800,0.0145,0.0082,21491748.0,19354363.1
2023-05-01,9.73,9.91,9.65,9.67,1589200,-0.0062,-0.0143,15367564.0,19973948.3
2023-05-02,9.65,9.65,9.13,9.26,2080700,-0.0404,-0.0424,19267282.0,20081861.5
2023-05-03,9.25,9.38,8.73,8.81,3501000,-0.0476,-0.0486,30843810.0,20850571.8
2023-05-04,8.78,8.94,8.46,8.47,2032300,-0.0353,-0.0386,17213581.0,21755187.8
2023-05-05,8.65,8.96,8.63,8.82,2221100,0.0197,0.0413,19590102.0,20113051.5
2023-05-08,8.96,9.03,8.55,8.75,2538900,-0.0234,-0.0079,22215375.0,19808610.9
2023-05-09,8.67,8.8,8.59,8.74,3480900,0.0081,-0.0011,30423066.0,19523899.7
2023-05-10,8.85,8.87,8.66,8.76,2537200,-0.0102,0.0023,22225872.0,20693648.3
2023-05-11,8.66,8.73,8.56,8.7,1838900,0.0046,-0.0068,15998430.0,21104901.5
2023-05-12,8.72,8.87,8.72,8.82,1290100,0.0115,0.0138,11378682.0,21463683.0
2023-05-15,8.93,9.42,8.84,9.24,7463300,0.0347,0.0476,68960892.0,20452376.4
2023-05-16,9.14,9.27,9.11,9.25,5153200,0.012,0.0011,47667100.0,25811709.2
2023-05-17,9.36,9.55,9.17,9.48,2115200,0.0128,0.0249,20052096.0,28651691.0
2023-05-18,9.38,9.95,9.36,9.89,2424400,0.0544,0.0432,23977316.0,27572519.6
2023-05-19,9.93,9.95,9.77,9.88,2016400,-0.005,-0.001,19922032.0,28248893.1
2023-05-22,9.89,9.91,9.65,9.85,2360300,-0.004,-0.003,23248955.0,28282086.1
2023-05-23,9.92,10.02,9.86,9.93,3590800,0.001,0.0081,35656644.0,28385444.1
2023-05-24,9.96,10.01,9.82,9.86,2554100,-0.01,-0.007,25183426.0,28908801.9
2023-05-25,9.74,9.84,9.66,9.78,1549700,0.0041,-0.0081,15156066.0,29204557.3
2023-05-26,9.84,9.91,9.68,9.73,2691300,-0.0112,-0.0051,26186349.0,29120320.9
2023-05-30,9.63,9.77,9.52,9.73,1588700,0.0104,0.0,15458051.0,30601087.6
2023-05-31,9.62,9.89,9.6,9.76,3713900,0.0146,0.0031,36247664.0,25250803.5
2023-06-01,9.78,10.14,9.78,10.09,1951800,0.0317,0.0338,19693662.0,24108859.9
2023-06-02,10.25,10.41,10.23,10.31,1903700,0.0059,0.0218,19627147.0,24073016.5
2023-06-05,10.4,10.46,10.16,10.24,1541900,-0.0154,-0.0068,15789056.0,23637999.6
2023-06-06,10.12,10.44,10.1,10.38,1510700,0.0257,0.0137,15681066.0,23224702.0
2023-06-07,10.4,10.73,10.4,10.68,1561000,0.0269,0.0289,16671480.0,22467913.1
2023-06-08,10.75,10.79,10.32,10.66,2256000,-0.0084,-0.0019,24048960.0,20569396.7
2023-06-09,10.66,10.67,10.38,10.65,4369600,-0.0009,-0.0009,46536240.0,20455950.1
2023-06-12,10.53,10.53,10.28,10.45,5738600,-0.0076,-0.0188,59968370.0,23593967.5
2023-06-13,10.53,10.68,10.2,10.21,2479200,-0.0304,-0.023,25312632.0,26972169.6
2023-06-14,10.28,10.41,10.01,10.19,3350600,-0.0088,-0.002,34142614.0,27957627.7
2023-06-15,10.13,10.31,10.13,10.31,3418500,0.0178,0.0118,35244735.0,27747122.7
2023-06-16,10.38,10.54,10.25,10.31,16508900,-0.0067,0.0,170206759.0,29302230.0
2023-06-20,10.3,10.33,9.9,10.01,3777800,-0.0282,-0.0291,37815778.0,44360191.2
2023-06-21,10.01,10.17,9.95,10.08,1170000,0.007,0.007,11793600.0,46562863.4
2023-06-22,10.01,10.03,9.68,9.68,1603000,-0.033,-0.0397,15517040.0,46174116.8
2023-06-23,9.54,9.76,9.52,9.75,1481000,0.022,0.0072,14439750.0,46058672.8
2023-06-26,9.9,10.15,9.88,10.06,2909700,0.0162,0.0318,29271582.0,45097751.8
2023-06-27,10.08,10.16,9.95,10.11,1398400,0.003,0.005,14137824.0,43371286.0
2023-06-28,10.03,10.26,9.94,10.26,1970700,0.0229,0.0148,20219382.0,38788231.4
2023-06-29,10.32,10.61,10.27,10.58,1772600,0.0252,0.0312,18754108.0,38278906.4
2023-06-30,10.65,10.81,10.58,10.6,1165500,-0.0047,0.0019,12354300.0,36740055.8
2023-07-03,10.6,10.86,10.6,10.85,886300,0.0236,0.0236,9616355.0,34451012.3
2023-07-05,10.85,10.85,10.73,10.75,1913400,-0.0092,-0.0092,20569050.0,18391971.9
2023-07-06,10.64,10.73,10.59,10.72,1442500,0.0075,-0.0028,15463600.0,16667299.1
2023-07-07,10.74,10.96,10.73,10.9,1812700,0.0149,0.0168,19758430.0,17034299.1
2023-07-10,10.91,11.02,10.87,10.96,1571000,0.0046,0.0055,17218160.0,17458438.1
2023-07-11,11.05,11.16,11.01,11.06,2569000,0.0009,0.0091,28413140.0,17736279.1
2023-07-12,11.19,11.19,10.96,11.04,2083000,-0.0134,-0.0018,22996320.0,17650434.9
2023-07-13,11.09,11.22,10.99,11.17,2700000,0.0072,0.0118,30159000.0,18536284.5
