Date,Open,High,Low,Close,Volume,% Day Change,% Previous Change,$ Volume,Previous 10D $ Volume
2005-12-21,11.0,11.05,10.55,10.85,5796900,-0.0136,,62896365.0,
2005-12-22,10.6,11.12,10.59,10.6,4152500,0.0,-0.023,44016500.0,
2005-12-23,10.9,12.78,10.9,11.95,8844700,0.0963,0.1274,105694165.0,
2005-12-27,12.2,12.79,12.13,12.5,3324100,0.0246,0.046,41551250.0,
2005-12-28,12.25,14.0,12.25,13.3,3187700,0.0857,0.064,42396410.0,
2005-12-29,13.8,13.83,13.21,13.21,1092100,-0.0428,-0.0068,14426641.0,
2005-12-30,13.65,13.65,12.66,13.1,1208400,-0.0403,-0.0083,15830040.0,
2006-01-03,12.9,13.5,12.81,13.5,1875500,0.0465,0.0305,25319250.0,
2006-01-04,13.47,13.85,13.0,13.0,2342000,-0.0349,-0.037,30446000.0,
2006-01-05,13.3,13.31,12.95,13.0,2880600,-0.0226,0.0,37447800.0,
2006-01-06,13.0,13.08,12.77,12.93,1627700,-0.0054,-0.0054,21046161.0,42002442.1
2006-01-09,12.83,13.75,12.82,13.75,1133300,0.0717,0.0634,15582875.0,37817421.7
2006-01-10,13.85,13.85,13.45,13.65,1382200,-0.0144,-0.0073,18867030.0,34974059.2
2006-01-11,13.6,14.6,13.48,14.32,2884200,0.0529,0.0491,41301744.0,26291345.7
2006-01-12,14.0,14.65,13.9,14.4,2363900,0.0286,0.0056,34040160.0,26266395.1
2006-01-13,14.4,14.77,14.37,14.77,2023000,0.0257,0.0257,29879710.0,25430770.1
2006-01-17,14.45,15.14,14.4,14.87,1754300,0.0291,0.0068,26086441.0,26976077.0
2006-01-18,14.4,14.65,14.31,14.49,1714500,0.0063,-0.0256,24843105.0,28001717.1
2006-01-19,14.4,15.22,14.3,15.22,4355100,0.0569,0.0504,66284622.0,27954102.6
2006-01-20,15.4,16.75,15.3,16.56,3528300,0.0753,0.088,58428648.0,31537964.8
2006-01-23,16.57,18.5,16.57,17.59,3088500,0.0616,0.0622,54326715.0,33636049.6
2006-01-24,17.39,17.8,17.3,17.59,1375600,0.0115,0.0,24196804.0,36964105.0
2006-01-25,17.65,17.65,16.36,16.73,1517700,-0.0521,-0.0489,25391121.0,37825497.9
2006-01-26,16.8,17.45,16.45,16.57,811900,-0.0137,-0.0096,13453183.0,38477907.0
2006-01-27,16.57,17.4,16.57,17.05,1063900,0.029,0.029,18139495.0,35693050.9
2006-01-30,17.06,17.3,16.78,17.24,941200,0.0106,0.0111,16226288.0,34102984.4
2006-01-31,17.2,18.0,17.2,17.75,1478000,0.032,0.0296,26234500.0,32737642.2
2006-02-01,17.76,17.85,17.26,17.51,403700,-0.0141,-0.0135,7068787.0,32752448.1
2006-02-02,17.5,17.58,17.25,17.4,804400,-0.0057,-0.0063,13996560.0,30975016.3
2006-02-03,17.28,17.74,17.25,17.65,243700,0.0214,0.0144,4301305.0,25746210.1
2006-02-06,17.7,17.75,17.49,17.64,338300,-0.0034,-0.0006,5967612.0,20333475.8
2006-02-07,17.75,18.15,17.54,17.76,322000,0.0006,0.0068,5718720.0,15497565.5
2006-02-08,17.76,17.87,17.51,17.87,210600,0.0062,0.0062,3763422.0,13649757.1
2006-02-09,17.92,19.0,17.9,18.95,836800,0.0575,0.0604,15857360.0,11486987.2
2006-02-10,19.0,19.3,18.98,19.07,456100,0.0037,0.0063,8697827.0,11727404.9
2006-02-13,19.0,19.56,19.0,19.4,718000,0.0211,0.0173,13929200.0,10783238.1
2006-02-14,19.4,19.4,18.92,19.02,436300,-0.0196,-0.0196,8298426.0,10553529.3
2006-02-15,19.0,19.12,18.97,19.07,674500,0.0037,0.0026,12862715.0,8759921.9
2006-02-16,19.08,19.08,18.45,18.5,1359700,-0.0304,-0.0299,25154450.0,9339314.7
2006-02-17,18.4,18.47,17.9,17.94,257000,-0.025,-0.0303,4610580.0,10455103.7
2006-02-21,17.55,19.2,17.46,18.93,861700,0.0786,0.0552,16311981.0,10486031.2
2006-02-22,18.68,19.0,18.57,18.94,117900,0.0139,0.0005,2233026.0,11520468.1
2006-02-23,18.51,18.93,18.3,18.71,131000,0.0108,-0.0121,2451010.0,11171898.7
2006-02-24,18.6,18.7,17.78,18.49,670600,-0.0059,-0.0118,12399394.0,11040657.5
2006-02-27,18.35,18.58,17.84,17.91,270300,-0.024,-0.0314,4841073.0,10694860.9
2006-02-28,17.85,17.98,17.72,17.85,174200,0.0,-0.0034,3109470.0,10309185.5
2006-03-01,17.75,17.88,17.65,17.79,146900,0.0023,-0.0034,2613351.0,9227212.5
2006-03-02,17.75,17.81,17.59,17.72,181000,-0.0017,-0.0039,3207320.0,8658705.0
2006-03-03,17.65,17.67,17.5,17.55,188000,-0.0057,-0.0096,3299400.0,7693165.5
2006-03-06,17.55,18.34,17.55,18.22,112700,0.0382,0.0382,2053394.0,5507660.5
2006-03-07,18.15,18.15,17.67,17.95,142100,-0.011,-0.0148,2550695.0,5251941.9
2006-03-08,17.91,18.13,17.9,17.95,66400,0.0022,0.0,1191880.0,3875813.3
2006-03-09,17.9,18.11,17.9,18.11,198000,0.0117,0.0089,3585780.0,3771698.7
2006-03-10,18.06,18.49,18.0,18.08,1187800,0.0011,-0.0017,21475424.0,3885175.7
2006-03-13,18.0,18.03,17.93,17.98,90200,-0.0011,-0.0055,1621796.0,4792778.7
2006-03-14,17.9,18.23,17.83,18.21,141100,0.0173,0.0128,2569431.0,4470851.0
2006-03-15,18.12,18.12,17.94,18.0,143700,-0.0066,-0.0115,2586600.0,4416847.1
2006-03-16,18.0,18.7,18.0,18.5,263100,0.0278,0.0278,4867350.0,4414172.0
2006-03-17,18.5,18.6,18.23,18.51,556600,0.0005,0.0005,10302666.0,4580175.0
2006-03-20,18.45,18.88,18.39,18.61,171600,0.0087,0.0054,3193476.0,5280501.6
2006-03-21,18.55,18.95,18.55,18.85,254900,0.0162,0.0129,4804865.0,5394509.8
2006-03-22,18.85,19.0,18.6,19.0,116100,0.008,0.008,2205900.0,5619926.8
2006-03-23,19.0,19.02,18.82,18.85,258200,-0.0079,-0.0079,4867070.0,5721328.8
2006-03-24,18.82,19.11,18.51,18.85,271200,0.0016,0.0,5112120.0,5849457.8
2006-03-27,18.83,18.85,18.47,18.72,120100,-0.0058,-0.0069,2248272.0,4213127.4
2006-03-28,18.62,19.09,18.61,18.93,123400,0.0166,0.0112,2335962.0,4275775.0
2006-03-29,18.98,19.03,18.65,18.99,114500,0.0005,0.0032,2174355.0,4252428.1
2006-03-30,18.92,19.1,18.9,19.02,237200,0.0053,0.0016,4511544.0,4211203.6
2006-03-31,19.09,19.99,19.09,19.84,238000,0.0393,0.0431,4721920.0,4175623.0
2006-04-03,19.86,19.9,19.15,19.17,150000,-0.0347,-0.0338,2875500.0,3617548.4
2006-04-04,19.1,19.28,18.92,19.02,156900,-0.0042,-0.0078,2984238.0,3585750.8
2006-04-05,19.06,19.1,18.95,19.0,119000,-0.0031,-0.0011,2261000.0,3403688.1
2006-04-06,18.98,19.25,18.97,19.19,810600,0.0111,0.01,15555414.0,3409198.1
2006-04-07,19.1,19.25,19.05,19.2,57600,0.0052,0.0005,1105920.0,4478032.5
2006-04-10,19.18,19.21,19.0,19.06,98600,-0.0063,-0.0073,1879316.0,4077412.5
2006-04-11,19.06,19.15,18.96,19.0,135900,-0.0031,-0.0031,2582100.0,4040516.9
2006-04-12,19.0,19.25,18.87,19.17,256000,0.0089,0.0089,4907520.0,4065130.7
2006-04-13,19.1,19.25,19.1,19.2,216800,0.0052,0.0016,4162560.0,4338447.2
2006-04-17,19.16,19.44,19.16,19.39,128900,0.012,0.0099,2499371.0,4303548.8
2006-04-18,19.33,19.55,19.26,19.3,86600,-0.0016,-0.0046,1671380.0,4081293.9
2006-04-19,19.35,19.44,19.18,19.24,179400,-0.0057,-0.0031,3451656.0,3960881.9
2006-04-20,19.24,19.25,19.15,19.23,77400,-0.0005,-0.0005,1488402.0,4007623.7
2006-04-21,19.23,19.43,19.11,19.16,223400,-0.0036,-0.0036,4280344.0,3930363.9
2006-04-24,19.15,19.35,19.15,19.25,228500,0.0052,0.0047,4398625.0,2802856.9
2006-04-25,19.25,19.44,19.16,19.21,136100,-0.0021,-0.0021,2614481.0,3132127.4
2006-04-26,19.21,19.56,19.21,19.36,144500,0.0078,0.0078,2797520.0,3205643.9
2006-04-27,19.25,19.38,19.01,19.15,116800,-0.0052,-0.0108,2236720.0,3227185.9
2006-04-28,19.0,19.25,19.0,19.0,211200,0.0,-0.0078,4012800.0,2960105.9
2006-05-01,19.05,19.57,19.05,19.41,207500,0.0189,0.0216,4027575.0,2945129.9
2006-05-02,19.3,19.49,19.3,19.36,176500,0.0031,-0.0026,3417040.0,3097950.3
2006-05-03,19.35,19.49,19.3,19.39,71200,0.0021,0.0015,1380568.0,3272516.3
2006-05-04,19.44,19.6,19.33,19.5,168500,0.0031,0.0057,3285750.0,3065407.5
2006-05-05,19.6,20.5,19.55,20.24,316700,0.0327,0.0379,6410008.0,3245142.3
2006-05-08,20.34,20.34,19.97,20.14,113400,-0.0098,-0.0049,2283876.0,3458108.7
2006-05-09,20.12,21.18,20.12,21.0,393800,0.0437,0.0427,8269800.0,3246633.8
2006-05-10,20.95,21.35,20.95,21.25,166500,0.0143,0.0119,3538125.0,3812165.7
2006-05-11,21.2,21.2,20.71,20.95,206700,-0.0118,-0.0141,4330365.0,3886226.2
2006-05-12,20.87,21.16,20.72,21.06,211400,0.0091,0.0053,4452084.0,4095590.7
2006-05-15,21.13,21.71,21.0,21.69,201900,0.0265,0.0299,4379211.0,4139519.1
2006-05-16,21.61,21.62,21.15,21.61,149900,0.0,-0.0037,3239339.0,4174682.7
2006-05-17,21.65,21.65,20.68,20.81,167500,-0.0388,-0.037,3485675.0,4156912.6
2006-05-18,21.0,21.7,21.0,21.66,247300,0.0314,0.0408,5356518.0,4367423.3
2006-05-19,21.62,21.99,20.94,21.8,183400,0.0083,0.0065,3998120.0,4574500.1
2006-05-22,21.79,21.86,21.28,21.31,474200,-0.022,-0.0225,10105202.0,4333311.3
2006-05-23,21.35,21.44,21.29,21.41,276200,0.0028,0.0047,5913442.0,5115443.9
2006-05-24,21.41,21.48,21.0,21.23,570900,-0.0084,-0.0084,12120207.0,4879808.1
2006-05-25,21.33,22.12,21.08,22.05,254100,0.0338,0.0386,5602905.0,5738016.3
2006-05-26,22.18,23.72,22.18,23.34,326400,0.0523,0.0585,7618176.0,5865270.3
2006-05-30,23.4,23.4,22.57,22.65,192400,-0.0321,-0.0296,4357860.0,6181879.5
2006-05-31,22.6,22.99,22.3,22.8,1010000,0.0088,0.0066,23028000.0,6179744.4
2006-06-01,22.8,23.85,22.8,23.46,482300,0.0289,0.0289,11314758.0,8158610.5
2006-06-02,23.5,24.06,23.47,23.68,503900,0.0077,0.0094,11932352.0,8941518.8
2006-06-05,23.62,23.99,23.55,23.9,175200,0.0119,0.0093,4187280.0,9599102.2
2006-06-06,23.9,24.27,23.71,24.27,220000,0.0155,0.0155,5339400.0,9618018.2
2006-06-07,24.27,24.9,24.21,24.58,398300,0.0128,0.0128,9790214.0,9141438.0
2006-06-08,24.68,24.7,24.02,24.13,597700,-0.0223,-0.0183,14422501.0,9529115.2
2006-06-09,24.16,24.5,23.68,23.75,427600,-0.017,-0.0157,10155500.0,9759344.6
2006-06-12,23.7,23.79,22.99,23.03,291700,-0.0283,-0.0303,6717851.0,10214604.1
2006-06-13,22.68,22.9,21.87,22.04,1077300,-0.0282,-0.043,23743692.0,10124571.6
2006-06-14,21.89,21.95,20.78,20.93,562600,-0.0439,-0.0504,11775218.0,12063154.8
2006-06-15,20.94,21.35,20.81,20.81,459300,-0.0062,-0.0057,9558033.0,10937876.6
2006-06-16,21.05,21.7,21.05,21.19,509400,0.0067,0.0183,10794186.0,10762204.1
2006-06-19,21.19,21.88,21.03,21.5,825600,0.0146,0.0146,17750400.0,10648387.5
2006-06-20,21.6,22.09,21.48,21.75,613900,0.0069,0.0116,13352325.0,12004699.5
2006-06-21,21.8,22.28,21.69,21.69,433300,-0.005,-0.0028,9398277.0,12805992.0
2006-06-22,21.71,22.24,21.65,21.96,324100,0.0115,0.0124,7117236.0,12766798.3
2006-06-23,21.98,22.13,21.37,21.43,340000,-0.025,-0.0241,7286200.0,12036271.8
2006-06-26,21.4,22.38,21.03,21.79,264600,0.0182,0.0168,5765634.0,11749341.8
2006-06-27,21.75,22.11,20.76,20.93,259300,-0.0377,-0.0395,5427149.0,11654120.1
2006-06-28,21.1,21.41,20.51,21.08,233500,-0.0009,0.0072,4922180.0,9822465.8
2006-06-29,21.17,22.11,20.99,22.0,229100,0.0392,0.0436,5040200.0,9137162.0
2006-06-30,21.95,22.29,20.36,20.36,3053800,-0.0724,-0.0745,62175368.0,8685378.7
2006-07-03,20.45,20.97,20.44,20.97,379100,0.0254,0.03,7949727.0,13823496.9
2006-07-05,21.07,21.64,20.85,20.87,468600,-0.0095,-0.0048,9779682.0,12843429.6
2006-07-06,20.84,21.19,20.59,20.76,372500,-0.0038,-0.0053,7733100.0,12486165.3
2006-07-07,20.72,21.62,20.59,20.98,262600,0.0125,0.0106,5509348.0,12319647.6
2006-07-10,21.08,21.61,21.07,21.45,226200,0.0176,0.0224,4851990.0,12158858.8
2006-07-11,21.35,21.86,21.17,21.8,431400,0.0211,0.0163,9404520.0,11915437.8
2006-07-12,21.8,22.09,21.3,21.5,518000,-0.0138,-0.0138,11137000.0,12279326.4
2006-07-13,21.44,21.68,21.25,21.61,265800,0.0079,0.0051,5743938.0,12850311.5
2006-07-14,21.55,22.0,21.45,21.83,617600,0.013,0.0102,13482208.0,12932487.3
2006-07-17,21.82,22.38,21.75,22.16,309600,0.0156,0.0151,6860736.0,13776688.1
2006-07-18,22.22,22.48,21.61,21.78,386900,-0.0198,-0.0171,8426682.0,8245224.9
2006-07-19,21.76,22.43,21.64,22.21,513600,0.0207,0.0197,11407056.0,8292920.4
2006-07-20,22.2,22.25,21.61,21.9,301200,-0.0135,-0.014,6596280.0,8455657.8
2006-07-21,21.9,21.94,20.75,21.19,256900,-0.0324,-0.0324,5443711.0,8341975.8
2006-07-24,21.2,21.58,20.89,20.93,362500,-0.0127,-0.0123,7587125.0,8335412.1
2006-07-25,21.04,21.25,20.91,21.03,364600,-0.0005,0.0048,7667538.0,8608925.6
2006-07-26,20.92,21.8,20.75,21.76,441800,0.0402,0.0347,9613568.0,8435227.4
2006-07-27,21.76,21.9,21.15,21.4,349100,-0.0165,-0.0165,7470740.0,8282884.2
2006-07-28,21.45,21.81,21.3,21.48,241500,0.0014,0.0037,5187420.0,8455564.4
2006-07-31,21.1,21.25,20.75,20.96,297200,-0.0066,-0.0242,6229312.0,7626085.6
2006-08-01,20.86,20.87,20.31,20.34,383800,-0.0249,-0.0296,7806492.0,7562943.2
2006-08-02,20.5,21.03,20.35,20.91,215700,0.02,0.028,4510287.0,7500924.2
2006-08-03,20.79,20.83,20.29,20.35,212200,-0.0212,-0.0268,4318270.0,6811247.3
2006-08-04,20.34,20.55,18.85,19.46,831100,-0.0433,-0.0437,16173206.0,6583446.3
2006-08-07,19.36,19.49,18.76,19.16,460400,-0.0103,-0.0154,8821264.0,7656395.8
2006-08-08,19.13,19.29,18.68,18.79,336500,-0.0178,-0.0193,6322835.0,7779809.7
2006-08-09,19.0,19.93,18.45,18.78,473300,-0.0116,-0.0005,8888574.0,7645339.4
2006-08-10,18.66,19.05,18.17,18.82,327400,0.0086,0.0021,6161668.0,7572840.0
2006-08-11,18.81,19.19,18.5,19.02,229800,0.0112,0.0106,4370796.0,7441932.8
2006-08-14,19.0,19.53,18.94,19.03,426700,0.0016,0.0005,8120101.0,7360270.4
2006-08-15,19.03,19.73,19.03,19.58,266300,0.0289,0.0289,5214154.0,7549349.3
2006-08-16,19.76,19.97,19.7,19.93,121100,0.0086,0.0179,2413523.0,7290115.5
2006-08-17,19.83,20.63,19.72,20.3,335300,0.0237,0.0186,6806590.0,7080439.1
2006-08-18,20.4,20.4,19.87,20.08,194100,-0.0157,-0.0108,3897528.0,7329271.1
2006-08-21,19.97,20.0,19.59,19.7,93900,-0.0135,-0.0189,1849830.0,6101703.3
2006-08-22,19.65,19.97,19.4,19.97,157200,0.0163,0.0137,3139284.0,5404559.9
2006-08-23,20.0,20.44,19.59,20.22,182500,0.011,0.0125,3690150.0,5086204.8
2006-08-24,20.22,20.25,19.25,19.32,184900,-0.0445,-0.0445,3572268.0,4566362.4
2006-08-25,19.32,19.75,19.22,19.27,175800,-0.0026,-0.0026,3387666.0,4307422.4
2006-08-28,19.25,20.1,19.25,19.92,215600,0.0348,0.0337,4294752.0,4209109.4
2006-08-29,20.1,21.25,19.92,21.16,376900,0.0527,0.0622,7975204.0,3826574.5
2006-08-30,21.3,21.86,21.11,21.15,227800,-0.007,-0.0005,4817970.0,4102679.5
2006-08-31,21.2,21.33,20.89,20.98,236700,-0.0104,-0.008,4965966.0,4343124.2
2006-09-01,21.01,21.64,20.85,21.01,123000,0.0,0.0014,2584230.0,4159061.8
2006-09-05,21.0,21.49,20.97,21.11,159100,0.0052,0.0048,3358601.0,4027732.0
2006-09-06,20.95,21.16,20.28,20.28,209700,-0.032,-0.0393,4252716.0,4178609.1
2006-09-07,20.2,21.22,20.2,20.3,372000,0.005,0.001,7551600.0,4289952.3
2006-09-08,20.27,20.56,19.7,19.88,239800,-0.0192,-0.0207,4767224.0,4676097.3
2006-09-11,19.79,20.99,19.79,20.57,166900,0.0394,0.0347,3433133.0,4795592.9
2006-09-12,20.67,21.53,20.67,21.38,255100,0.0343,0.0394,5454038.0,4800139.6
2006-09-13,21.43,22.62,21.37,22.51,849800,0.0504,0.0529,19128998.0,4916068.2
2006-09-14,22.56,22.66,21.98,22.45,278400,-0.0049,-0.0027,6250080.0,6031447.6
2006-09-15,22.46,22.48,21.65,22.01,603300,-0.02,-0.0196,13278633.0,6174658.6
2006-09-18,21.7,22.27,21.63,21.96,255600,0.012,-0.0023,5612976.0,7005925.3
2006-09-19,21.95,21.95,20.73,20.91,440500,-0.0474,-0.0478,9210855.0,7308799.9
2006-09-20,21.05,22.56,21.05,21.99,349300,0.0447,0.0516,7681107.0,7894025.3
2006-09-21,21.97,22.4,21.75,21.9,277600,-0.0032,-0.0041,6079440.0,8236864.4
2006-09-22,21.8,21.85,21.0,21.43,257200,-0.017,-0.0215,5511796.0,8089648.4
2006-09-25,21.41,22.36,20.8,21.92,140000,0.0238,0.0229,3068800.0,8164105.6
2006-09-26,21.85,22.4,21.68,21.93,206600,0.0037,0.0005,4530738.0,8127672.3
2006-09-27,21.93,21.97,21.21,21.5,681400,-0.0196,-0.0196,14650100.0,8035342.3
2006-09-28,21.5,21.5,20.91,20.99,574000,-0.0237,-0.0237,12048260.0,7587452.5
2006-09-29,20.99,21.2,20.35,20.42,264300,-0.0272,-0.0272,5397006.0,8167270.5
2006-10-02,20.35,20.45,19.74,20.0,243200,-0.0172,-0.0206,4864000.0,7379107.8
2006-10-03,20.0,20.55,19.68,20.02,419600,0.001,0.001,8400392.0,7304210.2
2006-10-04,20.03,20.41,20.03,20.4,253300,0.0185,0.019,5167320.0,7223163.9
2006-10-05,20.47,20.9,20.46,20.75,346600,0.0137,0.0172,7191950.0,6971785.2
2006-10-06,20.65,20.93,20.54,20.85,128900,0.0097,0.0048,2687565.0,7083036.2
2006-10-09,20.88,20.97,20.34,20.5,326600,-0.0182,-0.0168,6695300.0,6800613.1
2006-10-10,20.5,20.54,20.05,20.13,219800,-0.018,-0.018,4424574.0,7163263.1
2006-10-11,20.13,20.29,19.8,20.11,290600,-0.001,-0.001,5843966.0,7152646.7
2006-10-12,20.25,20.53,20.11,20.18,279400,-0.0035,0.0035,5638292.0,6272033.3
2006-10-13,20.2,20.25,20.0,20.0,323100,-0.0099,-0.0089,6462000.0,5631036.5
2006-10-16,19.96,20.15,19.84,20.0,741700,0.002,0.0,14834000.0,5737535.9
2006-10-17,19.9,20.25,19.9,20.01,1107500,0.0055,0.0005,22161075.0,6734535.9
2006-10-18,20.19,20.2,19.87,19.88,1353800,-0.0154,-0.0065,26913544.0,8110604.2
2006-10-19,19.92,20.49,19.92,20.2,348400,0.0141,0.0161,7037680.0,10285226.6
2006-10-20,20.2,20.2,19.6,19.99,368000,-0.0104,-0.0104,7356320.0,10269799.6
2006-10-23,19.85,20.24,19.75,19.98,662300,0.0065,-0.0005,13232754.0,10736675.1
2006-10-24,19.9,20.05,19.76,19.83,224600,-0.0035,-0.0075,4453818.0,11390420.5
2006-10-25,19.83,20.38,19.81,19.89,331800,0.003,0.003,6599502.0,11393344.9
2006-10-26,20.05,20.13,19.85,19.98,550200,-0.0035,0.0045,10992996.0,11468898.5
2006-10-27,19.99,20.1,19.89,19.95,444400,-0.002,-0.0015,8865780.0,12004368.9
2006-10-30,19.9,20.57,19.87,20.5,928700,0.0302,0.0276,19038350.0,12244746.9
2006-10-31,20.6,21.52,20.6,21.26,744400,0.032,0.0371,15825944.0,12665181.9
2006-11-01,21.36,21.71,21.2,21.37,562700,0.0005,0.0052,12024899.0,12031668.8
2006-11-02,21.25,22.09,21.2,21.79,451600,0.0254,0.0197,9840364.0,10542804.3
2006-11-03,21.9,22.16,21.0,21.41,526500,-0.0224,-0.0174,11272365.0,10823072.7
2006-11-06,21.61,22.01,21.52,21.82,359800,0.0097,0.0191,7850836.0,11214677.2
2006-11-07,21.77,22.74,20.94,22.63,593600,0.0395,0.0371,13433168.0,10676485.4
2006-11-08,22.55,22.55,19.84,22.05,858300,-0.0222,-0.0256,18925515.0,11574420.4
2006-11-09,22.06,22.06,21.24,21.47,443600,-0.0267,-0.0263,9524092.0,12807021.7
2006-11-10,21.47,21.83,21.28,21.72,283100,0.0116,0.0116,6148932.0,12660131.3
2006-11-13,21.6,21.61,21.27,21.59,343700,-0.0005,-0.006,7420483.0,12388446.5
2006-11-14,21.59,22.35,21.4,22.08,477600,0.0227,0.0227,10545408.0,11226659.8
2006-11-15,22.14,22.66,21.28,21.9,341900,-0.0108,-0.0082,7487610.0,10698606.2
2006-11-16,22.01,22.3,21.74,22.08,204100,0.0032,0.0082,4506528.0,10244877.3
2006-11-17,22.06,22.06,21.6,21.9,207500,-0.0073,-0.0082,4544250.0,9711493.7
2006-11-20,21.93,22.1,21.59,21.96,197500,0.0014,0.0027,4337100.0,9038682.2
2006-11-21,21.97,21.97,21.7,21.9,278700,-0.0032,-0.0027,6103530.0,8687308.6
2006-11-22,21.9,21.96,21.52,21.67,287800,-0.0105,-0.0105,6236626.0,7954344.8
2006-11-24,21.68,21.8,21.51,21.62,84100,-0.0028,-0.0023,1818242.0,6685455.9
2006-11-27,21.45,21.6,20.53,20.86,304800,-0.0275,-0.0352,6358128.0,5914870.9
2006-11-28,20.73,20.95,20.53,20.68,227200,-0.0024,-0.0086,4698496.0,5935790.5
2006-11-29,21.05,21.2,20.51,20.67,989300,-0.0181,-0.0005,20448831.0,5663591.8
2006-11-30,20.64,21.7,20.4,21.44,912100,0.0388,0.0373,19555424.0,6653934.1
2006-12-01,22.0,24.0,21.82,23.05,1149300,0.0477,0.0751,26491365.0,7860715.5
2006-12-04,23.14,24.66,23.14,23.74,1215300,0.0259,0.0299,28851222.0,10059199.2
2006-12-05,23.84,23.92,23.39,23.64,665800,-0.0084,-0.0042,15739512.0,12489896.4
2006-12-06,23.5,24.03,22.8,23.91,398000,0.0174,0.0114,9516180.0,13630137.6
2006-12-07,23.91,24.01,22.71,22.87,300000,-0.0435,-0.0435,6861000.0,13971402.6
2006-12-08,22.77,22.9,22.09,22.69,428800,-0.0035,-0.0079,9729472.0,14033840.0
2006-12-11,22.0,22.68,21.89,22.43,551500,0.0195,-0.0115,12370145.0,14824963.0
2006-12-12,22.27,22.44,22.2,22.38,269500,0.0049,-0.0022,6031410.0,15426164.7
2006-12-13,22.38,22.88,22.38,22.62,283200,0.0107,0.0107,6405984.0,15559456.1
2006-12-14,22.76,23.02,22.06,22.18,679200,-0.0255,-0.0195,15064656.0,14155171.4
2006-12-15,22.15,22.86,21.72,21.8,960900,-0.0158,-0.0171,20947620.0,13706094.6
2006-12-18,21.85,22.07,21.58,21.79,579800,-0.0027,-0.0005,12633842.0,13151720.1
2006-12-19,21.6,22.26,21.23,22.04,875500,0.0204,0.0115,19296020.0,11529982.1
2006-12-20,22.04,22.1,21.34,21.36,533300,-0.0309,-0.0309,11391288.0,11885632.9
2006-12-21,21.46,22.38,21.41,22.04,417000,0.027,0.0318,9190680.0,12073143.7
2006-12-22,21.99,22.08,21.71,21.96,407600,-0.0014,-0.0036,8950896.0,12306111.7
2006-12-26,21.95,22.1,21.51,21.86,181100,-0.0041,-0.0046,3958846.0,12228254.1
2006-12-27,22.11,22.29,22.01,22.23,307800,0.0054,0.0169,6842394.0,11387124.2
2006-12-28,22.2,22.72,22.2,22.4,533400,0.009,0.0076,11948160.0,11468222.6
2006-12-29,22.41,22.6,22.16,22.4,314100,-0.0004,0.0,7035840.0,12022440.2
2007-01-03,22.6,23.26,22.58,23.17,553100,0.0252,0.0344,12815327.0,11219558.6
2007-01-04,23.18,23.86,22.8,23.7,676000,0.0224,0.0229,16021200.0,10406329.3
2007-01-05,22.84,24.05,22.84,23.26,528200,0.0184,-0.0186,12285932.0,10745065.1
2007-01-08,23.31,23.65,23.13,23.52,249600,0.009,0.0112,5870592.0,10044056.3
2007-01-09,23.5,25.29,22.95,23.42,244200,-0.0034,-0.0043,5719164.0,9491986.7
2007-01-10,23.26,23.66,23.15,23.6,249100,0.0146,0.0077,5878760.0,9144835.1
2007-01-11,23.76,24.1,23.75,23.96,415800,0.0084,0.0153,9962568.0,8837621.5
2007-01-12,23.99,24.0,23.45,23.6,236200,-0.0163,-0.015,5574320.0,9437993.7
2007-01-16,23.67,24.12,23.48,23.56,158900,-0.0046,-0.0017,3743684.0,9311186.3
2007-01-17,23.5,23.89,23.47,23.73,270800,0.0098,0.0072,6426084.0,8490738.7
2007-01-18,23.73,24.28,23.54,24.11,541200,0.016,0.016,13048332.0,8429763.1
2007-01-19,24.04,24.8,23.79,24.77,688700,0.0304,0.0274,17059099.0,8453063.6
2007-01-22,24.78,24.9,24.22,24.56,581200,-0.0089,-0.0085,14274272.0,8556853.5
2007-01-23,24.48,24.56,23.99,24.37,441800,-0.0045,-0.0077,10766666.0,8755687.5
2007-01-24,24.49,25.15,24.24,24.74,417000,0.0102,0.0152,10316580.0,9245294.9
2007-01-25,24.7,24.87,24.12,24.21,317000,-0.0198,-0.0214,7674570.0,9705036.5
2007-01-26,24.3,24.64,23.98,24.45,234900,0.0062,0.0099,5743305.0,9884617.5
2007-01-29,24.4,24.79,24.25,24.41,183200,0.0004,-0.0016,4471912.0,9462691.2
2007-01-30,24.41,24.47,24.17,24.34,274000,-0.0029,-0.0029,6669160.0,9352450.4
2007-01-31,24.24,24.9,24.12,24.68,222300,0.0182,0.014,5486364.0,9644998.0
2007-02-01,24.7,24.72,24.3,24.48,265700,-0.0089,-0.0081,6504336.0,9551026.0
2007-02-02,24.5,24.5,24.37,24.46,433000,-0.0016,-0.0008,10591180.0,8896626.4
2007-02-05,24.37,24.61,24.32,24.5,836000,0.0053,0.0016,20482000.0,8249834.5
2007-02-06,24.3,25.49,24.21,24.77,590600,0.0193,0.011,14629162.0,8870607.3
2007-02-07,24.84,25.03,24.77,25.0,248900,0.0064,0.0093,6222500.0,9256856.9
2007-02-08,24.92,25.07,24.86,25.05,178400,0.0052,0.002,4468920.0,8847448.9
2007-02-09,25.02,25.05,24.49,24.66,309500,-0.0144,-0.0156,7632270.0,8526883.9
2007-02-12,24.8,24.92,24.2,24.3,336100,-0.0202,-0.0146,8167230.0,8715780.4
2007-02-13,24.3,24.88,24.3,24.86,284300,0.023,0.023,7067698.0,9085312.2
2007-02-14,24.84,25.01,24.52,24.75,704000,-0.0036,-0.0044,17424000.0,9125166.0
2007-02-15,25.63,25.63,24.44,24.77,443400,-0.0336,0.0008,10983018.0,10318929.6
2007-02-16,24.76,25.17,24.62,24.95,381100,0.0077,0.0073,9508445.0,10766797.8
2007-02-20,24.83,24.85,24.55,24.64,518500,-0.0077,-0.0124,12775840.0,10658524.3
2007-02-21,24.54,24.76,24.48,24.65,239800,0.0045,0.0004,5911070.0,9887908.3
2007-02-22,24.65,24.7,24.15,24.41,416900,-0.0097,-0.0097,10176529.0,9016099.1
2007-02-23,24.42,24.49,24.09,24.12,525400,-0.0123,-0.0119,12672648.0,9411502.0
2007-02-26,24.18,24.28,23.95,24.16,574500,-0.0008,0.0017,13879920.0,10231874.8
2007-02-27,23.91,24.22,22.83,23.3,554000,-0.0255,-0.0356,12908200.0,10856639.8
2007-02-28,23.3,23.5,23.1,23.14,513200,-0.0069,-0.0069,11875448.0,11330736.8
2007-03-01,22.57,23.55,22.34,23.04,427200,0.0208,-0.0043,9842688.0,11811511.8
2007-03-02,22.86,23.14,22.19,22.22,466200,-0.028,-0.0356,10358964.0,11053380.6
2007-03-05,21.93,22.0,21.07,21.11,593900,-0.0374,-0.05,12537229.0,10990975.2
2007-03-06,21.41,23.31,21.26,21.75,562200,0.0159,0.0303,12227850.0,11293853.6
2007-03-07,21.75,21.75,21.12,21.21,515900,-0.0248,-0.0248,10942239.0,11239054.6
2007-03-08,21.43,22.15,21.4,22.11,654200,0.0317,0.0424,14464362.0,11742171.5
2007-03-09,22.31,22.56,21.64,22.26,291800,-0.0022,0.0068,6495468.0,12170954.8
2007-03-12,22.13,22.4,21.73,22.32,283100,0.0086,0.0027,6318792.0,11553236.8
2007-03-13,22.2,22.2,21.35,21.49,447200,-0.032,-0.0372,9610328.0,10797124.0
2007-03-14,21.43,22.14,21.25,21.76,423200,0.0154,0.0126,9208832.0,10467336.8
2007-03-15,21.79,22.4,21.79,22.21,517600,0.0193,0.0207,11495896.0,10200675.2
2007-03-16,22.21,22.33,21.92,22.04,512300,-0.0077,-0.0077,11291092.0,10365996.0
2007-03-19,22.17,22.2,21.92,22.02,205300,-0.0068,-0.0009,4520706.0,10459208.8
2007-03-20,22.0,22.64,22.0,22.59,241900,0.0268,0.0259,5464521.0,9657556.5
2007-03-21,22.58,23.05,22.03,22.91,397000,0.0146,0.0142,9095270.0,8981223.6
2007-03-22,23.03,23.03,22.58,22.92,362800,-0.0048,0.0004,8315376.0,8796526.7
2007-03-23,22.93,23.25,22.88,23.12,594500,0.0083,0.0087,13744840.0,8181628.1
2007-03-26,23.1,23.17,22.62,22.84,602300,-0.0113,-0.0121,13756532.0,8906565.3
2007-03-27,23.09,23.41,22.53,22.59,351000,-0.0217,-0.0109,7929090.0,9650339.3
2007-03-28,22.46,22.88,21.99,22.77,735300,0.0138,0.008,16742781.0,9482215.5
2007-03-29,22.99,23.11,22.27,22.63,526200,-0.0157,-0.0061,11907906.0,10235610.4
2007-03-30,22.72,23.0,21.93,22.06,588800,-0.029,-0.0252,12988928.0,10276811.4
2007-04-02,22.06,22.06,21.47,21.55,405900,-0.0231,-0.0231,8747145.0,10446595.0
2007-04-03,21.6,22.2,21.45,21.79,268900,0.0088,0.0111,5859331.0,10869238.9
2007-04-04,21.8,21.82,21.26,21.62,231800,-0.0083,-0.0078,5011516.0,10908719.9
2007-04-05,21.56,21.61,21.31,21.5,210200,-0.0028,-0.0056,4519300.0,10500344.5
2007-04-09,21.5,21.64,21.3,21.41,193400,-0.0042,-0.0042,4140694.0,10120736.9
2007-04-10,21.38,21.73,21.29,21.6,410100,0.0103,0.0089,8858160.0,9160322.3
2007-04-11,21.61,22.45,21.48,21.57,694300,-0.0019,-0.0014,14976051.0,8670485.1
2007-04-12,21.5,21.6,21.24,21.29,896300,-0.0098,-0.013,19082227.0,9375181.2
2007-04-13,21.25,21.46,21.17,21.24,968500,-0.0005,-0.0023,20570940.0,9609125.8
2007-04-16,21.32,21.78,21.32,21.71,513600,0.0183,0.0221,11150256.0,10475429.2
2007-04-17,21.69,21.79,21.49,21.73,316800,0.0018,0.0009,6884064.0,10291562.0
2007-04-18,21.59,21.79,21.34,21.49,288800,-0.0046,-0.011,6206312.0,10105253.9
2007-04-19,21.23,21.49,21.14,21.35,444000,0.0057,-0.0065,9479400.0,10139952.0
2007-04-20,22.05,22.33,21.92,22.32,389300,0.0122,0.0454,8689176.0,10586740.4
2007-04-23,22.21,22.22,21.25,21.35,698500,-0.0387,-0.0435,14912975.0,11003728.0
2007-04-24,21.35,21.5,21.22,21.3,665100,-0.0023,-0.0023,14166630.0,12080956.1
2007-04-25,21.47,21.56,21.34,21.38,254100,-0.0042,0.0038,5432658.0,12611803.1
2007-04-26,21.35,21.4,21.01,21.12,210000,-0.0108,-0.0122,4435200.0,11657463.8
2007-04-27,21.02,21.16,20.64,20.7,329300,-0.0152,-0.0199,6816510.0,10192761.1
2007-04-30,20.64,20.64,20.16,20.29,918900,-0.017,-0.0198,18644481.0,8817318.1
2007-05-01,20.25,20.37,20.01,20.22,490600,-0.0015,-0.0034,9919932.0,9566740.6
2007-05-02,20.19,20.66,20.15,20.5,457300,0.0154,0.0138,9374650.0,9870327.4
2007-05-03,20.54,20.81,20.5,20.71,324200,0.0083,0.0102,6714182.0,10187161.2
2007-05-04,20.78,21.04,20.73,20.94,565200,0.0077,0.0111,11835288.0,9910639.4
2007-05-07,20.88,21.15,20.82,21.02,420400,0.0067,0.0038,8836808.0,10225250.6
2007-05-08,20.95,21.02,20.62,20.96,535500,0.0005,-0.0029,11224080.0,9617633.9
2007-05-09,20.81,21.43,20.65,21.38,827300,0.0274,0.02,17687674.0,9323378.9
2007-05-10,21.21,21.87,21.15,21.59,927900,0.0179,0.0098,20033361.0,10548880.5
2007-05-11,20.99,21.39,20.79,21.04,1265700,0.0024,-0.0255,26630328.0,12108696.6
2007-05-14,21.04,21.22,20.96,21.03,414600,-0.0005,-0.0005,8719038.0,14090078.4
2007-05-15,21.04,21.04,20.31,20.51,1243100,-0.0252,-0.0247,25495981.0,13097534.1
2007-05-16,20.53,20.53,20.18,20.3,579400,-0.0112,-0.0102,11761820.0,14655139.0
2007-05-17,20.31,20.31,20.09,20.16,834300,-0.0074,-0.0069,16819488.0,14893856.0
2007-05-18,20.16,20.54,19.81,20.46,705900,0.0149,0.0149,14442714.0,15904386.6
2007-05-21,20.46,20.46,19.79,20.11,1401100,-0.0171,-0.0171,28176121.0,16165129.2
2007-05-22,20.22,20.22,19.95,20.1,508100,-0.0059,-0.0005,10212810.0,18099060.5
2007-05-23,20.16,20.22,19.27,19.36,1352800,-0.0397,-0.0368,26190208.0,17997933.5
2007-05-24,19.31,19.4,18.75,19.27,1816500,-0.0021,-0.0046,35003955.0,18848186.9
2007-05-25,19.42,20.31,19.42,19.9,779600,0.0247,0.0327,15514040.0,20345246.3
2007-05-29,19.99,20.13,19.75,20.05,1284700,0.003,0.0075,25758235.0,19233617.5
2007-05-30,19.88,20.73,19.59,20.47,1108900,0.0297,0.0209,22699183.0,20937537.2
2007-05-31,20.4,22.72,20.36,22.4,2581000,0.098,0.0943,57814400.0,20657857.4
2007-06-01,22.4,23.4,22.16,22.61,1569300,0.0094,0.0094,35481873.0,25263115.4
2007-06-04,22.57,23.14,22.53,22.96,642900,0.0173,0.0155,14760984.0,27129353.9
2007-06-05,22.95,23.09,22.71,23.02,677700,0.0031,0.0026,15600654.0,27161180.9
2007-06-06,23.0,23.08,22.82,22.93,1276200,-0.003,-0.0039,29263266.0,25903634.2
2007-06-07,22.83,22.85,22.1,22.67,874200,-0.007,-0.0113,19818114.0,27808679.8
2007-06-08,22.58,23.0,22.5,22.92,364100,0.0151,0.011,8345172.0,27171470.4
2007-06-11,22.93,23.63,22.93,23.17,343800,0.0105,0.0109,7965846.0,24505592.1
2007-06-12,22.94,22.94,22.39,22.77,723100,-0.0074,-0.0173,16464987.0,23750772.7
2007-06-13,22.84,22.84,22.3,22.52,520200,-0.014,-0.011,11714904.0,22821447.9
2007-06-14,22.6,23.37,22.6,22.99,413000,0.0173,0.0209,9494870.0,21723020.0
2007-06-15,23.37,24.07,23.28,23.61,1064700,0.0103,0.027,25137567.0,16891067.0
2007-06-18,23.62,24.09,23.57,24.05,841800,0.0182,0.0186,20245290.0,15856636.4
2007-06-19,23.9,23.98,23.29,23.9,437900,0.0,-0.0062,10465810.0,16405067.0
2007-06-20,23.92,23.92,23.21,23.25,391100,-0.028,-0.0272,9093075.0,15891582.6
2007-06-21,23.1,23.13,22.75,22.98,511400,-0.0052,-0.0116,11751972.0,13874563.5
2007-06-22,22.98,23.11,22.52,22.96,711900,-0.0009,-0.0009,16345224.0,13067949.3
2007-06-25,22.9,22.99,22.3,22.35,488400,-0.024,-0.0266,10915740.0,13867954.5
2007-06-26,22.4,22.61,22.0,22.43,596200,0.0013,0.0036,13372766.0,14162943.9
2007-06-27,22.24,22.92,21.88,22.92,351700,0.0306,0.0218,8060964.0,13853721.8
2007-06-28,22.95,23.46,22.48,22.58,457600,-0.0161,-0.0148,10332608.0,13488327.8
2007-06-29,22.7,22.91,22.22,22.38,581300,-0.0141,-0.0089,13009494.0,13572101.6
2007-07-02,22.42,22.83,22.19,22.55,363100,0.0058,0.0076,8187905.0,12359294.3
2007-07-03,22.55,22.72,22.23,22.59,230000,0.0018,0.0018,5195700.0,11153555.8
2007-07-05,22.59,22.83,22.52,22.61,474600,0.0009,0.0009,10730706.0,10626544.8
2007-07-06,22.69,22.88,22.59,22.87,393200,0.0079,0.0115,8992484.0,10790307.9
2007-07-09,22.9,23.06,22.74,23.01,324000,0.0048,0.0061,7455240.0,10514359.1
2007-07-10,21.95,22.11,21.07,21.29,3938900,-0.0301,-0.0748,83859181.0,9625360.7
2007-07-11,21.1,21.63,21.05,21.5,4988500,0.019,0.0099,107252750.0,16919704.8
2007-07-12,21.59,22.23,21.38,22.13,1905500,0.025,0.0293,42168715.0,26307703.2
2007-07-13,22.12,23.0,21.51,22.84,2556200,0.0325,0.0321,58383608.0,29718478.3
2007-07-16,22.8,22.98,22.35,22.91,711500,0.0048,0.0031,16300465.0,34523578.3
2007-07-17,22.9,23.19,22.1,23.06,1040000,0.007,0.0065,23982400.0,34852675.4
2007-07-18,22.96,22.96,22.25,22.75,1096800,-0.0091,-0.0134,24952200.0,36432124.9
2007-07-19,22.88,23.27,22.84,22.99,1205400,0.0048,0.0105,27712146.0,38407774.9
2007-07-20,22.94,23.08,22.3,22.63,482300,-0.0135,-0.0157,10914449.0,40105918.9
2007-07-23,22.68,22.71,22.28,22.34,333800,-0.015,-0.0128,7457092.0,40298115.4
2007-07-24,22.02,22.18,21.4,21.65,813000,-0.0168,-0.0309,17601450.0,40298300.6
2007-07-25,21.79,21.81,21.0,21.52,519000,-0.0124,-0.006,11168880.0,33672527.5
2007-07-26,21.19,21.34,19.81,20.85,804200,-0.016,-0.0311,16767570.0,24064140.5
2007-07-27,20.25,20.6,19.74,20.14,912700,-0.0054,-0.0341,18381778.0,21524026.0
2007-07-30,20.01,20.1,19.51,19.79,589400,-0.011,-0.0174,11664226.0,17523843.0
2007-07-31,20.04,20.29,19.59,19.86,903700,-0.009,0.0035,17947482.0,17060219.1
2007-08-01,20.01,20.34,19.75,20.0,824100,-0.0005,0.007,16482000.0,16456727.3
2007-08-02,20.0,20.07,19.79,19.96,666700,-0.002,-0.002,13307332.0,15609707.3
2007-08-03,19.91,19.97,18.7,18.71,698700,-0.0603,-0.0626,13072677.0,14169225.9
2007-08-06,18.74,19.01,17.2,17.57,1962700,-0.0624,-0.0609,34484639.0,14385048.7
2007-08-07,17.44,17.5,16.85,17.4,1224300,-0.0023,-0.0097,21302820.0,17087803.4
2007-08-08,17.54,20.46,17.43,19.46,2324400,0.1095,0.1184,45232824.0,17457940.4
2007-08-09,19.46,19.46,18.61,19.42,1290600,-0.0021,-0.0021,25063452.0,20864334.8
2007-08-10,19.07,22.95,18.0,22.68,3247200,0.1893,0.1679,73646496.0,21693923.0
2007-08-13,22.25,22.65,20.68,20.88,718900,-0.0616,-0.0794,15010632.0,27220394.8
2007-08-14,20.98,21.02,20.32,20.37,352800,-0.0291,-0.0244,7186536.0,27555035.4
2007-08-15,20.38,20.91,19.8,19.81,480500,-0.028,-0.0275,9518705.0,26478940.8
2007-08-16,19.89,20.82,19.05,20.01,1211400,0.006,0.0101,24240114.0,25782611.3
2007-08-17,20.01,22.0,19.8,20.89,1254500,0.044,0.044,26206505.0,26875889.5
2007-08-20,21.0,21.22,20.53,20.92,392700,-0.0038,0.0014,8215284.0,28189272.3
2007-08-21,20.88,21.31,20.27,20.41,683800,-0.0225,-0.0244,13956358.0,25562336.8
2007-08-22,20.5,21.0,20.17,20.24,550400,-0.0127,-0.0083,11140096.0,24827690.6
2007-08-23,20.41,21.17,20.3,21.16,594200,0.0367,0.0455,12573272.0,21418417.8
2007-08-24,21.13,21.35,20.71,21.26,385100,0.0062,0.0047,8187226.0,20169399.8
2007-08-27,21.24,21.3,20.92,21.04,375600,-0.0094,-0.0103,7902624.0,13623472.8
2007-08-28,20.89,21.17,20.61,20.61,327500,-0.0134,-0.0204,6749775.0,12912672.0
2007-08-29,20.77,21.09,20.41,21.05,329100,0.0135,0.0213,6927555.0,12868995.9
2007-08-30,20.81,21.11,20.45,20.61,361400,-0.0096,-0.0209,7448454.0,12609880.9
2007-08-31,20.93,20.93,20.31,20.7,228800,-0.011,0.0044,4736160.0,10930714.9
2007-09-04,20.6,21.48,20.52,21.09,212000,0.0238,0.0188,4471080.0,8783680.4
2007-09-05,21.0,21.13,20.43,20.72,426300,-0.0133,-0.0175,8832936.0,8409260.0
2007-09-06,20.83,21.14,20.27,21.11,425100,0.0134,0.0188,8973861.0,7896917.8
2007-09-07,21.88,21.88,20.0,20.3,1201600,-0.0722,-0.0384,24392480.0,7680294.3
2007-09-10,20.39,20.69,19.96,20.08,475700,-0.0152,-0.0108,9552056.0,8862215.1
2007-09-11,20.15,20.74,19.8,20.67,865600,0.0258,0.0294,17891952.0,8998698.1
2007-09-12,20.58,20.59,20.0,20.15,394900,-0.0209,-0.0252,7957235.0,9997630.9
2007-09-13,20.33,20.84,19.96,20.55,442100,0.0108,0.0199,9085155.0,10118376.9
2007-09-14,20.34,20.73,19.9,20.73,561100,0.0192,0.0088,11631603.0,10334136.9
2007-09-17,20.64,20.66,19.46,19.86,1379300,-0.0378,-0.042,27392898.0,10752451.8
2007-09-18,19.93,21.0,19.59,20.92,387700,0.0497,0.0534,8110684.0,13018125.6
2007-09-19,21.15,21.39,20.42,20.73,570100,-0.0199,-0.0091,11818173.0,13382086.0
2007-09-20,21.01,22.0,20.94,21.25,491400,0.0114,0.0251,10442250.0,13680609.7
2007-09-21,21.45,21.45,20.32,20.76,850500,-0.0322,-0.0231,17656380.0,13827448.6
2007-09-24,20.8,21.1,20.54,20.83,321900,0.0014,0.0034,6705177.0,13153838.6
2007-09-25,20.66,21.06,20.51,20.84,470400,0.0087,0.0005,9803136.0,12869150.7
2007-09-26,21.48,21.48,20.6,20.63,648400,-0.0396,-0.0101,13376492.0,12060269.1
2007-09-27,20.76,21.0,20.14,20.69,630200,-0.0034,0.0029,13038838.0,12602194.8
2007-09-28,20.66,21.4,20.66,21.25,314100,0.0286,0.0271,6674625.0,12997563.1
2007-10-01,21.29,22.5,21.1,22.47,577900,0.0554,0.0574,12985413.0,12501865.3
2007-10-02,22.5,23.0,22.25,22.94,424400,0.0196,0.0209,9735736.0,11061116.8
2007-10-03,22.76,22.92,22.21,22.5,319900,-0.0114,-0.0192,7197750.0,11223622.0
2007-10-04,22.5,23.08,21.79,22.13,1077100,-0.0164,-0.0164,23836223.0,10761579.7
2007-10-05,22.34,23.4,22.06,23.08,913800,0.0331,0.0429,21090504.0,12100977.0
2007-10-08,23.08,23.16,22.72,22.96,255900,-0.0052,-0.0052,5875464.0,12444389.4
2007-10-09,22.93,23.68,22.78,23.68,356300,0.0327,0.0314,8437184.0,12361418.1
2007-10-10,23.77,24.03,23.32,23.36,476000,-0.0172,-0.0135,11119360.0,12224822.9
2007-10-11,23.57,23.85,22.31,22.49,842600,-0.0458,-0.0372,18950074.0,11999109.7
2007-10-12,22.43,23.09,22.06,22.17,493900,-0.0116,-0.0142,10949763.0,12590233.3
2007-10-15,22.02,22.15,21.11,21.42,918300,-0.0272,-0.0338,19669986.0,13017747.1
2007-10-16,21.32,21.56,20.55,21.45,847400,0.0061,0.0014,18176730.0,13686204.4
2007-10-17,21.74,22.0,20.58,20.84,713900,-0.0414,-0.0284,14877676.0,14530303.8
2007-10-18,20.8,21.05,19.98,20.16,812300,-0.0308,-0.0326,16375968.0,15298296.4
2007-10-19,20.14,20.21,19.35,19.53,740800,-0.0303,-0.0312,14467824.0,14552270.9
2007-10-22,19.31,20.36,19.04,20.23,626400,0.0476,0.0358,12672072.0,13890002.9
2007-10-23,20.46,20.74,19.81,20.07,310500,-0.0191,-0.0079,6231735.0,14569663.7
2007-10-24,19.94,20.25,19.35,20.04,391000,0.005,-0.0015,7835640.0,14349118.8
2007-10-25,20.1,20.45,19.82,19.93,474000,-0.0085,-0.0055,9446820.0,14020746.8
2007-10-26,20.18,20.41,19.73,20.4,222400,0.0109,0.0236,4536960.0,13070421.4
2007-10-29,20.47,20.54,20.06,20.46,260100,-0.0005,0.0029,5321646.0,12429141.1
2007-10-30,20.22,20.42,20.0,20.25,303900,0.0015,-0.0103,6153975.0,10994307.1
2007-10-31,20.29,20.54,19.88,20.44,345300,0.0074,0.0094,7057932.0,9792031.6
2007-11-01,20.02,20.16,18.65,19.0,955200,-0.0509,-0.0705,18148800.0,9010057.2
2007-11-02,19.27,19.69,18.83,19.34,682700,0.0036,0.0179,13203418.0,9187340.4
2007-11-05,19.34,19.58,18.65,19.49,1035800,0.0078,0.0078,20187742.0,9060899.8
2007-11-06,19.29,19.54,18.8,19.16,480000,-0.0067,-0.0169,9196800.0,9812466.8
2007-11-07,18.96,19.01,17.89,17.97,703700,-0.0522,-0.0621,12645489.0,10108973.3
2007-11-08,18.21,18.55,17.68,18.34,682800,0.0071,0.0206,12522552.0,10589958.2
2007-11-09,17.88,17.99,15.23,15.79,2651900,-0.1169,-0.139,41873501.0,10897531.4
2007-11-12,15.8,16.54,15.32,16.37,2178900,0.0361,0.0367,35668593.0,14631185.5
2007-11-13,16.49,16.75,15.72,16.38,1068400,-0.0067,0.0006,17500392.0,17665880.2
2007-11-14,16.52,16.6,15.59,15.98,1446900,-0.0327,-0.0244,23121462.0,18800521.9
2007-11-15,15.81,16.34,15.34,16.33,1011600,0.0329,0.0219,16519428.0,20406874.9
2007-11-16,16.41,16.52,15.83,16.23,1225200,-0.011,-0.0061,19884996.0,20243937.7
2007-11-19,16.23,16.23,15.48,15.61,1646300,-0.0382,-0.0382,25698743.0,20912095.5
2007-11-20,15.7,15.7,13.97,14.3,1000800,-0.0892,-0.0839,14311440.0,21463195.6
2007-11-21,14.06,14.56,13.78,14.56,912100,0.0356,0.0182,13280176.0,21974659.6
2007-11-23,14.74,14.83,14.02,14.59,279100,-0.0102,0.0021,4072069.0,22038128.3
2007-11-26,14.77,14.79,13.62,13.68,832200,-0.0738,-0.0624,11384496.0,21193080.0
2007-11-27,13.74,13.79,12.96,13.16,988300,-0.0422,-0.038,13006028.0,18144179.5
2007-11-28,13.35,13.6,12.86,13.6,1256200,0.0187,0.0334,17084320.0,15877923.0
2007-11-29,13.6,13.93,13.2,13.56,936500,-0.0029,-0.0029,12698940.0,15836315.8
2007-11-30,13.9,14.24,13.37,13.42,1422100,-0.0345,-0.0103,19084582.0,14794063.6
2007-12-03,13.6,13.6,12.69,13.12,882500,-0.0353,-0.0224,11578400.0,15050579.0
2007-12-04,12.99,13.27,12.68,12.91,693800,-0.0062,-0.016,8956958.0,14219919.4
2007-12-05,13.08,13.27,12.5,12.56,1177400,-0.0398,-0.0271,14788144.0,12545740.9
2007-12-06,12.5,13.66,12.5,13.66,871500,0.0928,0.0876,11904690.0,12593411.3
2007-12-07,13.67,13.83,13.37,13.57,711500,-0.0073,-0.0066,9655055.0,12455862.7
2007-12-10,13.57,14.78,13.51,14.36,975700,0.0582,0.0582,14011052.0,13014161.3
2007-12-11,14.46,14.89,14.04,14.21,1179100,-0.0173,-0.0104,16755011.0,13276816.9
2007-12-12,14.58,15.02,14.46,14.83,1223700,0.0171,0.0436,18147471.0,13651715.2
2007-12-13,14.67,15.0,14.17,14.76,891700,0.0061,-0.0047,13161492.0,13758030.3
2007-12-14,14.5,14.67,13.98,14.02,733200,-0.0331,-0.0501,10279464.0,13804285.5
2007-12-17,13.78,14.1,13.58,13.58,486400,-0.0145,-0.0314,6605312.0,12923773.7
2007-12-18,13.72,13.8,13.17,13.3,1189400,-0.0306,-0.0206,15819020.0,12426464.9
2007-12-19,13.33,14.09,13.32,14.02,1255800,0.0518,0.0541,17606316.0,13112671.1
2007-12-20,14.14,14.14,13.29,14.12,1078900,-0.0014,0.0071,15234068.0,13394488.3
2007-12-21,14.36,15.47,14.36,15.45,1025100,0.0759,0.0942,15837795.0,13727426.1
2007-12-24,15.48,15.48,14.55,14.83,302300,-0.042,-0.0401,4483109.0,14345700.1
2007-12-26,14.75,15.59,14.75,15.4,384100,0.0441,0.0384,5915140.0,13392905.8
2007-12-27,15.4,15.46,14.5,14.54,430200,-0.0558,-0.0558,6255108.0,12308918.7
2007-12-28,14.54,15.08,14.54,14.67,228400,0.0089,0.0089,3350628.0,11119682.4
2007-12-31,14.55,14.74,14.12,14.52,572000,-0.0021,-0.0102,8305440.0,10138596.0
2008-01-02,14.45,14.66,13.8,14.13,610700,-0.0221,-0.0269,8629191.0,9941193.6
2008-01-03,14.28,14.64,14.13,14.36,705500,0.0056,0.0163,10130980.0,10143581.5
2008-01-04,14.2,14.25,13.65,13.72,856500,-0.0338,-0.0446,11751180.0,9574777.5
2008-01-07,13.81,14.4,13.7,14.18,749600,0.0268,0.0335,10629328.0,8989263.9
2008-01-08,14.29,15.04,14.0,14.03,1120200,-0.0182,-0.0106,15716406.0,8528789.9
2008-01-09,14.02,14.02,12.79,13.42,1062600,-0.0428,-0.0435,14260092.0,8516651.0
2008-01-10,13.24,13.78,13.01,13.36,567700,0.0091,-0.0045,7584472.0,9494349.3
2008-01-11,13.28,13.98,13.03,13.42,825800,0.0105,0.0045,11082236.0,9661282.5
2008-01-14,13.58,13.59,12.05,12.76,1239000,-0.0604,-0.0492,15809640.0,10143995.3
2008-01-15,12.71,13.02,12.33,12.59,602000,-0.0094,-0.0133,7579180.0,11389896.5
2008-01-16,12.65,13.04,12.33,12.85,1240200,0.0158,0.0207,15936570.0,11317270.5
2008-01-17,12.92,12.92,11.48,11.88,1116200,-0.0805,-0.0755,13260456.0,12048008.4
2008-01-18,11.9,11.93,10.68,10.87,1753200,-0.0866,-0.085,19057284.0,12360956.0
2008-01-22,10.46,10.47,9.76,9.82,2403500,-0.0612,-0.0966,23602370.0,13091566.4
2008-01-23,9.57,9.75,9.4,9.62,2293900,0.0052,-0.0204,22067318.0,14388870.6
2008-01-24,9.61,10.33,9.26,10.25,1315700,0.0666,0.0655,13485925.0,15023961.8
2008-01-25,10.42,10.67,9.8,10.02,1127700,-0.0384,-0.0224,11299554.0,14946545.1
2008-01-28,9.98,10.44,9.87,10.25,641200,0.0271,0.023,6572300.0,15318053.3
2008-01-29,10.33,10.46,10.1,10.3,846300,-0.0029,0.0049,8716890.0,14867059.7
2008-01-30,10.13,10.55,9.96,10.49,1049000,0.0355,0.0184,11004010.0,14157784.7
2008-01-31,10.28,10.99,10.09,10.9,965500,0.0603,0.0391,10523950.0,14500267.7
2008-02-01,10.82,11.61,10.82,11.52,831500,0.0647,0.0569,9578880.0,13959005.7
2008-02-04,11.47,11.94,11.39,11.75,1012600,0.0244,0.02,11898050.0,13590848.1
2008-02-05,11.54,11.69,10.89,10.94,542500,-0.052,-0.0689,5934950.0,12874924.7
2008-02-06,11.07,11.41,10.62,10.65,508200,-0.0379,-0.0265,5412330.0,11108182.7
2008-02-07,10.63,11.32,10.53,10.66,507400,0.0028,0.0009,5408884.0,9442683.9
2008-02-08,10.62,10.81,10.23,10.5,350000,-0.0113,-0.015,3675000.0,8634979.8
2008-02-11,10.45,10.59,10.17,10.46,329200,0.001,-0.0038,3443432.0,7872524.4
2008-02-12,10.7,11.3,10.7,11.25,1626800,0.0514,0.0755,18301500.0,7559637.6
2008-02-13,11.33,11.9,11.28,11.74,801200,0.0362,0.0436,9406088.0,8518098.6
2008-02-14,11.79,11.79,11.16,11.25,710800,-0.0458,-0.0417,7996500.0,8358306.4
2008-02-15,11.17,11.37,11.14,11.28,526100,0.0098,0.0027,5934408.0,8105561.4
2008-02-19,11.48,11.58,11.13,11.17,461800,-0.027,-0.0098,5158306.0,7741114.2
2008-02-20,11.11,11.89,10.99,11.62,687300,0.0459,0.0403,7986426.0,7067139.8
2008-02-21,11.72,11.91,10.95,11.13,1049700,-0.0503,-0.0422,11683161.0,7272287.4
2008-02-22,11.1,11.25,10.89,11.2,728800,0.009,0.0063,8162560.0,7899370.5
2008-02-25,11.23,11.59,10.86,11.51,1084800,0.0249,0.0277,12486048.0,8174738.1
2008-02-26,11.41,12.03,11.39,12.0,916300,0.0517,0.0426,10995600.0,9055842.9
2008-02-27,11.83,12.21,11.67,12.07,852900,0.0203,0.0058,10294503.0,9811059.7
2008-02-28,12.26,12.57,12.01,12.2,810500,-0.0049,0.0108,9888100.0,9010360.0
2008-02-29,11.09,12.07,11.0,11.87,1686400,0.0703,-0.027,20017568.0,9058561.2
2008-03-03,11.94,12.01,11.34,11.54,1184300,-0.0335,-0.0278,13666822.0,10260668.0
2008-03-04,11.4,11.61,11.09,11.56,635100,0.014,0.0017,7341756.0,11033909.4
2008-03-05,11.7,12.03,11.56,11.96,996800,0.0222,0.0346,11921728.0,11252254.4
2008-03-06,11.87,11.92,11.41,11.47,885600,-0.0337,-0.041,10157832.0,11645784.6
2008-03-07,11.28,11.76,11.26,11.51,587700,0.0204,0.0035,6764427.0,11493251.7
2008-03-10,11.53,11.71,10.91,10.97,1810600,-0.0486,-0.0469,19862282.0,11353438.4
2008-03-11,11.3,11.61,10.89,11.01,873200,-0.0257,0.0036,9613932.0,12091061.8
2008-03-12,10.97,11.07,10.58,10.63,846400,-0.031,-0.0345,8997232.0,11952895.0
2008-03-13,10.51,11.26,10.5,11.17,797800,0.0628,0.0508,8911426.0,11823167.9
2008-03-14,11.17,11.27,10.28,10.48,974800,-0.0618,-0.0618,10215904.0,11725500.5
2008-03-17,10.29,10.29,9.76,9.83,784100,-0.0447,-0.062,7707703.0,10745334.1
2008-03-18,9.9,11.02,9.85,10.77,1533600,0.0879,0.0956,16516872.0,10149422.2
2008-03-19,10.77,11.12,10.6,10.62,578000,-0.0139,-0.0139,6138360.0,11066933.8
2008-03-20,10.78,11.02,10.35,11.0,2653100,0.0204,0.0358,29184100.0,10488597.0
2008-03-24,11.0,12.0,10.85,11.81,1276900,0.0736,0.0736,15080189.0,12391223.8
2008-03-25,11.79,12.33,11.76,12.14,1287800,0.0297,0.0279,15633892.0,13222800.0
2008-03-26,12.06,12.27,11.75,11.98,576100,-0.0066,-0.0132,6901678.0,12799961.0
2008-03-27,12.04,12.27,11.93,11.93,482300,-0.0091,-0.0042,5753839.0,12528735.6
2008-03-28,12.0,12.36,11.8,11.83,687300,-0.0142,-0.0084,8130759.0,12204396.3
2008-03-31,12.11,12.49,12.02,12.13,826000,0.0017,0.0254,10019380.0,12126329.6
2008-04-01,12.31,13.02,12.19,12.81,933600,0.0406,0.0561,11959416.0,12106677.2
2008-04-02,12.78,13.05,12.61,12.7,770400,-0.0063,-0.0086,9784080.0,12531848.5
2008-04-03,12.63,13.26,12.51,13.04,404600,0.0325,0.0268,5275984.0,11858569.3
2008-04-04,13.08,13.13,12.47,13.11,420400,0.0023,0.0054,5511444.0,11772331.7
2008-04-07,13.28,13.57,12.83,13.44,523000,0.012,0.0252,7029120.0,9405066.1
2008-04-08,13.15,13.58,12.82,13.17,412000,0.0015,-0.0201,5426040.0,8599959.2
2008-04-09,13.24,13.44,12.47,12.5,482000,-0.0559,-0.0509,6025000.0,7579174.0
2008-04-10,12.4,13.37,12.18,13.29,624100,0.0718,0.0632,8294289.0,7491506.2
2008-04-11,13.05,13.46,12.75,12.77,828800,-0.0215,-0.0391,10583776.0,7745551.2
2008-04-14,12.84,12.98,12.46,12.47,384100,-0.0288,-0.0235,4789727.0,7990852.9
2008-04-15,12.55,12.55,12.1,12.33,374500,-0.0175,-0.0112,4617585.0,7467887.6
2008-04-16,12.47,13.18,12.37,13.16,444500,0.0553,0.0673,5849620.0,6733704.5
2008-04-17,13.05,13.2,12.89,13.06,241100,0.0008,-0.0076,3148766.0,6340258.5
2008-04-18,13.14,13.58,12.66,13.5,718100,0.0274,0.0337,9694350.0,6127536.7
2008-04-21,13.36,13.61,13.27,13.51,725000,0.0112,0.0007,9794750.0,6545827.3
2008-04-22,13.47,13.71,13.4,13.52,859900,0.0037,0.0007,11625848.0,6822390.3
2008-04-23,13.58,13.73,13.37,13.65,556700,0.0052,0.0096,7598955.0,7442371.1
2008-04-24,13.68,14.0,13.44,13.91,504300,0.0168,0.019,7014813.0,7599766.6
2008-04-25,14.01,14.15,13.5,13.9,404900,-0.0079,-0.0007,5628110.0,7471819.0
2008-04-28,13.87,14.04,13.71,13.76,540100,-0.0079,-0.0101,7431776.0,6976252.4
2008-04-29,13.76,13.97,13.58,13.73,594400,-0.0022,-0.0022,8161112.0,7240457.3
2008-04-30,13.95,14.05,13.43,13.79,634700,-0.0115,0.0044,8752513.0,7594810.0
2008-05-01,13.85,14.47,13.76,14.4,552600,0.0397,0.0442,7957440.0,7885099.3
2008-05-02,14.62,14.92,14.24,14.39,361400,-0.0157,-0.0007,5200546.0,8365966.7
2008-05-05,14.39,14.39,13.52,13.94,638900,-0.0313,-0.0313,8906266.0,7916586.3
2008-05-06,13.88,14.3,13.68,14.17,479300,0.0209,0.0165,6791681.0,7827737.9
2008-05-07,14.21,14.39,13.93,14.0,504400,-0.0148,-0.012,7061600.0,7344321.2
2008-05-08,14.1,14.2,13.77,14.11,378000,0.0007,0.0079,5333580.0,7290585.7
2008-05-09,14.11,14.11,12.64,13.5,689800,-0.0432,-0.0432,9312300.0,7122462.4
2008-05-12,13.35,14.34,13.35,14.21,718700,0.0644,0.0526,10212727.0,7490881.4
2008-05-13,14.16,15.24,14.16,15.12,616400,0.0678,0.064,9319968.0,7768976.5
2008-05-14,15.13,15.49,15.02,15.2,375500,0.0046,0.0053,5707600.0,7884862.1
2008-05-15,15.23,15.92,15.09,15.84,524800,0.0401,0.0421,8312832.0,7580370.8
2008-05-16,16.0,16.15,15.33,15.52,972900,-0.03,-0.0202,15099408.0,7615910.0
2008-05-19,15.55,15.55,14.98,15.28,582200,-0.0174,-0.0155,8896016.0,8605796.2
2008-05-20,15.18,15.39,14.94,15.11,602300,-0.0046,-0.0111,9100753.0,8604771.2
2008-05-21,15.1,15.49,14.71,14.89,484300,-0.0139,-0.0146,7211227.0,8835678.4
2008-05-22,14.89,15.38,14.68,14.68,581800,-0.0141,-0.0141,8540824.0,8850641.1
2008-05-23,14.57,14.82,14.01,14.5,801100,-0.0048,-0.0123,11615950.0,9171365.5
2008-05-27,14.46,14.63,14.3,14.58,511600,0.0083,0.0055,7459128.0,9401730.5
2008-05-28,14.67,15.25,14.66,15.01,601500,0.0232,0.0295,9028515.0,9126370.6
2008-05-29,14.99,15.81,14.99,15.6,559300,0.0407,0.0393,8725080.0,9097225.3
2008-05-30,15.46,15.5,15.0,15.15,484000,-0.0201,-0.0288,7332600.0,9398973.3
2008-06-02,15.15,15.25,14.25,14.62,540000,-0.035,-0.035,7894800.0,9300950.1
2008-06-03,14.71,14.9,14.27,14.48,635800,-0.0156,-0.0096,9206384.0,8580489.3
2008-06-04,14.39,14.84,14.31,14.38,407500,-0.0007,-0.0069,5859850.0,8611526.1
2008-06-05,14.39,14.85,14.3,14.71,295200,0.0222,0.0229,4342392.0,8287435.8
2008-06-06,14.61,14.61,13.98,14.09,386400,-0.0356,-0.0421,5444376.0,8000552.3
2008-06-09,14.11,14.11,13.02,13.34,825700,-0.0546,-0.0532,11014838.0,7690907.5
2008-06-10,13.48,13.7,13.2,13.53,477300,0.0037,0.0142,6457869.0,7630796.3
2008-06-11,13.44,13.44,12.93,12.98,626100,-0.0342,-0.0407,8126778.0,7530670.4
2008-06-12,12.86,13.3,12.77,12.87,1148400,0.0008,-0.0085,14779908.0,7440496.7
2008-06-13,13.02,13.32,12.75,13.1,572700,0.0061,0.0179,7502370.0,8045979.5
2008-06-16,13.0,13.48,12.89,13.43,523000,0.0331,0.0252,7023890.0,8062956.5
2008-06-17,13.45,13.5,13.06,13.35,516900,-0.0074,-0.006,6900615.0,7975865.5
2008-06-18,13.26,13.29,12.48,12.66,760800,-0.0452,-0.0517,9631728.0,7745288.6
2008-06-19,12.66,13.27,12.62,13.0,444600,0.0269,0.0269,5779800.0,8122476.4
2008-06-20,12.77,12.8,11.69,11.73,2737300,-0.0814,-0.0977,32108529.0,8266217.2
2008-06-23,11.73,11.91,11.17,11.27,1645400,-0.0392,-0.0392,18543658.0,10932632.5
2008-06-24,11.14,11.25,10.84,11.19,1293500,0.0045,-0.0071,14474265.0,11685514.5
2008-06-25,11.24,11.42,10.88,11.0,995700,-0.0214,-0.017,10952700.0,12487154.1
2008-06-26,10.89,10.94,10.61,10.61,523100,-0.0257,-0.0355,5550091.0,12769746.3
2008-06-27,10.61,10.78,10.33,10.49,1202300,-0.0113,-0.0113,12612127.0,11846764.6
2008-06-30,11.34,11.34,10.23,10.58,734200,-0.067,0.0086,7767836.0,12357740.3
2008-07-01,10.44,10.65,10.07,10.37,731700,-0.0067,-0.0198,7587729.0,12432134.9
2008-07-02,10.45,10.45,9.9,10.01,962700,-0.0421,-0.0347,9636627.0,12500846.3
2008-07-03,10.0,10.0,9.6,9.93,290800,-0.007,-0.008,2887644.0,12501336.2
2008-07-07,10.33,10.33,9.76,9.89,1143000,-0.0426,-0.004,11304270.0,12212120.6
2008-07-08,9.95,10.79,9.9,10.69,1096100,0.0744,0.0809,11717309.0,10131694.7
2008-07-09,10.71,10.71,10.0,10.16,606000,-0.0514,-0.0496,6156960.0,9449059.8
2008-07-10,10.27,10.27,9.61,10.04,1086900,-0.0224,-0.0118,10912476.0,8617329.3
2008-07-11,9.79,10.63,9.79,10.52,1089900,0.0746,0.0478,11465748.0,8613306.9
2008-07-14,10.59,10.75,10.3,10.39,1020300,-0.0189,-0.0124,10600917.0,9204872.6
2008-07-15,10.26,10.64,9.86,10.3,1077300,0.0039,-0.0087,11096190.0,9003751.6
2008-07-16,10.38,11.04,10.13,10.92,802900,0.052,0.0602,8767668.0,9336587.0
2008-07-17,10.86,11.58,10.81,11.46,1298600,0.0552,0.0495,14881956.0,9454580.9
2008-07-18,11.33,11.45,10.93,11.24,749200,-0.0079,-0.0192,8421008.0,9979113.8
2008-07-21,11.29,11.73,11.24,11.38,524500,0.008,0.0125,5968810.0,10532450.2
2008-07-22,11.3,12.15,11.16,12.05,806400,0.0664,0.0589,9717120.0,9998904.2
2008-07-23,11.94,13.18,11.94,12.71,977100,0.0645,0.0548,12418941.0,9798885.3
2008-07-24,13.26,13.5,12.3,12.42,751800,-0.0633,-0.0228,9337356.0,10425083.4
2008-07-25,12.56,13.31,12.55,12.67,665700,0.0088,0.0201,8434419.0,10267571.4
2008-07-28,12.64,12.64,11.71,11.81,483700,-0.0657,-0.0679,5712497.0,9964438.5
2008-07-29,11.9,13.03,11.89,12.72,664200,0.0689,0.0771,8448624.0,9475596.5
2008-07-30,12.78,13.0,12.23,12.35,604700,-0.0336,-0.0291,7468045.0,9210839.9
2008-07-31,12.09,12.92,12.05,12.62,595900,0.0438,0.0219,7520258.0,9080877.6
2008-08-01,12.63,12.87,11.87,12.26,1010100,-0.0293,-0.0285,12383826.0,8344707.8
2008-08-04,12.28,12.65,11.99,12.21,919800,-0.0057,-0.0041,11230758.0,8740989.6
2008-08-05,12.42,13.22,12.38,13.16,681300,0.0596,0.0778,8965908.0,9267184.4
2008-08-06,13.09,13.37,12.68,13.17,422900,0.0061,0.0008,5569593.0,9192063.2
2008-08-07,12.91,13.11,12.54,12.62,625600,-0.0225,-0.0418,7895072.0,8507128.4
2008-08-08,14.24,16.38,13.98,16.15,5380600,0.1341,0.2797,86896690.0,8362900.0
2008-08-11,15.88,16.65,15.88,16.35,2305900,0.0296,0.0124,37701465.0,16209127.1
2008-08-12,16.08,17.03,16.08,16.38,2283100,0.0187,0.0018,37397178.0,19408023.9
2008-08-13,16.19,16.63,16.17,16.26,1550400,0.0043,-0.0073,25209504.0,22302879.3
2008-08-14,16.18,16.94,16.18,16.92,1565500,0.0457,0.0406,26488260.0,24077025.2
2008-08-15,17.02,17.5,16.68,17.48,923000,0.027,0.0331,16134040.0,25973825.4
2008-08-18,17.55,17.87,17.01,17.12,748800,-0.0245,-0.0206,12819456.0,26348846.8
2008-08-19,16.63,17.19,16.63,16.89,718100,0.0156,-0.0134,12128709.0,26507716.6
2008-08-20,16.89,17.22,16.53,17.0,755600,0.0065,0.0065,12845200.0,26823996.7
2008-08-21,16.81,16.85,15.92,16.09,883800,-0.0428,-0.0535,14220342.0,27551557.4
2008-08-22,16.25,16.32,15.65,16.0,930500,-0.0154,-0.0056,14888000.0,28184084.4
2008-08-25,15.92,16.12,15.45,15.79,877500,-0.0082,-0.0131,13855725.0,20983215.4
2008-08-26,15.82,16.0,15.21,15.67,1051400,-0.0095,-0.0076,16475438.0,18598641.4
2008-08-27,15.71,16.08,15.2,15.88,920700,0.0108,0.0134,14620716.0,16506467.4
2008-08-28,15.9,16.62,15.45,16.4,1798700,0.0314,0.0327,29498680.0,15447588.6
2008-08-29,16.19,16.39,15.91,16.05,840000,-0.0086,-0.0213,13482000.0,15748630.6
2008-09-02,16.38,16.73,15.76,16.03,886900,-0.0214,-0.0012,14217007.0,15483426.6
2008-09-03,15.96,16.32,15.59,16.17,1087500,0.0132,0.0087,17584875.0,15623181.7
2008-09-04,15.86,16.11,15.53,15.58,699500,-0.0177,-0.0365,10898210.0,16168798.3
2008-09-05,15.59,16.2,15.48,15.97,904900,0.0244,0.025,14451253.0,15974099.3
2008-09-08,16.52,16.94,15.79,16.17,992600,-0.0212,0.0125,16050342.0,15997190.4
2008-09-09,16.11,16.67,15.23,15.24,1132900,-0.054,-0.0575,17265396.0,16113424.6
2008-09-10,15.53,16.1,15.0,15.87,590500,0.0219,0.0413,9371235.0,16454391.7
2008-09-11,15.63,17.36,15.63,16.9,1918400,0.0813,0.0649,32420960.0,15743971.4
2008-09-12,16.56,16.85,16.0,16.42,1920700,-0.0085,-0.0284,31537894.0,17523995.8
2008-09-15,15.9,16.17,14.62,14.9,1295900,-0.0629,-0.0926,19308910.0,17727917.2
2008-09-16,14.5,15.08,14.11,14.9,1679900,0.0276,0.0,25030510.0,18310608.2
2008-09-17,14.57,15.1,13.39,13.39,1368500,-0.081,-0.1013,18324215.0,19391958.5
2008-09-18,13.75,16.25,13.49,16.21,1764400,0.1789,0.2106,28600924.0,19465892.5
2008-09-19,17.0,18.75,15.2,16.59,2576500,-0.0241,0.0234,42744135.0,21236163.9
2008-09-22,16.35,16.74,15.45,15.75,609900,-0.0367,-0.0506,9605925.0,24065452.1
2008-09-23,15.8,16.15,15.74,16.01,1045900,0.0133,0.0165,16744859.0,23421010.4
2008-09-24,16.09,16.61,15.45,15.97,663800,-0.0075,-0.0025,10600886.0,23368956.7
2008-09-25,16.13,16.87,15.74,16.5,1105400,0.0229,0.0332,18239100.0,23491921.8
2008-09-26,16.01,16.82,15.93,16.71,788400,0.0437,0.0127,13174164.0,22073735.8
2008-09-29,16.3,16.3,14.74,15.23,1122400,-0.0656,-0.0886,17094152.0,20237362.8
2008-09-30,15.7,16.37,15.37,16.27,745500,0.0363,0.0683,12129285.0,20015887.0
2008-10-01,16.31,16.75,15.87,16.49,863400,0.011,0.0135,14237466.0,18725764.5
2008-10-02,16.28,16.48,15.31,15.34,919400,-0.0577,-0.0697,14103596.0,18317089.6
2008-10-03,15.65,16.04,14.28,14.33,692700,-0.0843,-0.0658,9926391.0,16867356.8
2008-10-06,13.98,14.41,12.91,13.83,1171600,-0.0107,-0.0349,16203228.0,13585582.4
2008-10-07,13.93,14.55,13.19,13.22,915600,-0.051,-0.0441,12104232.0,14245312.7
2008-10-08,12.92,13.51,12.38,12.81,1262700,-0.0085,-0.031,16175187.0,13781250.0
2008-10-09,12.87,13.2,11.73,11.74,808600,-0.0878,-0.0835,9492964.0,14338680.1
2008-10-10,10.88,12.83,9.32,12.33,1240700,0.1333,0.0503,15297831.0,13464066.5
2008-10-13,13.14,13.62,12.58,13.16,1133100,0.0015,0.0673,14911596.0,13676433.2
2008-10-14,13.54,13.54,12.69,13.32,932600,-0.0162,0.0122,12422232.0,13458177.6
2008-10-15,13.16,13.25,11.34,11.43,1388400,-0.1315,-0.1419,15869412.0,13487472.3
2008-10-16,11.56,12.49,10.66,12.41,1135500,0.0735,0.0857,14091555.0,13650666.9
2008-10-17,12.05,12.33,11.4,11.93,869800,-0.01,-0.0387,10376714.0,13649462.8
2008-10-20,11.92,12.11,11.0,11.54,697500,-0.0319,-0.0327,8049150.0,13694495.1
2008-10-21,11.28,11.55,10.56,11.23,781300,-0.0044,-0.0269,8773999.0,12879087.3
2008-10-22,10.78,10.96,9.88,10.1,439600,-0.0631,-0.1006,4439960.0,12546064.0
2008-10-23,10.13,10.21,8.52,9.3,1334700,-0.0819,-0.0792,12412710.0,11372541.3
2008-10-24,8.66,9.21,8.31,8.45,789700,-0.0242,-0.0914,6672965.0,11664515.9
2008-10-27,8.29,8.38,7.51,7.51,748000,-0.0941,-0.1112,5617480.0,10802029.3
2008-10-28,7.77,8.34,7.45,8.31,1247300,0.0695,0.1065,10365063.0,9872617.7
2008-10-29,8.47,8.92,8.2,8.76,1121600,0.0342,0.0542,9825216.0,9666900.8
2008-10-30,9.09,10.07,8.93,10.04,1087300,0.1045,0.1461,10916492.0,9062481.2
2008-10-31,9.94,11.91,9.8,11.25,1049400,0.1318,0.1205,11805750.0,8744974.9
2008-11-03,11.22,11.74,10.49,10.65,658400,-0.0508,-0.0533,7011960.0,8887878.5
2008-11-04,11.03,11.35,10.33,11.13,884700,0.0091,0.0451,9846711.0,8784159.5
2008-11-05,10.94,11.49,9.98,10.04,893700,-0.0823,-0.0979,8972748.0,8891430.7
2008-11-06,10.04,10.67,9.8,10.09,1457900,0.005,0.005,14710211.0,9344709.5
2008-11-07,10.19,10.59,8.7,8.89,1602300,-0.1276,-0.1189,14244447.0,9574459.6
2008-11-10,9.2,9.2,8.5,8.67,846900,-0.0576,-0.0247,7342623.0,10331607.8
2008-11-11,8.67,8.68,7.77,8.05,1587900,-0.0715,-0.0715,12782595.0,10504122.1
2008-11-12,7.84,7.84,5.63,5.85,1954900,-0.2538,-0.2733,11436165.0,10745875.3
2008-11-13,5.92,6.23,5.51,5.75,2575100,-0.0287,-0.0171,14806825.0,10906970.2
2008-11-14,5.78,5.94,5.46,5.5,1463500,-0.0484,-0.0435,8049250.0,11296003.5
2008-11-17,5.43,5.51,4.55,4.93,1639700,-0.0921,-0.1036,8083721.0,10920353.5
2008-11-18,4.86,5.03,4.5,4.73,1059000,-0.0267,-0.0406,5009070.0,11027529.6
2008-11-19,4.87,4.99,3.98,3.99,909200,-0.1807,-0.1564,3627708.0,10543765.5
2008-11-20,3.96,3.96,3.34,3.45,2750900,-0.1288,-0.1353,9490605.0,10009261.5
2008-11-21,3.54,3.61,2.73,3.06,7081500,-0.1356,-0.113,21669390.0,9487300.9
2008-11-24,3.06,3.48,2.95,3.48,2602700,0.1373,0.1373,9057396.0,10229795.2
2008-11-25,3.6,3.76,3.13,3.76,1850400,0.0444,0.0805,6957504.0,10401272.5
2008-11-26,3.68,4.99,3.51,4.98,1810100,0.3533,0.3245,9014298.0,9818763.4
2008-11-28,4.95,4.99,4.75,4.89,526800,-0.0121,-0.0181,2576052.0,9576576.7
2008-12-01,4.88,4.88,3.81,3.84,863900,-0.2131,-0.2147,3317376.0,8353499.4
2008-12-02,3.98,4.51,3.57,3.81,1095100,-0.0427,-0.0078,4172331.0,7880312.0
2008-12-03,3.92,4.22,3.72,4.18,1702700,0.0663,0.0971,7117286.0,7489173.0
2008-12-04,4.17,4.27,3.97,4.1,626600,-0.0168,-0.0191,2569060.0,7699994.6
2008-12-05,4.04,4.07,3.72,4.03,2107100,-0.0025,-0.0171,8491613.0,7594129.8
2008-12-08,4.09,4.21,3.61,3.93,1463700,-0.0391,-0.0248,5752341.0,7494230.6
2008-12-09,3.87,4.0,3.61,3.62,837700,-0.0646,-0.0789,3032474.0,5902525.7
2008-12-10,3.7,3.84,3.63,3.83,585900,0.0351,0.058,2243997.0,5300033.5
2008-12-11,3.84,4.25,3.57,3.71,1078300,-0.0339,-0.0313,4000493.0,4828682.8
2008-12-12,3.65,4.03,3.5,3.83,1259600,0.0493,0.0323,4824268.0,4327302.3
2008-12-15,3.9,4.17,3.5,3.65,1173700,-0.0641,-0.047,4284005.0,4552123.9
2008-12-16,3.77,3.94,3.63,3.8,892600,0.008,0.0411,3391880.0,4648786.8
2008-12-17,3.72,3.94,3.72,3.91,1331300,0.0511,0.0289,5205383.0,4570741.7
2008-12-18,3.96,4.15,3.77,4.01,1618700,0.0126,0.0256,6490987.0,4379551.4
2008-12-19,4.13,4.36,4.05,4.3,1808500,0.0412,0.0723,7776550.0,4771744.1
2008-12-22,4.31,4.37,3.85,3.99,1244700,-0.0742,-0.0721,4966353.0,4700237.8
2008-12-23,4.03,4.25,3.93,4.02,1084900,-0.0025,0.0075,4361298.0,4621639.0
2008-12-24,4.04,4.74,4.02,4.55,360600,0.1262,0.1318,1640730.0,4754521.4
2008-12-26,4.6,4.71,4.24,4.39,440700,-0.0457,-0.0352,1934673.0,4694194.7
2008-12-29,4.39,4.43,4.07,4.38,621800,-0.0023,-0.0023,2723484.0,4487612.7
2008-12-30,4.46,4.95,4.46,4.95,891300,0.1099,0.1301,4411935.0,4277534.3
2008-12-31,4.96,5.89,4.91,5.74,1275700,0.1573,0.1596,7322518.0,4290327.3
2009-01-02,5.73,5.77,5.36,5.6,1335900,-0.0227,-0.0244,7481040.0,4683391.1
2009-01-05,5.58,5.59,5.16,5.39,674700,-0.0341,-0.0375,3636633.0,4910956.8
2009-01-06,5.39,5.83,5.33,5.64,821400,0.0464,0.0464,4632696.0,4625521.4
2009-01-07,5.51,5.63,5.29,5.41,664600,-0.0181,-0.0408,3595486.0,4311136.0
2009-01-08,5.36,6.55,5.25,6.27,1999100,0.1698,0.159,12534357.0,4174049.3
2009-01-09,6.25,6.33,5.5,5.77,1370800,-0.0768,-0.0797,7909516.0,4991355.2
2009-01-12,5.6,5.76,5.32,5.55,1481700,-0.0089,-0.0381,8223435.0,5618233.8
2009-01-13,5.54,5.84,5.34,5.5,923500,-0.0072,-0.009,5079250.0,6247110.0
2009-01-14,5.35,5.38,4.82,5.02,1139300,-0.0617,-0.0873,5719286.0,6482686.6
2009-01-15,5.02,5.55,4.66,5.11,929300,0.0179,0.0179,4748723.0,6613421.7
2009-01-16,5.23,5.38,4.77,5.22,571800,-0.0019,0.0215,2984796.0,6356042.2
2009-01-20,5.18,5.31,4.81,4.85,1086600,-0.0637,-0.0709,5270010.0,5906417.8
2009-01-21,4.99,5.2,4.72,5.17,828600,0.0361,0.066,4283862.0,6069755.5
2009-01-22,5.02,5.5,5.02,5.36,597500,0.0677,0.0368,3202600.0,6034872.1
2009-01-23,5.16,5.69,5.02,5.51,537300,0.0678,0.028,2960523.0,5995583.5
2009-01-26,5.51,5.92,5.49,5.72,598800,0.0381,0.0381,3425136.0,5038200.1
2009-01-27,5.75,6.32,5.75,6.08,782800,0.0574,0.0629,4759424.0,4589762.1
2009-01-28,6.44,6.44,6.09,6.43,704900,-0.0016,0.0576,4532507.0,4243361.0
2009-01-29,6.18,6.32,5.45,5.54,992500,-0.1036,-0.1384,5498450.0,4188686.7
2009-01-30,5.64,5.72,5.07,5.23,955700,-0.0727,-0.056,4998311.0,4166603.1
2009-02-02,5.15,5.38,5.04,5.25,989400,0.0194,0.0038,5194350.0,4191561.9
2009-02-03,5.33,5.33,4.81,4.99,1328800,-0.0638,-0.0495,6630712.0,4412517.3
2009-02-04,5.91,5.91,5.05,5.22,1698800,-0.1168,0.0461,8867736.0,4548587.5
2009-02-05,5.34,5.44,5.0,5.23,1305800,-0.0206,0.0019,6829334.0,5006974.9
2009-02-06,5.25,5.4,5.09,5.3,1389100,0.0095,0.0134,7362230.0,5369648.3
2009-02-09,5.28,5.49,5.21,5.29,774000,0.0019,-0.0019,4094460.0,5809819.0
2009-02-10,5.77,6.09,4.82,4.82,4701500,-0.1646,-0.0888,22661230.0,5876751.4
2009-02-11,4.87,4.89,3.91,3.99,4922300,-0.1807,-0.1722,19639977.0,7666932.0
2009-02-12,3.9,4.18,3.59,3.85,3179000,-0.0128,-0.0351,12239150.0,9177679.0
2009-02-13,3.87,4.2,3.48,3.53,3699300,-0.0879,-0.0831,13058529.0,9851749.0
2009-02-17,3.55,3.62,3.27,3.6,4989800,0.0141,0.0198,17963280.0,10657770.8
2009-02-18,3.62,3.74,3.39,3.4,1370800,-0.0608,-0.0556,4660720.0,11934663.8
2009-02-19,3.34,3.52,3.3,3.34,624300,0.0,-0.0176,2085162.0,11737664.6
2009-02-20,3.25,3.5,3.19,3.36,1174300,0.0338,0.006,3945648.0,11059407.2
2009-02-23,3.41,3.56,3.21,3.21,856200,-0.0587,-0.0446,2748402.0,10771038.6
2009-02-24,3.26,3.71,3.2,3.66,1106200,0.1227,0.1402,4048692.0,10309655.8
2009-02-25,3.61,3.64,3.31,3.47,1111700,-0.0388,-0.0519,3857599.0,10305079.0
2009-02-26,3.51,3.67,3.41,3.42,641900,-0.0256,-0.0144,2195298.0,8424715.9
2009-02-27,3.41,3.66,3.28,3.51,870300,0.0293,0.0263,3054753.0,6680248.0
2009-03-02,3.42,3.48,3.1,3.17,962600,-0.0731,-0.0969,3051442.0,5761808.3
2009-03-03,3.25,3.25,2.73,2.73,1055700,-0.16,-0.1388,2882061.0,4761099.6
2009-03-04,2.8,3.21,2.74,3.13,1679400,0.1179,0.1465,5256522.0,3252977.7
2009-03-05,3.03,3.19,2.92,2.98,1285800,-0.0165,-0.0479,3831684.0,3312557.9
2009-03-06,3.02,3.07,2.78,2.89,825400,-0.043,-0.0302,2385406.0,3487210.1
2009-03-09,2.91,2.92,2.7,2.74,1183200,-0.0584,-0.0519,3241968.0,3331185.9
2009-03-10,2.85,2.95,2.58,2.71,1775100,-0.0491,-0.0109,4810521.0,3380542.5
2009-03-11,2.65,2.77,2.47,2.58,865700,-0.0264,-0.048,2233506.0,3456725.4
2009-03-12,2.53,2.91,2.49,2.81,1329300,0.1107,0.0891,3735333.0,3294316.1
2009-03-13,2.83,2.97,2.73,2.85,762500,0.0071,0.0142,2173125.0,3448319.6
2009-03-16,2.91,2.95,2.61,2.63,883500,-0.0962,-0.0772,2323605.0,3360156.8
2009-03-17,2.64,2.75,2.56,2.75,508500,0.0417,0.0456,1398375.0,3287373.1
2009-03-18,2.74,2.95,2.7,2.86,624800,0.0438,0.04,1786928.0,3139004.5
2009-03-19,2.93,2.97,2.85,2.92,582200,-0.0034,0.021,1700024.0,2792045.1
2009-03-20,2.5,2.96,2.5,2.52,724800,0.008,-0.137,1826496.0,2578879.1
2009-03-23,2.63,2.95,2.6,2.95,699700,0.1217,0.1706,2064115.0,2522988.1
2009-03-24,2.88,2.97,2.79,2.88,885000,0.0,-0.0237,2548800.0,2405202.8
2009-03-25,2.97,3.26,2.83,3.07,758200,0.0337,0.066,2327674.0,2179030.7
2009-03-26,3.13,3.2,2.95,3.08,838400,-0.016,0.0033,2582272.0,2188447.5
2009-03-27,3.0,3.02,2.91,2.98,824100,-0.0067,-0.0325,2455818.0,2073141.4
2009-03-30,2.86,2.86,2.76,2.8,467600,-0.021,-0.0604,1309280.0,2101410.7
2009-03-31,2.86,2.87,2.67,2.67,333700,-0.0664,-0.0464,890979.0,1999978.2
2009-04-01,2.6,2.84,2.55,2.81,404800,0.0808,0.0524,1137488.0,1949238.6
2009-04-02,2.88,3.08,2.86,3.01,1997700,0.0451,0.0712,6013077.0,1884294.6
2009-04-03,3.01,3.1,2.86,3.05,483300,0.0133,0.0133,1474065.0,2315599.9
2009-04-06,3.0,3.03,2.79,2.89,1009500,-0.0367,-0.0525,2917455.0,2280356.8
2009-04-07,2.82,2.86,2.74,2.76,591800,-0.0213,-0.045,1633368.0,2365690.8
2009-04-08,2.78,2.83,2.66,2.76,477900,-0.0072,0.0,1319004.0,2274147.6
2009-04-09,2.8,3.04,2.71,2.97,1335900,0.0607,0.0761,3967623.0,2173280.6
2009-04-13,2.91,2.97,2.85,2.92,620700,0.0034,-0.0168,1812444.0,2311815.7
2009-04-14,2.87,2.96,2.82,2.9,537700,0.0105,-0.0068,1559330.0,2247478.3
2009-04-15,2.88,3.16,2.82,3.08,620700,0.0694,0.0621,1911756.0,2272483.3
2009-04-16,3.14,3.6,3.08,3.48,1236100,0.1083,0.1299,4301628.0,2374561.0
2009-04-17,3.49,4.12,3.37,3.94,2043300,0.1289,0.1322,8050602.0,2690975.0
2009-04-20,3.94,3.94,3.35,3.58,1160300,-0.0914,-0.0914,4153874.0,2894727.5
2009-04-21,3.58,3.9,3.53,3.82,840700,0.067,0.067,3211474.0,3162708.4
2009-04-22,3.75,4.26,3.69,4.21,1555500,0.1227,0.1021,6548655.0,3192110.3
2009-04-23,4.25,4.34,3.97,4.06,1048600,-0.0447,-0.0356,4257316.0,3683639.0
2009-04-24,4.13,4.2,4.04,4.15,588500,0.0048,0.0222,2442275.0,3977470.2
2009-04-27,4.05,4.05,3.75,3.93,617900,-0.0296,-0.053,2428347.0,3824935.4
2009-04-28,3.87,4.01,3.63,3.79,770100,-0.0207,-0.0356,2918679.0,3886525.7
2009-04-29,3.79,4.09,3.74,4.06,427500,0.0712,0.0712,1735650.0,4022460.6
2009-04-30,4.12,4.17,3.83,3.91,1167800,-0.051,-0.0369,4566098.0,4004850.0
2009-05-01,3.9,4.5,3.85,4.4,1641900,0.1282,0.1253,7224360.0,4031297.0
2009-05-04,4.34,5.12,4.34,5.08,1458800,0.1705,0.1545,7410704.0,3948672.8
2009-05-05,5.09,5.47,4.88,5.41,1641300,0.0629,0.065,8879433.0,4274355.8
2009-05-06,5.48,5.55,4.84,5.51,1650900,0.0055,0.0185,9096459.0,4841151.7
2009-05-07,5.58,5.63,4.96,5.14,1878400,-0.0789,-0.0672,9654976.0,5095932.1
2009-05-08,5.0,5.21,4.54,5.19,2072600,0.038,0.0097,10756794.0,5635698.1
2009-05-11,5.02,5.18,4.9,4.97,1322600,-0.01,-0.0424,6573322.0,6467150.0
2009-05-12,5.01,5.18,4.61,5.07,1447700,0.012,0.0201,7339839.0,6881647.5
2009-05-13,4.97,5.08,4.66,4.7,1008200,-0.0543,-0.073,4738540.0,7323763.5
2009-05-14,4.72,4.99,4.55,4.91,625100,0.0403,0.0447,3069241.0,7624052.5
2009-05-15,4.88,5.14,4.76,4.9,878300,0.0041,-0.002,4303670.0,7474366.8
2009-05-18,5.0,5.26,4.89,5.21,917100,0.042,0.0633,4778091.0,7182297.8
2009-05-19,5.0,5.21,4.92,5.16,1364400,0.032,-0.0096,7040304.0,6919036.5
2009-05-20,5.2,5.25,5.0,5.17,1579700,-0.0058,0.0019,8167049.0,6735123.6
2009-05-21,5.22,5.47,5.06,5.39,1241500,0.0326,0.0426,6691685.0,6642182.6
2009-05-22,5.41,5.45,5.22,5.36,938900,-0.0092,-0.0056,5032504.0,6345853.5
2009-05-26,5.26,5.8,5.25,5.8,1086100,0.1027,0.0821,6299380.0,5773424.5
2009-05-27,5.77,5.77,5.34,5.5,1387700,-0.0468,-0.0517,7632350.0,5746030.3
2009-05-28,5.55,5.67,5.17,5.57,1100700,0.0036,0.0127,6130899.0,5775281.4
2009-05-29,5.64,5.76,5.55,5.72,799500,0.0142,0.0269,4573140.0,5914517.3
2009-06-01,5.86,6.07,5.74,5.93,938800,0.0119,0.0367,5567084.0,6064907.2
2009-06-02,5.91,5.98,5.67,5.83,711900,-0.0135,-0.0169,4150377.0,6191248.6
2009-06-03,5.79,5.87,5.39,5.52,840500,-0.0466,-0.0532,4639560.0,6128477.2
2009-06-04,5.38,5.55,5.22,5.49,1205500,0.0204,-0.0054,6618195.0,5888402.8
2009-06-05,5.62,5.73,5.53,5.66,708600,0.0071,0.031,4010676.0,5733517.4
2009-06-08,5.61,5.61,5.43,5.48,454900,-0.0232,-0.0318,2492852.0,5465416.5
2009-06-09,5.51,5.57,5.28,5.5,428700,-0.0018,0.0036,2357850.0,5211451.3
2009-06-10,5.59,5.62,5.25,5.46,573300,-0.0233,-0.0073,3130218.0,4817298.3
2009-06-11,5.47,5.57,5.43,5.51,555700,0.0073,0.0092,3061907.0,4367085.1
2009-06-12,5.46,5.68,5.38,5.67,564300,0.0385,0.029,3199581.0,4060185.9
2009-06-15,5.57,5.63,5.37,5.48,503700,-0.0162,-0.0335,2760276.0,3922830.0
2009-06-16,5.53,5.63,5.36,5.37,565400,-0.0289,-0.0201,3036198.0,3642149.2
2009-06-17,5.4,5.4,5.11,5.22,556100,-0.0333,-0.0279,2902842.0,3530731.3
2009-06-18,5.15,5.44,5.02,5.37,656600,0.0427,0.0287,3525942.0,3357059.5
2009-06-19,5.42,5.5,5.22,5.29,727800,-0.024,-0.0149,3850062.0,3047834.2
2009-06-22,5.22,5.22,4.75,4.76,1079200,-0.0881,-0.1002,5136992.0,3031772.8
2009-06-23,4.85,4.85,4.64,4.65,633700,-0.0412,-0.0231,2946705.0,3296186.8
2009-06-24,4.72,4.93,4.52,4.56,669400,-0.0339,-0.0194,3052464.0,3355072.3
2009-06-25,4.51,4.71,4.44,4.7,854900,0.0421,0.0307,4018030.0,3347296.9
2009-06-26,4.67,5.06,4.57,4.98,2415900,0.0664,0.0596,12031182.0,3442909.2
2009-06-29,4.98,5.0,4.75,4.88,657000,-0.0201,-0.0201,3206160.0,4326069.3
2009-06-30,4.68,4.95,4.68,4.86,846500,0.0385,-0.0041,4113990.0,4370657.7
2009-07-01,4.92,5.13,4.87,5.05,478600,0.0264,0.0391,2416930.0,4478436.9
2009-07-02,4.92,4.94,4.4,4.4,1837800,-0.1057,-0.1287,8086320.0,4429845.7
2009-07-06,4.38,4.56,4.22,4.3,1980900,-0.0183,-0.0227,8517870.0,4885883.5
2009-07-07,4.32,4.35,4.24,4.24,811900,-0.0185,-0.014,3442456.0,5352664.3
2009-07-08,4.19,4.28,4.08,4.18,716200,-0.0024,-0.0142,2993716.0,5183210.7
2009-07-09,4.28,4.29,4.08,4.08,386700,-0.0467,-0.0239,1577736.0,5187911.8
2009-07-10,4.06,4.2,4.01,4.19,428000,0.032,0.027,1793320.0,5040439.0
2009-07-13,4.2,4.48,3.98,4.47,1014800,0.0643,0.0668,4536156.0,4817968.0
2009-07-14,4.44,4.69,4.38,4.65,773300,0.0473,0.0403,3595845.0,4068465.4
2009-07-15,4.79,5.13,4.7,5.11,853700,0.0668,0.0989,4362407.0,4107433.9
2009-07-16,5.08,5.24,5.04,5.21,465000,0.0256,0.0196,2422650.0,4132275.6
2009-07-17,5.22,5.35,5.15,5.33,721700,0.0211,0.023,3846661.0,4132847.6
2009-07-20,5.31,5.77,5.0,5.74,1230500,0.081,0.0769,7063070.0,3708881.7
2009-07-21,5.77,5.77,5.34,5.52,476700,-0.0433,-0.0383,2631384.0,3563401.7
2009-07-22,5.5,5.64,5.37,5.58,287100,0.0145,0.0109,1602018.0,3482294.5
2009-07-23,5.55,5.8,5.55,5.79,658100,0.0432,0.0376,3810399.0,3343124.7
2009-07-24,5.74,5.94,5.61,5.94,582400,0.0348,0.0259,3459456.0,3566391.0
2009-07-27,5.94,5.94,5.57,5.72,427600,-0.037,-0.037,2445872.0,3733004.6
2009-07-28,5.61,5.72,5.5,5.68,281800,0.0125,-0.007,1600624.0,3523976.2
2009-07-29,5.62,5.85,5.56,5.75,407600,0.0231,0.0123,2343700.0,3324454.1
2009-07-30,5.78,6.14,5.77,5.97,992600,0.0329,0.0383,5925822.0,3122583.4
2009-07-31,5.92,5.97,5.79,5.84,488100,-0.0135,-0.0218,2850504.0,3472900.6
2009-08-03,5.9,6.12,5.87,6.02,581500,0.0203,0.0308,3500630.0,3373284.9
2009-08-04,5.98,6.16,5.8,6.08,647000,0.0167,0.01,3933760.0,3017040.9
2009-08-05,6.07,6.11,5.91,6.09,669200,0.0033,0.0016,4075428.0,3147278.5
2009-08-06,6.11,6.15,5.93,6.08,1348600,-0.0049,-0.0016,8199488.0,3394619.5
2009-08-07,6.18,6.21,5.59,5.92,1456800,-0.0421,-0.0263,8624256.0,3833528.4
2009-08-10,5.87,6.25,5.75,6.09,585100,0.0375,0.0287,3563259.0,4350008.4
2009-08-11,6.13,6.55,6.06,6.5,791200,0.0604,0.0673,5142800.0,4461747.1
2009-08-12,6.44,6.89,6.44,6.81,665700,0.0575,0.0477,4533417.0,4815964.7
2009-08-13,6.85,6.9,6.45,6.59,542500,-0.038,-0.0323,3575075.0,5034936.4
2009-08-14,6.56,6.61,6.07,6.12,575100,-0.0671,-0.0713,3519612.0,4799861.7
2009-08-17,5.83,5.99,5.76,5.83,492900,0.0,-0.0474,2873607.0,4866772.5
2009-08-18,5.9,6.02,5.82,6.01,359400,0.0186,0.0309,2159994.0,4804070.2
2009-08-19,5.92,6.29,5.81,6.26,354300,0.0574,0.0416,2217918.0,4626693.6
2009-08-20,6.26,6.44,6.18,6.34,335800,0.0128,0.0128,2128972.0,4440942.6
2009-08-21,6.4,6.8,6.4,6.62,691400,0.0344,0.0442,4577068.0,3833891.0
2009-08-24,6.64,6.83,6.61,6.83,1260800,0.0286,0.0317,8611264.0,3429172.2
2009-08-25,6.86,7.05,6.79,6.8,1296600,-0.0087,-0.0044,8816880.0,3933972.7
2009-08-26,6.73,6.9,6.6,6.75,393300,0.003,-0.0074,2654775.0,4301380.7
2009-08-27,6.78,7.07,6.77,7.06,1189300,0.0413,0.0459,8396458.0,4113516.5
2009-08-28,7.13,7.21,6.95,7.06,690300,-0.0098,0.0,4873518.0,4595654.8
2009-08-31,6.92,7.12,6.92,7.03,879100,0.0159,-0.0042,6180073.0,4731045.4
2009-09-01,7.0,7.09,6.64,6.66,684000,-0.0486,-0.0526,4555440.0,5061692.0
2009-09-02,6.68,6.86,6.58,6.78,788200,0.015,0.018,5343996.0,5301236.6
2009-09-03,6.82,7.09,6.73,7.04,979000,0.0323,0.0383,6892160.0,5613844.4
2009-09-04,6.95,7.09,6.92,7.09,784400,0.0201,0.0071,5561396.0,6090163.2
2009-09-08,7.22,7.43,7.09,7.15,852800,-0.0097,0.0085,6097520.0,6188596.0
2009-09-09,7.17,7.41,7.09,7.39,640300,0.0307,0.0336,4731817.0,5937221.6
2009-09-10,7.36,7.5,7.26,7.5,810700,0.019,0.0149,6080250.0,5528715.3
2009-09-11,7.6,7.84,7.52,7.81,650800,0.0276,0.0413,5082748.0,5871262.8
2009-09-14,7.55,8.1,7.55,8.09,459600,0.0715,0.0359,3718164.0,5539891.8
2009-09-15,8.07,8.33,8.04,8.31,1007800,0.0297,0.0272,8374818.0,5424356.4
2009-09-16,8.37,8.75,8.35,8.62,550100,0.0299,0.0373,4741862.0,5643830.9
2009-09-17,8.56,8.78,8.54,8.65,493400,0.0105,0.0035,4267910.0,5662473.1
2009-09-18,8.61,8.73,8.54,8.6,849000,-0.0012,-0.0058,7301400.0,5554864.5
2009-09-21,8.49,8.67,8.33,8.5,317700,0.0012,-0.0116,2700450.0,5595788.5
2009-09-22,8.62,8.88,8.49,8.62,377900,0.0,0.0141,3257498.0,5309693.9
2009-09-23,8.61,8.81,8.52,8.54,412600,-0.0081,-0.0093,3523604.0,5025691.7
2009-09-24,8.51,8.58,8.02,8.2,585400,-0.0364,-0.0398,4800280.0,4904870.4
2009-09-25,8.1,8.23,7.81,8.05,527200,-0.0062,-0.0183,4243960.0,4776873.4
2009-09-28,8.12,8.35,8.0,8.27,439900,0.0185,0.0273,3637973.0,4692994.6
2009-09-29,8.27,8.43,8.17,8.35,358300,0.0097,0.0097,2991805.0,4684975.5
2009-09-30,8.33,8.38,7.92,8.19,721000,-0.0168,-0.0192,5904990.0,4146674.2
2009-10-01,8.08,8.19,7.59,7.6,633000,-0.0594,-0.072,4810800.0,4262987.0
2009-10-02,7.48,7.87,7.38,7.7,520000,0.0294,0.0132,4004000.0,4317276.0
2009-10-05,7.77,8.31,7.58,8.27,679600,0.0644,0.074,5620292.0,3987536.0
2009-10-06,8.27,8.58,8.27,8.44,793400,0.0206,0.0206,6696296.0,4279520.2
2009-10-07,8.4,8.64,8.37,8.62,475600,0.0262,0.0213,4099672.0,4623400.0
2009-10-08,8.33,8.84,7.87,8.14,3347900,-0.0228,-0.0557,27251906.0,4681006.8
2009-10-09,8.05,8.25,7.93,8.25,1104500,0.0248,0.0135,9112125.0,6926169.4
2009-10-12,8.39,8.63,8.29,8.3,420900,-0.0107,0.0061,3493470.0,7412985.9
2009-10-13,8.3,8.44,8.24,8.32,490900,0.0024,0.0024,4084288.0,7398535.6
2009-10-14,8.48,8.49,7.99,8.16,954500,-0.0377,-0.0192,7788720.0,7507783.9
2009-10-15,8.1,8.19,7.95,7.96,911600,-0.0173,-0.0245,7256336.0,7696156.9
2009-10-16,7.86,7.98,7.79,7.87,747600,0.0013,-0.0113,5883612.0,7940710.5
2009-10-19,7.82,7.94,7.67,7.82,711300,0.0,-0.0064,5562366.0,8128671.7
2009-10-20,7.8,7.87,7.64,7.66,383900,-0.0179,-0.0205,2940674.0,8122879.1
2009-10-21,7.64,8.09,7.39,7.43,475200,-0.0275,-0.03,3530736.0,7747316.9
2009-10-22,7.43,7.83,7.25,7.73,594600,0.0404,0.0404,4596258.0,7690423.3
2009-10-23,7.74,7.98,7.33,7.38,641500,-0.0465,-0.0453,4734270.0,5424858.5
2009-10-26,7.41,7.71,7.19,7.19,686100,-0.0297,-0.0257,4933059.0,4987073.0
2009-10-27,7.25,7.4,7.17,7.21,566800,-0.0055,0.0028,4086628.0,5131031.9
2009-10-28,7.18,7.34,6.76,6.78,782500,-0.0557,-0.0596,5305350.0,5131265.9
2009-10-29,6.85,7.02,6.64,6.95,1029700,0.0146,0.0251,7156415.0,4882928.9
2009-10-30,6.89,6.94,6.59,6.66,717700,-0.0334,-0.0417,4779882.0,4872936.8
2009-11-02,6.74,6.95,6.49,6.68,533700,-0.0089,0.003,3565116.0,4762563.8
2009-11-03,6.63,6.94,6.33,6.89,467600,0.0392,0.0314,3221764.0,4562838.8
2009-11-04,6.95,7.06,6.74,6.75,427900,-0.0288,-0.0203,2888325.0,4590947.8
2009-11-05,6.86,7.12,6.81,7.12,380200,0.0379,0.0548,2707024.0,4526706.7
2009-11-06,7.0,7.22,6.88,6.99,537400,-0.0014,-0.0183,3756426.0,4337783.3
2009-11-09,7.15,7.32,7.03,7.32,416600,0.0238,0.0472,3049512.0,4239998.9
2009-11-10,7.29,8.15,7.27,7.91,754500,0.085,0.0806,5968095.0,4051644.2
2009-11-11,8.0,8.13,7.77,7.95,450500,-0.0062,0.0051,3581475.0,4239790.9
2009-11-12,7.93,7.99,7.58,7.69,516500,-0.0303,-0.0327,3971885.0,4067403.4
2009-11-13,7.75,7.83,7.58,7.71,355400,-0.0052,0.0026,2740134.0,3748950.4
2009-11-16,7.82,8.03,7.71,7.94,568700,0.0153,0.0298,4515478.0,3544975.6
2009-11-17,7.81,8.07,7.8,7.97,651200,0.0205,0.0038,5190064.0,3640011.8
2009-11-18,7.95,8.01,7.68,7.78,437500,-0.0214,-0.0238,3403750.0,3836841.8
2009-11-19,7.67,7.75,7.4,7.45,622600,-0.0287,-0.0424,4638370.0,3888384.3
2009-11-20,7.38,7.46,7.27,7.37,423700,-0.0014,-0.0107,3122669.0,4081518.9
2009-11-23,7.53,7.8,7.53,7.7,505300,0.0226,0.0448,3890810.0,4018143.2
2009-11-24,7.68,7.68,7.32,7.57,979600,-0.0143,-0.0169,7415572.0,4102273.0
2009-11-25,7.6,7.67,7.25,7.31,488100,-0.0382,-0.0343,3568011.0,4247020.7
2009-11-27,7.08,7.4,7.08,7.21,338800,0.0184,-0.0137,2442748.0,4245674.3
2009-11-30,7.17,7.24,6.83,7.16,829300,-0.0014,-0.0069,5937788.0,4092760.6
2009-12-01,7.27,7.3,7.08,7.27,687500,0.0,0.0154,4998125.0,4412526.0
2009-12-02,7.24,7.46,7.24,7.41,475300,0.0235,0.0193,3521973.0,4460790.7
2009-12-03,7.46,7.48,7.13,7.18,679700,-0.0375,-0.031,4880246.0,4293981.6
2009-12-04,7.36,7.51,7.23,7.45,670600,0.0122,0.0376,4995970.0,4441631.2
2009-12-07,7.47,7.73,7.43,7.72,344300,0.0335,0.0362,2657996.0,4477391.2
2009-12-08,7.62,7.74,7.56,7.63,444300,0.0013,-0.0117,3390009.0,4430923.9
2009-12-09,7.66,7.66,7.41,7.57,303100,-0.0117,-0.0079,2294467.0,4380843.8
2009-12-10,7.64,7.74,7.51,7.62,328800,-0.0026,0.0066,2505456.0,3868733.3
2009-12-11,7.65,7.94,7.59,7.93,409700,0.0366,0.0407,3248921.0,3762477.8
2009-12-14,7.98,8.09,7.91,8.09,512700,0.0138,0.0202,4147743.0,3843095.1
2009-12-15,8.05,8.2,7.92,7.95,379300,-0.0124,-0.0173,3015435.0,3664090.6
2009-12-16,7.99,8.17,7.96,8.14,377600,0.0188,0.0239,3073664.0,3465821.6
2009-12-17,8.01,8.16,7.9,8.08,247200,0.0087,-0.0074,1997376.0,3420990.7
2009-12-18,8.18,8.23,7.98,8.23,779600,0.0061,0.0186,6416108.0,3132703.7
2009-12-21,8.23,8.29,8.04,8.15,508500,-0.0097,-0.0097,4144275.0,3274717.5
2009-12-22,8.3,8.65,8.27,8.58,1103400,0.0337,0.0528,9467172.0,3423345.4
2009-12-23,8.66,8.92,8.62,8.9,335100,0.0277,0.0373,2982390.0,4031061.7
2009-12-24,8.93,8.96,8.73,8.83,69600,-0.0112,-0.0079,614568.0,4099854.0
2009-12-28,8.85,8.9,8.78,8.83,144900,-0.0023,0.0,1279467.0,3910765.2
2009-12-29,8.82,8.89,8.7,8.76,173300,-0.0068,-0.0079,1518108.0,3713819.8
2009-12-30,8.67,8.72,8.49,8.66,181600,-0.0012,-0.0114,1572656.0,3450856.3
2009-12-31,8.68,8.9,8.49,8.51,213600,-0.0196,-0.0173,1817736.0,3306578.4
2010-01-04,8.67,9.14,8.59,9.12,452400,0.0519,0.0717,4125888.0,3180985.6
2010-01-05,9.19,9.58,9.08,9.35,549000,0.0174,0.0252,5133150.0,3393836.8
2010-01-06,9.31,10.29,9.31,9.95,2151400,0.0687,0.0642,21406430.0,3265541.0
2010-01-07,9.97,9.97,9.61,9.7,745500,-0.0271,-0.0251,7231350.0,4991756.5
2010-01-08,9.69,9.72,9.57,9.64,372900,-0.0052,-0.0062,3594756.0,4768174.3
2010-01-11,9.74,9.79,9.29,9.35,621400,-0.04,-0.0301,5810090.0,4829410.9
2010-01-12,9.28,9.33,9.14,9.19,326100,-0.0097,-0.0171,2996859.0,5348963.1
2010-01-13,9.2,9.37,9.07,9.26,313200,0.0065,0.0076,2900232.0,5520702.3
2010-01-14,9.24,9.56,9.24,9.39,347700,0.0162,0.014,3264903.0,5658914.7
2010-01-15,9.41,9.44,9.0,9.32,1185100,-0.0096,-0.0075,11045132.0,5828139.4
2010-01-19,9.34,9.7,9.19,9.38,452500,0.0043,0.0064,4244450.0,6750879.0
2010-01-20,9.3,9.34,8.9,9.25,733000,-0.0054,-0.0139,6780250.0,6762735.2
2010-01-21,9.3,9.46,9.06,9.2,688900,-0.0108,-0.0054,6337880.0,6927445.2
2010-01-22,9.16,9.45,9.05,9.16,541800,0.0,-0.0043,4962888.0,5420590.2
2010-01-25,9.3,10.85,9.19,10.51,7229300,0.1301,0.1474,75979943.0,5193744.0
2010-01-26,12.3,12.36,11.71,12.15,6360100,-0.0122,0.156,77275215.0,12432262.7
2010-01-27,11.98,12.17,11.75,11.89,2899200,-0.0075,-0.0214,34471488.0,19578775.2
2010-01-28,11.91,11.95,11.44,11.49,2170800,-0.0353,-0.0336,24942492.0,22726238.1
2010-01-29,11.53,11.75,11.41,11.47,2899300,-0.0052,-0.0017,33254971.0,24930464.1
2010-02-01,11.52,11.71,11.49,11.53,1353500,0.0009,0.0052,15605855.0,27929470.9
2010-02-02,11.52,11.65,11.41,11.49,1467400,-0.0026,-0.0035,16860426.0,28385543.2
2010-02-03,11.41,11.9,11.41,11.89,2317700,0.0421,0.0348,27557453.0,29647140.8
2010-02-04,11.73,11.82,11.51,11.66,1947200,-0.006,-0.0193,22704352.0,31724861.1
2010-02-05,11.71,11.98,11.69,11.91,2002800,0.0171,0.0214,23853348.0,33361508.3
2010-02-08,11.93,11.93,11.6,11.63,1555000,-0.0251,-0.0235,18084650.0,35250554.3
2010-02-09,11.79,11.9,11.65,11.87,1411200,0.0068,0.0206,16750944.0,29461025.0
2010-02-10,11.78,11.85,11.05,11.5,4880100,-0.0238,-0.0312,56121150.0,23408597.9
2010-02-11,11.43,11.61,11.38,11.58,3630000,0.0131,0.007,42035400.0,25573564.1
2010-02-12,11.5,11.95,11.5,11.92,3516400,0.0365,0.0294,41915488.0,27282854.9
2010-02-16,11.94,11.99,11.8,11.9,1398100,-0.0034,-0.0017,16637390.0,28148906.6
2010-02-17,11.9,11.98,11.68,11.91,1198500,0.0008,0.0008,14274135.0,28252060.1
2010-02-18,11.86,12.15,11.8,12.15,6070500,0.0245,0.0202,73756575.0,27993431.0
2010-02-19,12.1,12.39,12.05,12.29,4475900,0.0157,0.0115,55008811.0,32613343.2
2010-02-22,12.31,12.61,12.25,12.61,2422300,0.0244,0.026,30545203.0,35843789.1
2010-02-23,12.55,12.61,12.33,12.54,2036900,-0.0008,-0.0056,25542726.0,36512974.6
2010-02-24,12.4,12.6,12.35,12.51,1474100,0.0089,-0.0024,18440991.0,37258782.2
2010-02-25,12.27,12.98,12.15,12.58,3274100,0.0253,0.0056,41188178.0,37427786.9
2010-02-26,12.5,12.99,12.0,12.99,5294500,0.0392,0.0326,68775555.0,35934489.7
2010-03-01,12.97,13.08,12.38,12.69,2743800,-0.0216,-0.0231,34818822.0,38608505.2
2010-03-02,12.88,13.38,12.83,13.03,2550500,0.0116,0.0268,33233015.0,37898838.6
2010-03-03,13.02,13.56,12.91,13.44,2236000,0.0323,0.0315,30051840.0,39558401.1
2010-03-04,13.48,13.89,13.2,13.2,2397300,-0.0208,-0.0179,31644360.0,41136171.6
2010-03-05,13.19,13.87,13.19,13.84,2502900,0.0493,0.0485,34640136.0,36924950.1
2010-03-08,13.88,14.48,13.88,14.25,4190900,0.0267,0.0296,59720325.0,34888082.6
2010-03-09,14.17,14.34,14.04,14.14,1998600,-0.0021,-0.0077,28260204.0,37805594.8
2010-03-10,14.12,14.24,13.97,14.09,1812900,-0.0021,-0.0035,25543761.0,38077342.6
2010-03-11,14.02,14.15,13.74,14.1,1761100,0.0057,0.0007,24831510.0,38787619.6
2010-03-12,14.16,14.18,13.92,13.99,1707800,-0.012,-0.0078,23892122.0,37151952.8
2010-03-15,13.91,14.0,13.42,13.6,2824400,-0.0223,-0.0279,38411840.0,32663609.5
2010-03-16,13.67,13.77,13.52,13.72,1619200,0.0037,0.0088,22215424.0,33022911.3
2010-03-17,13.71,13.95,13.7,13.76,1922600,0.0036,0.0029,26454976.0,31921152.2
2010-03-18,13.79,13.82,13.55,13.67,941400,-0.0087,-0.0065,12868938.0,31561465.8
2010-03-19,13.07,13.7,13.02,13.07,2504200,0.0,-0.0439,32729894.0,29683923.6
2010-03-22,12.96,13.68,12.9,13.6,1204300,0.0494,0.0406,16378480.0,29492899.4
2010-03-23,13.63,13.67,13.37,13.63,1387200,0.0,0.0022,18907536.0,25158714.9
2010-03-24,13.53,13.56,13.3,13.54,1842900,0.0007,-0.0066,24952866.0,24223448.1
2010-03-25,13.58,14.12,13.58,13.67,2537600,0.0066,0.0096,34688992.0,24164358.6
2010-03-26,13.7,13.8,13.41,13.73,1580200,0.0022,0.0044,21696146.0,25150106.8
2010-03-29,13.77,14.45,13.77,14.37,2639300,0.0436,0.0466,37926741.0,24930509.2
2010-03-30,14.43,14.53,14.05,14.51,2824900,0.0055,0.0097,40989299.0,24881999.3
2010-03-31,14.4,14.82,14.34,14.5,3065100,0.0069,-0.0007,44443950.0,26759386.8
2010-04-01,14.64,14.71,14.2,14.42,2680100,-0.015,-0.0055,38647042.0,28558284.2
2010-04-05,14.54,15.45,14.52,15.2,2070500,0.0454,0.0541,31471600.0,31136094.6
2010-04-06,15.12,15.5,15.04,15.46,1760100,0.0225,0.0171,27211146.0,31010265.2
2010-04-07,15.36,15.68,14.85,15.59,2337300,0.015,0.0084,36438507.0,32093531.8
2010-04-08,15.49,15.63,15.34,15.56,1529300,0.0045,-0.0019,23795908.0,33846628.9
2010-04-09,15.52,15.82,15.38,15.8,1608900,0.018,0.0154,25420620.0,33730933.1
2010-04-12,15.73,15.88,15.58,15.72,2105400,-0.0006,-0.0051,33096888.0,32804095.9
2010-04-13,15.69,16.2,15.65,16.01,3042700,0.0204,0.0184,48713627.0,33944170.1
2010-04-14,16.09,16.42,15.97,16.16,2522000,0.0044,0.0094,40755520.0,35022858.7
2010-04-15,16.19,16.3,15.9,15.98,1992200,-0.013,-0.0111,31835356.0,34999480.8
2010-04-16,15.93,15.93,15.26,15.39,2842600,-0.0339,-0.0369,43747614.0,33738621.4
2010-04-19,15.29,15.57,14.92,15.15,2539900,-0.0092,-0.0156,38479485.0,34248678.6
2010-04-20,15.24,15.55,15.06,15.54,2845700,0.0197,0.0257,44222178.0,34949467.1
2010-04-21,15.52,15.68,15.34,15.62,1699400,0.0064,0.0051,26544628.0,36650570.3
2010-04-22,15.45,16.3,15.3,16.07,1398800,0.0401,0.0288,22478716.0,35661182.4
2010-04-23,16.12,16.29,15.93,16.29,1193000,0.0105,0.0137,19433970.0,35529463.2
2010-04-26,16.46,16.9,16.38,16.7,3419600,0.0146,0.0252,57107320.0,34930798.2
2010-04-27,16.6,16.74,15.74,15.85,3288600,-0.0452,-0.0509,52124310.0,37331841.4
2010-04-28,15.94,16.16,15.62,15.94,2200600,0.0,0.0057,35077564.0,37672909.7
2010-04-29,15.96,16.27,15.86,16.18,3747200,0.0138,0.0151,60629696.0,37105114.1
2010-04-30,16.18,16.41,15.69,15.69,1856100,-0.0303,-0.0303,29122209.0,39984548.1
2010-05-03,15.83,16.03,15.61,15.97,1624200,0.0088,0.0178,25938474.0,38522007.6
2010-05-04,15.67,15.71,14.75,14.95,3449800,-0.0459,-0.0639,51574510.0,37267906.5
2010-05-05,14.82,15.15,14.42,14.55,1858700,-0.0182,-0.0268,27044085.0,38003139.7
2010-05-06,14.44,14.8,13.12,14.14,3358100,-0.0208,-0.0282,47483534.0,38053085.4
2010-05-07,14.15,14.32,13.36,13.8,4110400,-0.0247,-0.024,56723520.0,40553567.2
2010-05-10,14.19,14.9,13.86,14.82,3817200,0.0444,0.0739,56570904.0,44282522.2
2010-05-11,13.94,14.74,13.4,14.33,4236400,0.028,-0.0331,60707612.0,44228880.6
2010-05-12,14.48,14.7,14.23,14.56,2434100,0.0055,0.0161,35440496.0,45087210.8
2010-05-13,14.5,14.93,13.9,14.05,2281600,-0.031,-0.035,32056480.0,45123504.0
2010-05-14,13.87,13.87,13.21,13.45,3505600,-0.0303,-0.0427,47150320.0,42266182.4
2010-05-17,13.4,13.79,12.93,13.43,2289000,0.0022,-0.0015,30741270.0,44068993.5
2010-05-18,13.38,13.66,12.93,13.0,2079400,-0.0284,-0.032,27032200.0,44549273.1
2010-05-19,12.99,13.07,12.61,12.8,1956700,-0.0146,-0.0154,25045760.0,42095042.1
2010-05-20,12.37,12.57,11.98,12.0,3309900,-0.0299,-0.0625,39718800.0,41895209.6
2010-05-21,11.72,12.76,11.72,12.63,3621200,0.0776,0.0525,45735756.0,41118736.2
2010-05-24,12.58,12.86,11.95,12.01,4447400,-0.0453,-0.0491,53413274.0,40019959.8
2010-05-25,11.65,12.18,11.03,12.11,6765700,0.0395,0.0083,81932627.0,39704196.8
2010-05-26,12.27,12.32,11.58,11.64,5081300,-0.0513,-0.0388,59146332.0,41826698.3
2010-05-27,11.94,12.24,11.79,12.21,6074600,0.0226,0.049,74170866.0,44197281.9
2010-05-28,12.12,12.27,11.85,12.23,2995800,0.0091,0.0016,36638634.0,48408720.5
2010-06-01,12.06,12.15,11.69,11.69,2952000,-0.0307,-0.0442,34508880.0,47357551.9
2010-06-02,11.74,11.87,11.48,11.83,3234700,0.0077,0.012,38266501.0,47734312.9
2010-06-03,12.0,12.06,11.58,11.99,1984900,-0.0008,0.0135,23798951.0,48857743.0
2010-06-04,11.46,11.74,11.09,11.23,5470000,-0.0201,-0.0634,61428100.0,48733062.1
2010-06-07,11.27,11.41,10.72,10.79,3691400,-0.0426,-0.0392,39830206.0,50903992.1
2010-06-08,10.8,10.96,10.53,10.85,2350500,0.0046,0.0056,25502925.0,50313437.1
2010-06-09,10.99,11.4,10.79,10.88,1853500,-0.01,0.0028,20166080.0,47522402.2
2010-06-10,11.15,11.39,10.96,11.3,1736000,0.0135,0.0386,19616800.0,41345747.5
2010-06-11,11.18,11.6,11.09,11.59,1251200,0.0367,0.0257,14501408.0,37392794.3
2010-06-14,11.77,12.07,11.59,11.81,2314900,0.0034,0.019,27338969.0,31425848.5
2010-06-15,11.86,12.48,11.86,12.35,1767700,0.0413,0.0457,21831095.0,30495882.0
2010-06-16,12.19,12.37,12.0,12.17,1769900,-0.0016,-0.0146,21539683.0,29228103.5
2010-06-17,12.22,12.31,11.96,12.2,1100100,-0.0016,0.0025,13421220.0,27555421.7
2010-06-18,12.25,12.3,11.74,12.0,2909100,-0.0204,-0.0164,34909200.0,26517648.6
2010-06-21,12.25,12.37,11.13,11.31,4366000,-0.0767,-0.0575,49379460.0,23865758.6
2010-06-22,11.4,11.4,10.79,10.86,4029900,-0.0474,-0.0398,43764714.0,24820684.0
2010-06-23,10.87,11.05,10.68,11.01,2960600,0.0129,0.0138,32596206.0,26646862.9
2010-06-24,10.87,11.01,10.67,10.73,2572700,-0.0129,-0.0254,27605071.0,27889875.5
2010-06-25,10.77,11.08,10.59,11.04,3784700,0.0251,0.0289,41783088.0,28688702.6
2010-06-28,11.39,11.49,11.11,11.14,1826100,-0.0219,0.0091,20342754.0,31416870.6
2010-06-29,10.86,10.91,10.51,10.68,3732100,-0.0166,-0.0413,39858828.0,30717249.1
2010-06-30,10.68,10.88,10.41,10.45,2037900,-0.0215,-0.0215,21296055.0,32520022.4
2010-07-01,10.5,10.6,10.1,10.49,3079800,-0.001,0.0038,32307102.0,32495659.6
2010-07-02,10.62,10.7,10.16,10.26,3086200,-0.0339,-0.0219,31664412.0,34384247.8
2010-07-06,10.62,10.62,9.98,10.11,3020300,-0.048,-0.0146,30535233.0,34059769.0
2010-07-07,10.19,10.69,10.19,10.65,3178000,0.0451,0.0534,33845700.0,32175346.3
2010-07-08,10.81,11.11,10.65,10.98,3221600,0.0157,0.031,35373168.0,31183444.9
2010-07-09,10.91,11.41,10.75,11.38,2750200,0.0431,0.0364,31297276.0,31461141.1
2010-07-12,11.36,11.46,10.99,11.22,2208500,-0.0123,-0.0141,24779370.0,31830361.6
2010-07-13,11.35,11.51,11.14,11.27,3373200,-0.007,0.0045,38015964.0,30129989.8
2010-07-14,11.25,11.58,11.18,11.43,2740700,0.016,0.0142,31326201.0,31897310.8
2010-07-15,11.44,11.72,9.57,10.19,13164800,-0.1093,-0.1085,134149312.0,31044048.1
2010-07-16,9.75,9.95,8.78,8.99,14481800,-0.0779,-0.1178,130191382.0,42329373.8
2010-07-19,9.0,9.1,8.54,8.83,4756800,-0.0189,-0.0178,42002544.0,52117801.8
2010-07-20,8.67,9.06,8.44,9.06,6500200,0.045,0.026,58891812.0,53151615.0
2010-07-21,9.12,9.14,8.8,8.86,3372600,-0.0285,-0.0221,29881236.0,55987272.9
2010-07-22,8.99,9.3,8.91,9.2,2300500,0.0234,0.0384,21164600.0,55590826.5
2010-07-23,9.13,9.61,9.11,9.58,2499500,0.0493,0.0413,23945210.0,54169969.7
2010-07-26,9.59,9.67,9.37,9.66,2584500,0.0073,0.0084,24966270.0,53434763.1
2010-07-27,9.73,9.79,9.44,9.61,3378800,-0.0123,-0.0052,32470268.0,53453453.1
2010-07-28,9.61,9.62,9.2,9.36,1782800,-0.026,-0.026,16687008.0,52898883.5
2010-07-29,9.49,9.57,9.03,9.3,2091600,-0.02,-0.0064,19451880.0,51434964.2
2010-07-30,9.11,9.44,8.95,9.23,1618200,0.0132,-0.0075,14935986.0,39965221.0
2010-08-02,9.45,9.72,9.42,9.68,1519900,0.0243,0.0488,14712632.0,28439681.4
2010-08-03,9.54,9.85,9.38,9.59,1641900,0.0052,-0.0093,15745821.0,25710690.2
2010-08-04,9.63,9.81,9.59,9.72,1070000,0.0093,0.0136,10400400.0,21396091.1
2010-08-05,9.59,9.62,9.36,9.46,2499900,-0.0136,-0.0267,23649054.0,19448007.5
2010-08-06,9.3,9.54,8.88,9.1,3080200,-0.0215,-0.0381,28029820.0,19696452.9
2010-08-09,9.16,9.39,8.91,9.32,1307000,0.0175,0.0242,12181240.0,20104913.9
2010-08-10,9.15,9.43,8.98,9.37,2615600,0.024,0.0054,24508172.0,18826410.9
2010-08-11,9.1,9.22,8.98,9.02,2419200,-0.0088,-0.0374,21821184.0,18030201.3
2010-08-12,8.83,8.88,8.55,8.59,2113000,-0.0272,-0.0477,18150670.0,18543618.9
2010-08-13,8.57,8.64,8.34,8.43,1359500,-0.0163,-0.0186,11460585.0,18413497.9
2010-08-16,8.39,8.63,8.17,8.61,1671900,0.0262,0.0214,14395059.0,18065957.8
2010-08-17,8.76,8.85,8.54,8.79,1664600,0.0034,0.0209,14631834.0,18034200.5
2010-08-18,8.8,9.24,8.61,9.09,1597400,0.033,0.0341,14520366.0,17922801.8
2010-08-19,9.07,9.12,8.62,8.69,1615300,-0.0419,-0.044,14036957.0,18334798.4
2010-08-20,8.67,8.83,8.4,8.8,1349200,0.015,0.0127,11872960.0,17373588.7
2010-08-23,8.9,9.03,8.64,8.66,1212900,-0.027,-0.0159,10503714.0,15757902.7
2010-08-24,8.47,8.78,8.4,8.43,1517100,-0.0047,-0.0266,12789153.0,15590150.1
2010-08-25,8.34,8.65,8.29,8.62,1655400,0.0336,0.0225,14269548.0,14418248.2
2010-08-26,8.64,8.76,8.34,8.52,1612600,-0.0139,-0.0116,13739352.0,13663084.6
2010-08-27,8.62,9.04,8.4,9.03,1469200,0.0476,0.0599,13266876.0,13221952.8
2010-08-30,8.99,9.17,8.6,8.6,1166200,-0.0434,-0.0476,10029320.0,13402581.9
2010-08-31,8.57,8.78,8.41,8.64,1095700,0.0082,0.0047,9466848.0,12966008.0
2010-09-01,8.82,9.3,8.77,9.26,1485300,0.0499,0.0718,13753878.0,12449509.4
2010-09-02,9.18,9.74,9.05,9.65,1710300,0.0512,0.0421,16504395.0,12372860.6
2010-09-03,9.83,9.94,9.49,9.83,1262700,0.0,0.0187,12412341.0,12619604.4
2010-09-07,9.36,9.54,9.11,9.15,1573700,-0.0224,-0.0692,14399355.0,12673542.5
2010-09-08,9.16,9.49,9.16,9.38,992800,0.024,0.0251,9312464.0,13063106.6
2010-09-09,9.57,9.57,9.1,9.23,986500,-0.0355,-0.016,9105395.0,12715437.7
2010-09-10,9.24,9.48,9.24,9.34,913400,0.0108,0.0119,8531156.0,12199022.4
2010-09-13,9.47,9.91,9.41,9.86,1878000,0.0412,0.0557,18517080.0,11678202.8
2010-09-14,9.94,9.94,9.65,9.73,1226000,-0.0211,-0.0132,11928980.0,12203223.2
2010-09-15,9.71,9.8,9.54,9.68,815800,-0.0031,-0.0051,7896944.0,12393189.2
2010-09-16,9.64,9.75,9.39,9.66,766500,0.0021,-0.0021,7404390.0,12236198.8
2010-09-17,9.77,9.97,9.5,9.65,1609600,-0.0123,-0.001,15532640.0,11601250.0
2010-09-20,9.67,10.33,9.64,10.22,2609200,0.0569,0.0591,26666024.0,11504074.5
2010-09-21,10.24,10.24,9.91,9.98,1327700,-0.0254,-0.0235,13250446.0,12929442.8
2010-09-22,9.96,10.08,9.75,9.9,988500,-0.006,-0.008,9786150.0,12814551.9
2010-09-23,9.78,10.1,9.44,9.46,1921900,-0.0327,-0.0444,18181174.0,12861920.5
2010-09-24,9.63,10.0,9.55,9.79,2024400,0.0166,0.0349,19818876.0,13769498.4
2010-09-27,9.78,9.94,9.62,9.84,1101200,0.0061,0.0051,10835808.0,14898270.4
2010-09-28,9.9,9.95,9.61,9.85,1320300,-0.0051,0.001,13004955.0,14130143.2
2010-09-29,9.93,10.01,9.86,9.96,1654000,0.003,0.0112,16473840.0,14237740.7
2010-09-30,10.06,10.51,9.57,9.88,1876100,-0.0179,-0.008,18535868.0,15095430.3
2010-10-01,10.05,10.06,9.58,9.91,1908200,-0.0139,0.003,18910262.0,16208578.1
2010-10-04,9.83,9.88,9.43,9.53,1307200,-0.0305,-0.0383,12457616.0,16546340.3
2010-10-05,9.67,9.79,9.52,9.74,943500,0.0072,0.022,9189690.0,15125499.5
2010-10-06,9.69,9.81,9.29,9.37,1196100,-0.033,-0.038,11207457.0,14719423.9
2010-10-07,9.43,9.59,9.31,9.48,711000,0.0053,0.0117,6740280.0,14861554.6
2010-10-08,9.5,9.68,9.32,9.64,854100,0.0147,0.0169,8233524.0,13717465.2
2010-10-11,9.7,9.75,9.5,9.5,901900,-0.0206,-0.0145,8568050.0,12558930.0
2010-10-12,9.43,9.55,9.32,9.41,939500,-0.0021,-0.0095,8840695.0,12332154.2
2010-10-13,9.47,9.7,9.45,9.52,1417500,0.0053,0.0117,13494600.0,11915728.2
2010-10-14,9.54,9.63,9.3,9.33,1632600,-0.022,-0.02,15232158.0,11617804.2
2010-10-15,9.62,9.81,9.46,9.77,3377100,0.0156,0.0472,32994267.0,11287433.2
2010-10-18,9.78,9.92,9.73,9.82,2599000,0.0041,0.0051,25522180.0,12695833.7
2010-10-19,9.73,9.86,9.53,9.66,1269000,-0.0072,-0.0163,12258540.0,14002290.1
2010-10-20,9.75,9.84,9.47,9.53,1383300,-0.0226,-0.0135,13182849.0,14309175.1
2010-10-21,9.62,9.75,9.43,9.54,1232200,-0.0083,0.001,11755188.0,14506714.3
2010-10-22,9.56,9.7,9.5,9.63,598300,0.0073,0.0094,5761629.0,15008205.1
2010-10-25,9.71,9.87,9.53,9.55,1171500,-0.0165,-0.0083,11187825.0,14761015.6
2010-10-26,9.47,9.83,9.45,9.75,920500,0.0296,0.0209,8974875.0,15022993.1
2010-10-27,9.63,9.72,9.49,9.65,1299400,0.0021,-0.0103,12539210.0,15036411.1
2010-10-28,9.72,9.75,9.57,9.64,726200,-0.0082,-0.001,7000568.0,14940872.1
2010-10-29,9.56,9.59,9.42,9.49,1153200,-0.0073,-0.0156,10943868.0,14117713.1
2010-11-01,9.52,9.7,9.47,9.6,1899300,0.0084,0.0116,18233280.0,11912673.2
2010-11-02,9.73,9.78,9.61,9.71,1072900,-0.0021,0.0115,10417859.0,11183783.2
2010-11-03,9.75,9.77,9.59,9.68,903700,-0.0072,-0.0031,8747816.0,10999715.1
2010-11-04,9.86,10.01,9.69,9.81,3105800,-0.0051,0.0134,30467898.0,10556211.8
2010-11-05,9.33,9.83,9.03,9.81,3550100,0.0514,0.0,34826481.0,12427482.8
2010-11-08,9.73,9.83,9.57,9.7,2002500,-0.0031,-0.0112,19424250.0,15333968.0
2010-11-09,9.71,9.93,9.7,9.75,1507200,0.0041,0.0052,14695200.0,16157610.5
2010-11-10,9.74,10.12,9.69,10.07,2433000,0.0339,0.0328,24500310.0,16729643.0
2010-11-11,9.9,10.18,9.89,10.08,1389200,0.0182,0.001,14003136.0,17925753.0
2010-11-12,9.95,10.2,9.95,10.01,1518400,0.006,-0.0069,15199184.0,18626009.8
2010-11-15,10.07,10.24,10.05,10.18,2282000,0.0109,0.017,23230760.0,19051541.4
2010-11-16,10.04,10.13,9.91,10.01,2325900,-0.003,-0.0167,23282259.0,19551289.4
2010-11-17,10.0,10.08,9.87,9.96,1508700,-0.004,-0.005,15026652.0,20837729.4
2010-11-18,10.06,10.57,10.06,10.41,3869800,0.0348,0.0452,40284618.0,21465613.0
2010-11-19,10.44,10.56,10.42,10.51,1740400,0.0067,0.0096,18291604.0,22447285.0
2010-11-22,10.6,10.82,10.4,10.8,1888400,0.0189,0.0276,20394720.0,20793797.3
2010-11-23,10.65,10.67,10.42,10.45,1420200,-0.0188,-0.0324,14841090.0,20890844.3
2010-11-24,10.6,10.93,10.58,10.93,1172500,0.0311,0.0459,12815425.0,20905433.3
2010-11-26,10.81,10.93,10.74,10.9,390300,0.0083,-0.0027,4254270.0,19736944.8
2010-11-29,10.88,10.89,10.53,10.73,1170600,-0.0138,-0.0156,12560538.0,18762058.2
2010-11-30,10.55,10.87,10.49,10.76,1237100,0.0199,0.0028,13311196.0,18498193.6
2010-12-01,11.02,11.23,10.89,10.9,1293700,-0.0109,0.013,14101330.0,17506237.2
2010-12-02,10.9,11.32,10.87,11.27,1017900,0.0339,0.0339,11471733.0,16588144.3
2010-12-03,11.22,11.65,11.2,11.42,2999100,0.0178,0.0133,34249722.0,16232652.4
2010-12-06,11.34,11.62,11.26,11.61,1134100,0.0238,0.0166,13166901.0,15629162.8
2010-12-07,11.84,11.86,11.42,11.57,1569000,-0.0228,-0.0034,18153330.0,15116692.5
2010-12-08,11.6,11.7,11.41,11.48,1027600,-0.0103,-0.0078,11796848.0,14892553.5
2010-12-09,11.6,11.6,11.28,11.41,795400,-0.0164,-0.0061,9075514.0,14588129.3
2010-12-10,11.46,11.5,11.36,11.44,804200,-0.0017,0.0026,9200048.0,14214138.2
2010-12-13,11.5,11.85,11.5,11.7,1723500,0.0174,0.0227,20164950.0,14708716.0
2010-12-14,11.77,11.89,11.58,11.62,1691800,-0.0127,-0.0068,19658716.0,15469157.2
2010-12-15,11.57,11.59,11.26,11.34,822700,-0.0199,-0.0241,9329418.0,16103909.2
2010-12-16,11.42,11.45,11.17,11.3,670600,-0.0105,-0.0035,7577780.0,15626718.0
2010-12-17,11.28,11.7,11.1,11.7,2088400,0.0372,0.0354,24434280.0,15237322.7
2010-12-20,11.68,11.82,11.6,11.76,864700,0.0068,0.0051,10168872.0,14255778.5
2010-12-21,11.78,11.82,11.57,11.71,683200,-0.0059,-0.0043,8000272.0,13955975.6
2010-12-22,11.7,11.8,11.57,11.77,542300,0.006,0.0051,6382871.0,12940669.8
2010-12-23,11.75,11.85,11.65,11.8,478200,0.0043,0.0025,5642760.0,12399272.1
2010-12-27,11.69,11.88,11.69,11.88,413600,0.0163,0.0068,4913568.0,12055996.7
2010-12-28,11.87,12.01,11.84,11.98,665400,0.0093,0.0084,7971492.0,11627348.7
2010-12-29,12.0,12.09,11.88,11.98,455800,-0.0017,0.0,5460484.0,10408002.9
2010-12-30,11.98,12.08,11.81,11.82,532000,-0.0134,-0.0134,6288240.0,8988179.7
2010-12-31,11.82,11.83,11.39,11.42,852400,-0.0338,-0.0338,9734408.0,8684061.9
2011-01-03,11.58,11.86,11.48,11.68,1997200,0.0086,0.0228,23327296.0,8899724.7
2011-01-04,11.66,11.74,11.3,11.4,1646700,-0.0223,-0.024,18772380.0,8789026.3
2011-01-05,11.41,11.63,11.35,11.61,979400,0.0175,0.0184,11370834.0,9649377.1
2011-01-06,11.59,11.63,11.35,11.44,1002000,-0.0129,-0.0146,11462880.0,9986433.3
2011-01-07,11.45,11.52,11.13,11.24,1261500,-0.0183,-0.0175,14179260.0,10494434.2
2011-01-10,11.2,11.26,11.11,11.26,1236900,0.0054,0.0018,13927494.0,11348084.2
2011-01-11,11.33,11.44,11.18,11.21,939100,-0.0106,-0.0044,10527311.0,12249476.8
2011-01-12,11.32,11.61,11.31,11.51,1036700,0.0168,0.0268,11932417.0,12505058.7
2011-01-13,11.54,11.82,11.53,11.67,1043800,0.0113,0.0139,12181146.0,13152252.0
2011-01-14,11.69,11.96,11.67,11.83,1206500,0.012,0.0137,14272895.0,13741542.6
2011-01-18,11.77,11.77,11.57,11.67,542200,-0.0085,-0.0135,6327474.0,14195391.3
2011-01-19,11.69,11.79,11.22,11.23,881600,-0.0393,-0.0377,9900368.0,12495409.1
2011-01-20,11.11,11.22,10.95,11.12,1165800,0.0009,-0.0098,12963696.0,11608207.9
2011-01-21,11.21,11.21,10.83,10.95,1126500,-0.0232,-0.0153,12335175.0,11767494.1
2011-01-24,10.87,11.02,10.75,10.96,1444500,0.0083,0.0009,15831720.0,11854723.6
2011-01-25,10.86,10.93,10.59,10.64,1383300,-0.0203,-0.0292,14718312.0,12019969.6
2011-01-26,10.71,10.86,10.48,10.7,1536100,-0.0009,0.0056,16436270.0,12099051.4
2011-01-27,10.71,10.85,10.41,10.42,1806000,-0.0271,-0.0262,18818520.0,12689947.3
2011-01-28,10.39,10.51,10.14,10.26,1564200,-0.0125,-0.0154,16048692.0,13378557.6
2011-01-31,10.28,10.5,10.18,10.4,978000,0.0117,0.0136,10171200.0,13765312.2
2011-02-01,10.51,10.74,10.38,10.72,1027300,0.02,0.0308,11012656.0,13355142.7
2011-02-02,10.66,10.86,10.63,10.76,927800,0.0094,0.0037,9983128.0,13823660.9
2011-02-03,10.76,10.76,10.26,10.43,2840800,-0.0307,-0.0307,29629544.0,13831936.9
2011-02-04,10.46,10.49,10.16,10.48,2075600,0.0019,0.0048,21752288.0,15498521.7
2011-02-07,10.52,10.94,10.46,10.8,1748100,0.0266,0.0305,18879480.0,16440233.0
2011-02-08,10.81,10.99,10.74,10.94,961300,0.012,0.013,10516622.0,16745009.0
2011-02-09,10.92,11.42,10.9,11.39,1396300,0.043,0.0411,15903857.0,16324840.0
2011-02-10,11.34,11.55,11.3,11.51,2500700,0.015,0.0105,28783057.0,16271598.7
2011-02-11,11.46,11.66,11.36,11.6,813800,0.0122,0.0078,9440080.0,17268052.4
2011-02-14,11.61,11.64,11.38,11.58,735300,-0.0026,-0.0017,8514774.0,16607191.2
2011-02-15,11.53,11.61,11.42,11.45,1330000,-0.0069,-0.0112,15228500.0,16441548.6
2011-02-16,11.43,11.53,11.31,11.48,1314800,0.0044,0.0026,15093904.0,16863133.0
2011-02-17,11.48,11.5,11.41,11.45,1388000,-0.0026,-0.0026,15892600.0,17374210.6
2011-02-18,11.45,11.45,11.27,11.33,869600,-0.0105,-0.0105,9852568.0,16000516.2
2011-02-22,11.23,11.28,10.71,10.76,1351600,-0.0419,-0.0503,14543216.0,14810544.2
2011-02-23,10.79,10.97,10.16,10.39,2609800,-0.0371,-0.0344,27115822.0,14376917.8
2011-02-24,10.42,10.55,10.25,10.46,1645000,0.0038,0.0067,17206700.0,16036837.8
2011-02-25,10.47,10.65,10.36,10.58,1699100,0.0105,0.0115,17976478.0,16167122.1
2011-02-28,10.64,10.71,10.55,10.63,2220600,-0.0009,0.0047,23604978.0,15086464.2
2011-03-01,10.55,11.2,10.33,10.7,4900700,0.0142,0.0066,52437490.0,16502954.0
2011-03-02,10.65,11.02,10.62,10.79,1756100,0.0131,0.0084,18948319.0,20895225.6
2011-03-03,10.87,11.2,10.87,11.19,1613400,0.0294,0.0371,18053946.0,21267207.5
2011-03-04,11.22,11.24,10.77,10.83,1681200,-0.0348,-0.0322,18207396.0,21563211.7
2011-03-07,10.85,10.87,10.31,10.42,1922600,-0.0396,-0.0379,20033492.0,21794691.3
2011-03-08,10.45,10.61,10.26,10.57,1360100,0.0115,0.0144,14376257.0,22812783.7
2011-03-09,10.6,10.63,10.47,10.53,1017400,-0.0066,-0.0038,10713222.0,22796087.8
2011-03-10,10.36,10.5,10.25,10.29,1527900,-0.0068,-0.0228,15722091.0,21155827.8
2011-03-11,10.18,10.39,10.18,10.35,1606700,0.0167,0.0058,16629345.0,21007366.9
2011-03-14,10.2,10.37,10.09,10.28,1045500,0.0078,-0.0068,10747740.0,20872653.6
2011-03-15,9.91,10.13,9.88,10.06,1244900,0.0151,-0.0214,12523694.0,19586929.8
2011-03-16,10.01,10.06,9.9,10.0,1586300,-0.001,-0.006,15863000.0,15595550.2
2011-03-17,10.23,10.38,9.98,10.0,767400,-0.0225,0.0,7674000.0,15287018.3
2011-03-18,10.14,10.24,9.96,10.24,1932200,0.0099,0.024,19785728.0,14249023.7
2011-03-21,10.36,10.5,10.3,10.38,901200,0.0019,0.0137,9354456.0,14406856.9
2011-03-22,10.35,10.38,9.95,10.05,1036700,-0.029,-0.0318,10418835.0,13338953.3
2011-03-23,10.0,10.16,9.91,10.12,1295600,0.012,0.007,13111472.0,12943211.1
2011-03-24,10.18,10.2,10.07,10.12,809500,-0.0059,0.0,8192140.0,13183036.1
2011-03-25,10.19,10.49,10.05,10.07,1496800,-0.0118,-0.0049,15072776.0,12430041.0
2011-03-28,10.1,10.24,9.96,9.98,1359400,-0.0119,-0.0089,13566812.0,12274384.1
2011-03-29,9.96,10.03,9.82,9.99,2334400,0.003,0.001,23320656.0,12556291.3
2011-03-30,10.05,10.15,9.95,10.0,1119800,-0.005,0.001,11198000.0,13635987.5
2011-03-31,9.96,10.14,9.87,10.0,2032500,0.004,0.0,20325000.0,13169487.5
2011-04-01,10.0,10.2,9.91,9.98,1709900,-0.002,-0.002,17064802.0,14434587.5
2011-04-04,9.98,10.04,9.8,9.94,827900,-0.004,-0.004,8229326.0,14162494.9
2011-04-05,9.9,10.26,9.86,10.12,843500,0.0222,0.0181,8536220.0,14049981.9
2011-04-06,10.18,10.3,10.03,10.24,902900,0.0059,0.0119,9245696.0,13861720.4
2011-04-07,10.29,10.57,10.27,10.48,1375200,0.0185,0.0234,14412096.0,13475142.8
2011-04-08,10.55,10.57,10.28,10.3,740200,-0.0237,-0.0172,7624060.0,14097138.4
2011-04-11,10.29,10.33,10.03,10.08,885500,-0.0204,-0.0214,8925840.0,13352266.8
2011-04-12,10.02,10.18,9.95,9.96,1175100,-0.006,-0.0119,11703996.0,12888169.6
2011-04-13,10.02,10.02,9.81,9.89,1340700,-0.013,-0.007,13259523.0,11726503.6
2011-04-14,9.83,9.95,9.76,9.85,2119600,0.002,-0.004,20878060.0,11932655.9
2011-04-15,9.82,9.92,9.78,9.87,1187600,0.0051,0.002,11721612.0,11987961.9
2011-04-18,9.74,9.83,9.7,9.73,752200,-0.001,-0.0142,7318906.0,11453642.9
2011-04-19,9.76,9.87,9.71,9.81,1400300,0.0051,0.0082,13736943.0,11362600.9
2011-04-20,9.96,9.97,9.79,9.82,1622300,-0.0141,0.001,15930986.0,11882673.2
2011-04-21,9.9,10.04,9.78,9.93,1878000,0.003,0.0112,18648540.0,12551202.2
2011-04-25,9.91,10.24,9.84,10.23,1622400,0.0323,0.0302,16597152.0,12974846.6
2011-04-26,10.28,10.57,10.24,10.54,1500000,0.0253,0.0303,15810000.0,13872155.8
2011-04-27,10.54,10.79,10.47,10.79,1676100,0.0237,0.0237,18085119.0,14560571.8
2011-04-28,11.02,11.25,10.99,11.16,1927800,0.0127,0.0343,21514248.0,15198684.1
2011-04-29,11.14,11.2,10.9,11.09,1617800,-0.0045,-0.0063,17941402.0,16024156.6
2011-05-02,11.11,11.15,10.91,10.93,1122200,-0.0162,-0.0144,12265646.0,15730490.8
2011-05-03,10.92,11.03,10.79,10.93,1263100,0.0009,0.0,13805683.0,15784894.2
2011-05-04,10.93,11.03,10.61,10.85,1263500,-0.0073,-0.0073,13708975.0,16433571.9
2011-05-05,10.8,10.96,10.68,10.87,1372600,0.0065,0.0018,14920162.0,16430775.1
2011-05-06,11.01,11.1,10.74,10.75,2760700,-0.0236,-0.011,29677525.0,16329692.7
2011-05-09,10.77,10.78,10.65,10.7,1449000,-0.0065,-0.0047,15504300.0,17432591.2
2011-05-10,10.7,10.8,10.68,10.7,1647400,0.0,0.0,17627180.0,17323306.0
2011-05-11,10.72,10.86,10.64,10.65,1441100,-0.0065,-0.0047,15347715.0,17505024.0
2011-05-12,10.64,10.77,10.56,10.69,1363800,0.0047,0.0038,14579022.0,17231283.6
2011-05-13,10.68,10.68,10.4,10.46,1335800,-0.0206,-0.0215,13972468.0,16537761.0
2011-05-16,10.37,10.44,10.11,10.15,1239100,-0.0212,-0.0296,12576865.0,16140867.6
2011-05-17,10.09,10.13,9.9,9.92,1910300,-0.0168,-0.0227,18950176.0,16171989.5
2011-05-18,9.92,10.83,9.91,10.82,2772300,0.0907,0.0907,29996286.0,16686438.8
2011-05-19,10.88,11.31,10.87,11.24,3206700,0.0331,0.0388,36043308.0,18315169.9
2011-05-20,11.16,11.2,10.86,11.0,1504800,-0.0143,-0.0214,16552800.0,20427484.5
2011-05-23,10.79,11.01,10.69,10.88,1923600,0.0083,-0.0109,20928768.0,19115012.0
2011-05-24,10.9,11.01,10.7,10.95,1764300,0.0046,0.0064,19319085.0,19657458.8
2011-05-25,10.88,11.32,10.83,11.0,3916200,0.011,0.0046,43078200.0,19826649.3
2011-05-26,10.93,11.12,10.93,11.02,1790600,0.0082,0.0018,19732412.0,22599697.8
2011-05-27,11.09,11.1,10.98,11.04,1913400,-0.0045,0.0018,21123936.0,23115036.8
2011-05-31,11.2,11.59,11.2,11.53,3407100,0.0295,0.0444,39283863.0,23830183.6
2011-06-01,11.48,11.5,10.92,11.0,1835000,-0.0418,-0.046,20185000.0,26500883.4
2011-06-02,11.04,11.3,11.0,11.07,1336800,0.0027,0.0064,14798376.0,26624365.8
2011-06-03,10.89,11.07,10.8,10.83,1155200,-0.0055,-0.0217,12510816.0,25104574.8
2011-06-06,10.81,10.86,10.38,10.43,1475900,-0.0352,-0.0369,15393637.0,22751325.6
2011-06-07,10.5,10.62,10.2,10.2,1426800,-0.0286,-0.0221,14553360.0,22635409.3
2011-06-08,10.13,10.39,10.06,10.27,1774000,0.0138,0.0069,18218980.0,21997868.5
2011-06-09,10.33,10.5,10.14,10.3,1359300,-0.0029,0.0029,14000790.0,21887858.0
2011-06-10,10.7,11.14,10.67,10.92,3297600,0.0206,0.0602,36009792.0,18980117.0
2011-06-13,10.91,10.91,10.49,10.57,1628200,-0.0312,-0.0321,17210074.0,20607855.0
2011-06-14,10.7,10.91,10.68,10.85,1029600,0.014,0.0265,11171160.0,20216468.8
2011-06-15,10.72,11.0,10.67,10.88,2534900,0.0149,0.0028,27579712.0,17405198.5
2011-06-16,10.85,10.9,10.5,10.58,1592000,-0.0249,-0.0276,16843360.0,18144669.7
2011-06-17,10.67,10.77,10.51,10.67,1697300,0.0,0.0085,18110191.0,18349168.1
2011-06-20,10.62,11.0,10.53,10.96,1870900,0.032,0.0272,20505064.0,18909105.6
2011-06-21,11.02,11.27,10.98,11.12,1576400,0.0091,0.0146,17529568.0,19420248.3
2011-06-22,11.08,11.25,11.0,11.04,1578200,-0.0036,-0.0072,17423328.0,19717869.1
2011-06-23,10.91,11.0,10.69,10.94,1350500,0.0027,-0.0091,14774470.0,19638303.9
2011-06-24,10.98,11.03,10.8,10.94,1459600,-0.0036,0.0,15968024.0,19715671.9
2011-06-27,10.91,11.08,10.79,11.04,947400,0.0119,0.0091,10459296.0,17711495.1
2011-06-28,11.06,11.3,11.04,11.17,1314000,0.0099,0.0118,14677380.0,17036417.3
2011-06-29,11.25,11.27,11.04,11.23,932800,-0.0018,0.0054,10475344.0,17387039.3
2011-06-30,11.28,11.52,11.23,11.47,1326600,0.0168,0.0214,15216102.0,15676602.5
2011-07-01,11.48,11.79,11.35,11.7,1543100,0.0192,0.0201,18054270.0,15513876.7
2011-07-05,11.7,11.79,11.48,11.69,936100,-0.0009,-0.0009,10943009.0,15508284.6
2011-07-06,11.68,11.68,11.46,11.51,1158800,-0.0146,-0.0154,13337788.0,14552079.1
2011-07-07,12.0,12.44,11.84,12.26,4549000,0.0217,0.0652,55770740.0,14132901.1
2011-07-08,12.03,12.12,11.85,12.03,1438900,0.0,-0.0188,17309967.0,17967642.3
2011-07-11,11.82,11.91,11.58,11.6,1346800,-0.0186,-0.0357,15622880.0,18221192.0
2011-07-12,11.52,11.78,11.48,11.54,1107200,0.0017,-0.0052,12777088.0,18186677.6
2011-07-13,11.65,11.89,11.62,11.7,1107800,0.0043,0.0139,12961260.0,18418456.8
2011-07-14,11.7,11.78,11.3,11.36,745200,-0.0291,-0.0291,8465472.0,18246844.8
2011-07-15,11.44,11.61,11.38,11.44,758000,0.0,0.007,8671520.0,18045857.6
2011-07-18,11.4,11.41,10.98,11.11,756700,-0.0254,-0.0288,8406937.0,17391399.4
2011-07-19,11.25,11.44,11.18,11.38,752600,0.0116,0.0243,8564588.0,16426666.1
2011-07-20,11.43,11.48,11.21,11.22,794500,-0.0184,-0.0141,8914290.0,16188824.0
2011-07-21,11.32,11.66,11.31,11.6,1078600,0.0247,0.0339,12511760.0,15746474.2
2011-07-22,11.6,11.71,11.43,11.69,1224000,0.0078,0.0078,14308560.0,11420576.2
2011-07-25,11.51,11.74,11.46,11.48,805500,-0.0026,-0.018,9247140.0,11120435.5
2011-07-26,11.51,11.61,11.42,11.52,886500,0.0009,0.0035,10212480.0,10482861.5
2011-07-27,11.42,11.42,11.05,11.11,891300,-0.0271,-0.0356,9902343.0,10226400.7
2011-07-28,11.14,11.2,10.97,11.03,1172500,-0.0099,-0.0072,12932675.0,9920509.0
2011-07-29,10.85,11.22,10.84,11.1,1056700,0.023,0.0063,11729370.0,10367229.3
2011-08-01,11.31,11.4,11.01,11.13,1228600,-0.0159,0.0027,13674318.0,10673014.3
2011-08-02,11.02,11.16,10.58,10.7,2757900,-0.029,-0.0386,29509530.0,11199752.4
2011-08-03,10.73,10.83,10.27,10.66,1380900,-0.0065,-0.0037,14720394.0,13294246.6
2011-08-04,10.47,10.48,9.66,9.75,2657700,-0.0688,-0.0854,25912575.0,13874857.0
2011-08-05,9.87,9.95,9.0,9.38,4069500,-0.0496,-0.0379,38171910.0,15214938.5
2011-08-08,9.14,9.3,8.37,8.78,4593000,-0.0394,-0.064,40326540.0,17601273.5
2011-08-09,10.42,10.52,8.95,9.72,4340000,-0.0672,0.1071,42184800.0,20709213.5
2011-08-10,9.46,9.6,8.98,9.06,2992300,-0.0423,-0.0679,27110238.0,23906445.5
2011-08-11,9.16,9.59,9.07,9.41,2483400,0.0273,0.0386,23368794.0,25627235.0
2011-08-12,9.52,9.59,9.18,9.28,2205900,-0.0252,-0.0138,20470752.0,26670846.9
2011-08-15,9.37,9.63,9.29,9.56,965100,0.0203,0.0302,9226356.0,27544985.1
2011-08-16,9.42,9.79,9.32,9.75,1818300,0.035,0.0199,17728425.0,27100188.9
2011-08-17,9.79,9.83,9.24,9.38,786300,-0.0419,-0.0379,7375494.0,25922078.4
2011-08-18,9.01,9.06,8.46,8.58,2748900,-0.0477,-0.0853,23585562.0,25187588.4
2011-08-19,8.4,8.76,8.22,8.44,1494400,0.0048,-0.0163,12612736.0,24954887.1
2011-08-22,8.73,8.86,8.26,8.28,976000,-0.0515,-0.019,8081280.0,22398969.7
2011-08-23,8.35,8.6,7.94,8.52,2228800,0.0204,0.029,18989376.0,19174443.7
2011-08-24,8.5,8.71,8.43,8.63,1464800,0.0153,0.0129,12641224.0,16854901.3
2011-08-25,8.71,8.83,8.34,8.4,1231200,-0.0356,-0.0267,10342080.0,15407999.9
2011-08-26,8.32,8.57,8.11,8.51,1189500,0.0228,0.0131,10122645.0,14105328.5
2011-08-29,8.64,9.01,8.63,8.98,1535400,0.0394,0.0552,13787892.0,13070517.8
2011-08-30,8.9,9.19,8.88,9.1,1030900,0.0225,0.0134,9381190.0,13526671.4
2011-08-31,9.18,9.37,9.12,9.25,1197300,0.0076,0.0165,11075025.0,12691947.9
2011-09-01,9.25,9.48,9.11,9.13,1403200,-0.013,-0.013,12811216.0,13061901.0
2011-09-02,8.96,9.02,8.54,8.55,1155200,-0.0458,-0.0635,9876960.0,11984466.4
2011-09-06,8.29,8.44,8.08,8.43,1440500,0.0169,-0.014,12143415.0,11710888.8
2011-09-07,8.61,8.9,8.51,8.87,944000,0.0302,0.0522,8373280.0,12117102.3
2011-09-08,8.81,8.95,8.53,8.56,706900,-0.0284,-0.0349,6051064.0,11055492.7
2011-09-09,8.43,8.56,8.03,8.12,1740800,-0.0368,-0.0514,14135296.0,10396476.7
2011-09-12,7.97,8.19,7.9,8.18,859700,0.0263,0.0074,7032346.0,10775798.3
2011-09-13,8.22,8.39,8.17,8.34,978400,0.0146,0.0196,8159856.0,10466768.4
2011-09-14,8.45,8.55,8.17,8.39,1229500,-0.0071,0.006,10315505.0,9903964.8
2011-09-15,8.49,8.64,8.34,8.59,692000,0.0118,0.0238,5944280.0,9997396.3
2011-09-16,8.68,8.95,8.5,8.52,2230400,-0.0184,-0.0081,19003008.0,9484321.8
2011-09-19,8.32,8.44,8.14,8.35,1010900,0.0036,-0.02,8441015.0,10103501.0
2011-09-20,8.4,8.51,8.09,8.09,848700,-0.0369,-0.0311,6865983.0,9959906.5
2011-09-21,8.1,8.19,7.84,8.0,1631300,-0.0123,-0.0111,13050400.0,9432163.3
2011-09-22,7.72,8.32,7.66,8.17,2788800,0.0583,0.0212,22784496.0,9899875.3
2011-09-23,8.1,8.46,8.03,8.33,1181300,0.0284,0.0196,9840229.0,11573218.5
2011-09-26,8.41,8.44,8.01,8.43,2172900,0.0024,0.012,18317547.0,11143711.8
2011-09-27,8.71,8.85,8.45,8.52,1894700,-0.0218,0.0107,16142844.0,12272231.9
2011-09-28,8.55,8.68,8.23,8.25,1077200,-0.0351,-0.0317,8886900.0,13070530.7
2011-09-29,8.49,8.55,8.06,8.21,1235200,-0.033,-0.0048,10140992.0,12927670.2
2011-09-30,8.07,8.16,7.98,8.01,1551500,-0.0074,-0.0244,12427515.0,13347341.4
2011-10-03,7.95,8.11,7.32,7.33,2756100,-0.078,-0.0849,20202213.0,12689792.1
2011-10-04,7.24,7.71,7.14,7.68,2998600,0.0608,0.0477,23029248.0,13865911.9
2011-10-05,7.68,7.92,7.57,7.82,1045400,0.0182,0.0182,8175028.0,15482238.4
2011-10-06,7.76,8.23,7.65,8.2,1009400,0.0567,0.0486,8277080.0,14994701.2
2011-10-07,8.19,8.46,7.91,8.05,1261200,-0.0171,-0.0183,10152660.0,13543959.6
2011-10-10,8.25,8.64,8.17,8.51,978800,0.0315,0.0571,8329588.0,13575202.7
2011-10-11,8.44,8.82,8.42,8.63,767000,0.0225,0.0141,6619210.0,12576406.8
2011-10-12,8.73,9.11,8.7,8.85,1199800,0.0137,0.0255,10618230.0,11624043.4
2011-10-13,8.78,9.01,8.71,8.99,642300,0.0239,0.0158,5774277.0,11797176.4
2011-10-14,9.06,9.34,8.9,9.09,946800,0.0033,0.0111,8606412.0,11360504.9
2011-10-17,8.98,8.98,8.58,8.64,887700,-0.0379,-0.0495,7669728.0,10978394.6
2011-10-18,8.66,9.11,8.45,8.99,1207200,0.0381,0.0405,10852728.0,9725146.1
2011-10-19,8.91,9.1,8.54,8.56,1047200,-0.0393,-0.0478,8964032.0,8507494.1
2011-10-20,8.59,8.65,8.18,8.59,698800,0.0,0.0035,6002692.0,8586394.5
2011-10-21,8.79,8.98,8.66,8.84,724200,0.0057,0.0291,6401928.0,8358955.7
2011-10-24,8.89,9.35,8.89,9.24,666200,0.0394,0.0452,6155688.0,7983882.5
2011-10-25,9.13,9.2,8.8,8.85,788300,-0.0307,-0.0422,6976455.0,7766492.5
2011-10-26,9.04,9.04,8.58,9.0,808500,-0.0044,0.0169,7276500.0,7802217.0
2011-10-27,9.34,9.58,9.16,9.56,1396500,0.0236,0.0622,13350540.0,7468044.0
2011-10-28,9.56,9.88,9.45,9.82,1340800,0.0272,0.0272,13166656.0,8225670.3
2011-10-31,9.71,9.86,9.32,9.39,1196800,-0.033,-0.0438,11237952.0,8681694.7
2011-11-01,8.93,9.3,8.89,9.06,1455500,0.0146,-0.0351,13186830.0,9038517.1
2011-11-02,9.25,9.46,9.03,9.37,848600,0.013,0.0342,7951382.0,9271927.3
2011-11-03,9.5,9.75,9.18,9.57,1284600,0.0074,0.0213,12293622.0,9170662.3
2011-11-04,9.37,9.37,8.01,8.89,4763700,-0.0512,-0.0711,42349293.0,9799755.3
2011-11-07,8.86,8.91,8.51,8.71,1783000,-0.0169,-0.0202,15529930.0,13394491.8
2011-11-08,8.75,8.77,8.47,8.71,1123700,-0.0046,0.0,9787427.0,14331916.0
2011-11-09,8.4,8.46,8.1,8.11,2114500,-0.0345,-0.0689,17148595.0,14613013.2
2011-11-10,8.29,8.3,8.01,8.17,1370600,-0.0145,0.0074,11197802.0,15600222.7
2011-11-11,8.29,8.54,8.14,8.36,1026600,0.0084,0.0233,8582376.0,15384948.9
2011-11-14,8.36,8.68,8.34,8.44,1824900,0.0096,0.0096,15402156.0,14926520.9
2011-11-15,8.39,8.49,8.1,8.17,1871600,-0.0262,-0.032,15290972.0,15342941.3
2011-11-16,8.08,8.37,8.0,8.04,1189900,-0.005,-0.0159,9566796.0,15553355.5
2011-11-17,8.13,8.89,8.13,8.58,3183800,0.0554,0.0672,27317004.0,15714896.9
2011-11-18,8.58,9.25,8.48,9.18,2158600,0.0699,0.0699,19815948.0,17217235.1
2011-11-21,8.74,8.91,8.64,8.81,1294100,0.008,-0.0403,11401021.0,14963900.6
2011-11-22,8.77,8.79,8.54,8.55,1056600,-0.0251,-0.0295,9033930.0,14551009.7
2011-11-23,8.46,8.54,8.25,8.25,1056600,-0.0248,-0.0351,8716950.0,14475660.0
2011-11-25,8.19,8.37,8.06,8.08,596300,-0.0134,-0.0206,4818104.0,13632495.5
2011-11-28,8.36,8.6,8.33,8.52,910700,0.0191,0.0545,7759164.0,12994525.7
2011-11-29,8.56,8.68,8.28,8.3,769700,-0.0304,-0.0258,6388510.0,12912204.5
2011-11-30,8.72,8.97,8.61,8.64,1996200,-0.0092,0.041,17247168.0,12010839.9
2011-12-01,8.64,8.88,8.62,8.66,1137500,0.0023,0.0023,9850750.0,12206459.5
2011-12-02,8.81,9.07,8.77,8.82,741000,0.0011,0.0185,6535620.0,12234854.9
2011-12-05,8.99,9.29,8.8,8.86,1622200,-0.0145,0.0045,14372692.0,10156716.5
2011-12-06,8.9,8.97,8.66,8.69,975500,-0.0236,-0.0192,8477095.0,9612390.9
2011-12-07,8.68,8.75,8.41,8.7,1201200,0.0023,0.0012,10450440.0,9319998.3
2011-12-08,8.61,8.74,8.3,8.32,914500,-0.0337,-0.0437,7608640.0,9461649.3
2011-12-09,8.36,8.65,8.33,8.57,710100,0.0251,0.03,6085557.0,9350818.3
2011-12-12,8.5,8.57,8.26,8.49,1148900,-0.0012,-0.0093,9754161.0,9477563.6
2011-12-13,8.56,8.57,8.34,8.37,1292800,-0.0222,-0.0141,10820736.0,9677063.3
2011-12-14,8.26,8.3,8.05,8.1,1562700,-0.0194,-0.0323,12657870.0,10120285.9
2011-12-15,8.2,8.3,8.1,8.23,731900,0.0037,0.016,6023537.0,9661356.1
2011-12-16,8.3,8.32,8.14,8.3,1522900,0.0,0.0085,12640070.0,9278634.8
2011-12-19,8.33,8.4,8.1,8.11,867800,-0.0264,-0.0229,7037858.0,9889079.8
2011-12-20,8.3,8.33,8.13,8.24,1396300,-0.0072,0.016,11505512.0,9155596.4
2011-12-21,8.21,8.31,8.15,8.3,797900,0.011,0.0073,6622570.0,9458438.1
2011-12-22,8.3,8.38,8.26,8.31,752800,0.0012,0.0012,6255768.0,9075651.1
2011-12-23,8.36,8.67,8.36,8.65,759300,0.0347,0.0409,6567945.0,8940363.9
2011-12-27,8.64,8.7,8.42,8.65,685800,0.0012,0.0,5932170.0,8988602.7
2011-12-28,8.64,8.67,8.36,8.4,671600,-0.0278,-0.0289,5641440.0,8606403.6
2011-12-29,8.42,8.46,8.32,8.38,691900,-0.0048,-0.0024,5798122.0,8088474.0
2011-12-30,8.36,8.39,8.25,8.31,669800,-0.006,-0.0084,5566038.0,7402499.2
2012-01-03,8.55,9.28,8.54,9.19,2612100,0.0749,0.1059,24005199.0,7356749.3
2012-01-04,9.14,9.47,9.08,9.44,1104000,0.0328,0.0272,10421760.0,8493262.2
2012-01-05,9.38,9.63,9.12,9.52,1463600,0.0149,0.0085,13933472.0,8831652.4
2012-01-06,9.51,9.82,9.27,9.66,1524100,0.0158,0.0147,14722806.0,9074448.4
2012-01-09,9.69,9.85,9.58,9.74,842000,0.0052,0.0083,8201080.0,9884472.0
2012-01-10,9.87,10.13,9.81,10.06,730600,0.0193,0.0329,7349836.0,10079003.2
2012-01-11,10.04,10.23,9.98,10.18,896900,0.0139,0.0119,9130442.0,10157192.3
2012-01-12,10.26,10.45,10.13,10.4,700200,0.0136,0.0216,7282080.0,10477019.5
2012-01-13,10.21,10.4,10.11,10.19,663500,-0.002,-0.0202,6761065.0,10641083.5
2012-01-17,9.9,10.19,9.89,9.96,1151100,0.0061,-0.0226,11464956.0,10737377.8
2012-01-18,9.97,10.17,9.83,10.16,913100,0.0191,0.0201,9277096.0,11327269.6
2012-01-19,10.02,10.74,9.77,10.68,1724500,0.0659,0.0512,18417660.0,9854459.3
2012-01-20,10.66,10.91,10.51,10.67,2171800,0.0009,-0.0009,23173106.0,10654049.3
2012-01-23,10.69,10.79,10.37,10.46,687600,-0.0215,-0.0197,7192296.0,11578012.7
2012-01-24,10.39,10.61,10.34,10.53,856400,0.0135,0.0067,9017892.0,10824961.7
2012-01-25,10.5,10.61,10.47,10.57,911400,0.0067,0.0038,9633498.0,10906642.9
2012-01-26,10.6,10.62,10.31,10.39,777300,-0.0198,-0.017,8076147.0,11135009.1
2012-01-27,10.35,10.51,10.31,10.4,680800,0.0048,0.001,7080320.0,11029579.6
2012-01-30,10.27,10.31,10.08,10.19,499700,-0.0078,-0.0202,5091943.0,11009403.6
2012-01-31,10.3,10.48,10.16,10.28,659400,-0.0019,0.0088,6778632.0,10842491.4
2012-02-01,10.41,10.6,10.32,10.51,1007200,0.0096,0.0224,10585672.0,10373859.0
2012-02-02,10.5,10.64,10.3,10.52,799800,0.0019,0.001,8413896.0,10504716.6
2012-02-03,10.73,11.0,10.69,10.88,857000,0.014,0.0342,9324160.0,9504340.2
2012-02-06,10.85,10.94,10.82,10.84,501500,-0.0009,-0.0037,5436260.0,8119445.6
2012-02-07,10.79,10.94,10.5,10.62,889400,-0.0158,-0.0203,9445428.0,7943842.0
2012-02-08,10.63,10.79,10.5,10.64,851300,0.0009,0.0019,9057832.0,7986595.6
2012-02-09,10.66,10.76,10.5,10.55,973400,-0.0103,-0.0085,10269370.0,7929029.0
2012-02-10,10.4,10.75,10.36,10.72,708700,0.0308,0.0161,7597264.0,8148351.3
2012-02-13,10.84,10.96,10.75,10.84,1133100,0.0,0.0112,12282804.0,8200045.7
2012-02-14,10.8,10.89,10.56,10.62,1060300,-0.0167,-0.0203,11260386.0,8919131.8
2012-02-15,10.68,10.81,10.5,10.59,541600,-0.0084,-0.0028,5735544.0,9367307.2
2012-02-16,10.55,10.7,10.47,10.67,687600,0.0114,0.0076,7336692.0,8882294.4
2012-02-17,10.69,10.8,10.47,10.51,828900,-0.0168,-0.015,8711739.0,8774574.0
2012-02-21,10.51,10.62,10.31,10.42,1176600,-0.0086,-0.0086,12260172.0,8713331.9
2012-02-22,10.43,10.77,10.28,10.55,1514900,0.0115,0.0125,15982195.0,9395723.1
2012-02-23,10.55,10.66,10.43,10.5,1040100,-0.0047,-0.0047,10921050.0,10049399.8
2012-02-24,10.04,10.13,9.45,10.0,3405900,-0.004,-0.0476,34059000.0,10235721.6
2012-02-27,9.93,9.96,9.59,9.86,1924100,-0.007,-0.014,18971626.0,12614684.6
2012-02-28,9.83,9.87,9.54,9.6,1341600,-0.0234,-0.0264,12879360.0,13752120.8
2012-02-29,9.62,9.65,9.3,9.32,1220800,-0.0312,-0.0292,11377856.0,13811776.4
2012-03-01,9.36,9.46,9.25,9.33,1054400,-0.0032,0.0011,9837552.0,13823523.4
2012-03-02,9.31,9.52,9.12,9.3,970400,-0.0011,-0.0032,9024720.0,14233724.2
2012-03-05,9.27,9.37,9.15,9.28,558800,0.0011,-0.0022,5185664.0,14402527.0
2012-03-06,9.14,9.21,9.0,9.06,849200,-0.0088,-0.0237,7693752.0,14049919.5
2012-03-07,9.08,9.25,9.05,9.24,1376500,0.0176,0.0199,12718860.0,13593277.5
2012-03-08,9.31,9.39,9.22,9.24,2214600,-0.0075,0.0,20462904.0,13266944.0
2012-03-09,9.25,9.5,9.22,9.39,1068600,0.0151,0.0162,10034154.0,14221129.4
2012-03-12,9.4,9.46,9.22,9.29,521000,-0.0117,-0.0106,4840090.0,11818644.8
2012-03-13,9.39,9.46,9.28,9.4,982200,0.0011,0.0118,9232680.0,10405491.2
2012-03-14,9.36,9.39,9.12,9.22,986900,-0.015,-0.0191,9099218.0,10040823.2
2012-03-15,9.24,9.38,9.15,9.35,591300,0.0119,0.0141,5528655.0,9812959.4
2012-03-16,9.39,9.43,9.3,9.34,1119100,-0.0053,-0.0011,10452394.0,9382069.7
2012-03-19,9.34,9.55,9.34,9.47,637300,0.0139,0.0139,6035231.0,9524837.1
2012-03-20,9.4,9.43,9.21,9.26,440300,-0.0149,-0.0222,4077178.0,9609793.8
2012-03-21,9.29,9.41,9.2,9.27,771800,-0.0022,0.0011,7154586.0,9248136.4
2012-03-22,9.2,9.28,9.15,9.19,734600,-0.0011,-0.0086,6750974.0,8691709.0
2012-03-23,9.23,9.44,9.2,9.39,867200,0.0173,0.0218,8143008.0,7320516.0
2012-03-26,9.49,9.8,9.49,9.8,1165800,0.0327,0.0437,11424840.0,7131401.4
2012-03-27,9.79,10.0,9.76,9.8,1238900,0.001,0.0,12141220.0,7789876.4
2012-03-28,9.81,9.85,9.47,9.52,619100,-0.0296,-0.0286,5893832.0,8080730.4
2012-03-29,9.42,9.45,9.2,9.38,923700,-0.0042,-0.0147,8664306.0,7760191.8
2012-03-30,9.48,9.48,9.29,9.4,677100,-0.0084,0.0021,6364740.0,8073756.9
2012-04-02,9.38,9.46,9.27,9.35,1302100,-0.0032,-0.0053,12174635.0,7664991.5
2012-04-03,9.32,9.41,9.21,9.21,1151900,-0.0118,-0.015,10608999.0,8278931.9
2012-04-04,9.12,9.15,8.84,9.01,1774400,-0.0121,-0.0217,15987344.0,8932114.0
2012-04-05,8.97,9.09,8.9,9.09,1003300,0.0134,0.0089,9119997.0,9815389.8
2012-04-09,8.91,8.96,8.72,8.79,1063800,-0.0135,-0.033,9350802.0,10052292.1
2012-04-10,8.75,8.82,8.5,8.53,1176700,-0.0251,-0.0296,10037251.0,10173071.5
2012-04-11,8.66,8.71,8.52,8.6,1088400,-0.0069,0.0082,9360240.0,10034312.6
2012-04-12,8.63,8.82,8.59,8.68,797700,0.0058,0.0093,6924036.0,9756214.6
2012-04-13,8.62,8.65,8.46,8.47,712300,-0.0174,-0.0242,6033181.0,9859235.0
2012-04-16,8.53,8.61,8.35,8.46,873600,-0.0082,-0.0012,7390656.0,9596122.5
2012-04-17,8.56,8.75,8.56,8.69,591100,0.0152,0.0272,5136659.0,9698714.1
2012-04-18,8.61,8.65,8.48,8.58,789100,-0.0035,-0.0127,6770478.0,8994916.5
2012-04-19,8.56,8.62,8.4,8.45,538400,-0.0129,-0.0152,4549480.0,8611064.4
2012-04-20,8.56,8.6,8.32,8.41,894800,-0.0175,-0.0047,7525268.0,7467278.0
2012-04-23,8.3,8.49,8.14,8.49,1615200,0.0229,0.0095,13713048.0,7307805.1
2012-04-24,8.48,8.65,8.37,8.64,1040800,0.0189,0.0177,8992512.0,7744029.7
2012-04-25,8.75,8.94,8.73,8.84,1255400,0.0103,0.0231,11097736.0,7639555.8
2012-04-26,8.83,8.95,8.8,8.88,546600,0.0057,0.0045,4853808.0,7813305.4
2012-04-27,8.93,8.99,8.77,8.97,500900,0.0045,0.0101,4493073.0,7606282.6
2012-04-30,8.97,9.15,8.89,9.06,953500,0.01,0.01,8638710.0,7452271.8
2012-05-01,9.03,9.2,8.81,8.81,1562400,-0.0244,-0.0276,13764744.0,7577077.2
2012-05-02,8.75,8.83,8.65,8.74,884900,-0.0011,-0.0079,7734026.0,8439885.7
2012-05-03,8.7,8.72,8.33,8.42,845600,-0.0322,-0.0366,7119952.0,8536240.5
2012-05-04,8.37,8.37,8.21,8.29,764500,-0.0096,-0.0154,6337705.0,8793287.7
2012-05-07,8.25,8.35,8.17,8.29,562000,0.0048,0.0,4658980.0,8674531.4
2012-05-08,8.21,8.27,8.1,8.21,599800,0.0,-0.0097,4924358.0,7769124.6
2012-05-09,8.09,8.32,8.01,8.31,735600,0.0272,0.0122,6112836.0,7362309.2
2012-05-10,8.66,9.35,8.65,9.05,4586600,0.045,0.089,41508730.0,6863819.2
2012-05-11,9.02,9.9,9.01,9.11,4707100,0.01,0.0066,42881681.0,10529311.4
2012-05-14,9.0,9.19,8.91,9.1,1811500,0.0111,-0.0011,16484650.0,14368172.2
2012-05-15,9.08,9.34,9.03,9.27,1143300,0.0209,0.0187,10598391.0,15152766.2
2012-05-16,9.34,9.65,9.26,9.5,1442900,0.0171,0.0248,13707550.0,14836130.9
2012-05-17,9.5,9.51,9.19,9.25,1662200,-0.0263,-0.0263,15375350.0,15433483.3
2012-05-18,9.26,9.47,9.1,9.13,828300,-0.014,-0.013,7562379.0,16259023.1
2012-05-21,9.17,9.27,9.1,9.16,972400,-0.0011,0.0033,8907184.0,16381490.5
2012-05-22,9.25,9.67,9.22,9.39,1863600,0.0151,0.0251,17499204.0,16806310.9
2012-05-23,9.32,9.39,9.11,9.39,756000,0.0075,0.0,7098840.0,18063795.5
2012-05-24,9.42,9.56,9.3,9.43,596700,0.0011,0.0043,5626881.0,18162395.9
2012-05-25,9.44,9.52,9.34,9.39,532100,-0.0053,-0.0042,4996419.0,14574211.0
2012-05-29,9.51,9.61,9.41,9.6,703800,0.0095,0.0224,6756480.0,10785684.8
2012-05-30,9.47,9.57,9.24,9.25,636500,-0.0232,-0.0365,5887625.0,9812867.8
2012-05-31,9.29,9.4,9.12,9.35,1151500,0.0065,0.0108,10766525.0,9341791.2
2012-06-01,9.15,9.23,8.69,8.72,909500,-0.047,-0.0674,7930840.0,9047688.7
2012-06-04,8.78,8.85,8.59,8.66,550400,-0.0137,-0.0069,4766464.0,8303237.7
2012-06-05,8.58,8.82,8.57,8.73,553100,0.0175,0.0081,4828563.0,8023646.2
2012-06-06,8.78,8.98,8.78,8.96,742500,0.0205,0.0263,6652800.0,7615784.1
2012-06-07,9.06,9.09,8.7,8.71,785800,-0.0386,-0.0279,6844318.0,6531143.7
2012-06-08,8.68,8.85,8.62,8.76,726400,0.0092,0.0057,6363264.0,6505691.5
2012-06-11,8.87,8.95,8.48,8.49,750300,-0.0428,-0.0308,6370047.0,6579329.8
2012-06-12,8.56,8.6,8.4,8.57,673300,0.0012,0.0094,5770181.0,6716692.6
2012-06-13,8.53,8.7,8.39,8.45,903200,-0.0094,-0.014,7632040.0,6618062.7
2012-06-14,8.49,8.8,8.43,8.78,802500,0.0342,0.0391,7045950.0,6792504.2
2012-06-15,8.77,8.97,8.6,8.89,2552200,0.0137,0.0125,22689058.0,6420446.7
2012-06-18,8.84,9.03,8.81,8.96,800800,0.0136,0.0079,7175168.0,7896268.5
2012-06-19,8.97,9.27,8.95,9.17,1209900,0.0223,0.0234,11094783.0,8137138.9
2012-06-20,9.18,9.33,9.12,9.18,849800,0.0,0.0011,7801164.0,8763760.9
2012-06-21,9.21,9.36,9.15,9.32,848500,0.0119,0.0153,7908020.0,8878597.3
2012-06-22,9.34,9.47,9.18,9.19,911200,-0.0161,-0.0139,8373928.0,8984967.5
2012-06-25,9.08,9.11,8.79,8.8,593200,-0.0308,-0.0424,5220160.0,9186033.9
2012-06-26,8.8,8.91,8.63,8.84,706200,0.0045,0.0045,6242808.0,9071045.2
2012-06-27,8.93,9.17,8.85,9.17,977000,0.0269,0.0373,8959090.0,9118307.9
2012-06-28,9.05,9.1,8.9,9.08,1775700,0.0033,-0.0098,16123356.0,9251012.9
2012-06-29,9.28,9.32,9.03,9.18,1371800,-0.0108,0.011,12593124.0,10158753.5
2012-07-02,9.2,9.57,9.17,9.56,1068200,0.0391,0.0414,10211992.0,9149160.1
2012-07-03,9.56,9.76,9.54,9.73,505300,0.0178,0.0178,4916569.0,9452842.5
2012-07-05,9.67,9.76,9.43,9.45,849600,-0.0228,-0.0288,8028720.0,8835021.1
2012-07-06,9.33,9.42,9.1,9.18,804400,-0.0161,-0.0286,7384392.0,8857776.7
2012-07-09,9.15,9.23,9.06,9.1,954100,-0.0055,-0.0087,8682310.0,8805413.9
2012-07-10,9.19,9.24,8.91,8.97,724800,-0.0239,-0.0143,6501456.0,8836252.1
2012-07-11,9.05,9.05,8.61,8.69,1304300,-0.0398,-0.0312,11334367.0,8964381.7
2012-07-12,8.6,8.77,8.38,8.68,1446400,0.0093,-0.0012,12554752.0,9473537.6
2012-07-13,8.73,9.01,8.71,8.99,1308500,0.0298,0.0357,11763415.0,9833103.8
2012-07-16,8.95,9.02,8.86,8.96,595500,0.0011,-0.0033,5335680.0,9397109.7
2012-07-17,9.02,9.26,8.72,9.24,1368300,0.0244,0.0312,12643092.0,8671365.3
2012-07-18,9.2,9.35,9.08,9.21,779500,0.0011,-0.0032,7179195.0,8914475.3
2012-07-19,9.24,9.38,9.12,9.14,381900,-0.0108,-0.0076,3490566.0,9140737.9
2012-07-20,9.03,9.18,8.96,9.05,849100,0.0022,-0.0098,7684355.0,8686922.5
2012-07-23,8.87,8.89,8.66,8.8,653000,-0.0079,-0.0276,5746400.0,8716918.8
2012-07-24,8.84,8.87,8.56,8.65,792000,-0.0215,-0.017,6850800.0,8423327.8
2012-07-25,8.71,8.82,8.64,8.73,495900,0.0023,0.0092,4329207.0,8458262.2
2012-07-26,8.9,8.92,8.71,8.74,685300,-0.018,0.0011,5989522.0,7757746.2
2012-07-27,8.82,8.91,8.72,8.85,1158000,0.0034,0.0126,10248300.0,7101223.2
2012-07-30,8.87,9.04,8.85,9.02,594300,0.0169,0.0192,5360586.0,6949711.7
2012-07-31,8.98,8.99,8.85,8.92,532700,-0.0067,-0.0111,4751684.0,6952202.3
2012-08-01,8.95,9.0,8.83,8.83,689100,-0.0134,-0.0101,6084753.0,6163061.5
2012-08-02,8.75,8.88,8.63,8.72,694000,-0.0034,-0.0125,6051680.0,6053617.3
2012-08-03,8.88,9.1,8.86,9.02,801500,0.0158,0.0344,7229530.0,6309728.7
2012-08-06,9.06,9.06,8.87,8.9,970600,-0.0177,-0.0133,8638340.0,6264246.2
2012-08-07,8.97,9.34,8.88,9.13,2328200,0.0178,0.0258,21256466.0,6553440.2
2012-08-08,8.55,9.37,8.5,9.23,1933400,0.0795,0.011,17845282.0,7994006.8
2012-08-09,9.22,9.27,9.12,9.19,815500,-0.0033,-0.0043,7494445.0,9345614.3
2012-08-10,9.14,9.15,8.64,8.72,958300,-0.046,-0.0511,8356376.0,9496106.6
2012-08-13,8.72,8.79,8.59,8.74,1024600,0.0023,0.0023,8955004.0,9306914.2
2012-08-14,8.81,8.84,8.66,8.71,963200,-0.0114,-0.0034,8389472.0,9666356.0
2012-08-15,8.69,8.86,8.61,8.81,621200,0.0138,0.0115,5472772.0,10030134.8
2012-08-16,8.77,8.89,8.68,8.84,632600,0.008,0.0034,5592184.0,9968936.7
2012-08-17,8.81,8.94,8.64,8.84,1999400,0.0034,0.0,17674696.0,9922987.1
2012-08-20,8.8,8.85,8.64,8.76,610500,-0.0045,-0.009,5347980.0,10967503.7
2012-08-21,8.81,9.05,8.7,8.73,451500,-0.0091,-0.0034,3941595.0,10638467.7
2012-08-22,8.73,8.75,8.48,8.61,913900,-0.0137,-0.0137,7868679.0,8906980.6
2012-08-23,8.57,8.65,8.46,8.5,624200,-0.0082,-0.0128,5305700.0,7909320.3
2012-08-24,8.45,8.65,8.42,8.62,490700,0.0201,0.0141,4229834.0,7690445.8
2012-08-27,8.64,8.79,8.57,8.71,395900,0.0081,0.0104,3448289.0,7277791.6
2012-08-28,8.67,8.81,8.64,8.7,434600,0.0035,-0.0011,3781020.0,6727120.1
2012-08-29,8.69,8.89,8.61,8.88,448400,0.0219,0.0207,3981792.0,6266274.9
2012-08-30,8.84,8.84,8.6,8.63,352500,-0.0238,-0.0282,3042075.0,6117176.9
2012-08-31,8.72,8.77,8.52,8.52,548300,-0.0229,-0.0127,4671516.0,5862166.0
2012-09-04,8.52,8.76,8.47,8.74,885800,0.0258,0.0258,7741892.0,4561848.0
2012-09-05,8.77,8.8,8.66,8.72,574400,-0.0057,-0.0023,5008768.0,4801239.2
2012-09-06,8.8,8.87,8.69,8.71,1165800,-0.0102,-0.0011,10154118.0,4907956.5
2012-09-07,8.77,8.94,8.76,8.76,954900,-0.0011,0.0057,8364924.0,5136500.4
2012-09-10,8.79,8.86,8.63,8.79,917300,0.0,0.0034,8063067.0,5442422.8
2012-09-11,8.77,8.88,8.68,8.82,687700,0.0057,0.0034,6065514.0,5825746.1
2012-09-12,8.84,8.89,8.74,8.8,696200,-0.0045,-0.0023,6126560.0,6087468.6
2012-09-13,8.82,9.22,8.79,9.11,1488600,0.0329,0.0352,13561146.0,6322022.6
2012-09-14,9.17,9.29,9.08,9.16,1407500,-0.0011,0.0055,12892700.0,7279958.0
2012-09-17,9.12,9.15,8.9,8.95,647000,-0.0186,-0.0229,5790650.0,8265020.5
2012-09-18,8.93,9.01,8.91,8.99,551800,0.0067,0.0045,4960682.0,8376933.9
2012-09-19,8.75,9.21,8.75,9.0,1303900,0.0286,0.0011,11735100.0,8098812.9
2012-09-20,8.92,8.98,8.76,8.92,1029600,0.0,-0.0089,9184032.0,8771446.1
2012-09-21,9.03,9.08,8.64,8.71,2518000,-0.0354,-0.0235,21931780.0,8674437.5
2012-09-24,8.66,8.92,8.66,8.78,720600,0.0139,0.008,6326868.0,10031123.1
2012-09-25,8.84,8.91,8.57,8.6,904600,-0.0271,-0.0205,7779560.0,9857503.2
2012-09-26,8.6,8.69,8.41,8.43,1678600,-0.0198,-0.0198,14150598.0,10028907.8
2012-09-27,8.49,8.54,8.37,8.5,2360200,0.0012,0.0083,20061700.0,10831311.6
2012-09-28,8.44,8.66,8.42,8.61,1153400,0.0201,0.0129,9930774.0,11481367.0
2012-10-01,8.65,8.75,8.52,8.55,1059800,-0.0116,-0.007,9061290.0,11185174.4
2012-10-02,8.57,8.65,8.53,8.54,956000,-0.0035,-0.0012,8164240.0,11512238.4
2012-10-03,8.57,8.59,8.16,8.28,1981600,-0.0338,-0.0304,16407648.0,11832594.2
2012-10-04,8.3,8.41,8.2,8.34,914900,0.0048,0.0072,7630266.0,12299849.0
2012-10-05,8.36,8.7,8.36,8.7,999800,0.0407,0.0432,8698260.0,12144472.4
2012-10-08,8.68,8.97,8.6,8.95,958500,0.0311,0.0287,8578575.0,10821120.4
2012-10-09,8.93,9.03,8.7,8.7,903400,-0.0258,-0.0279,7859580.0,11046291.1
2012-10-10,8.73,8.99,8.61,8.85,1489600,0.0137,0.0172,13182960.0,11054293.1
2012-10-11,8.9,8.95,8.62,8.71,717200,-0.0213,-0.0158,6246812.0,10957529.3
2012-10-12,8.69,8.72,8.45,8.56,940400,-0.015,-0.0172,8049824.0,9576040.5
2012-10-15,8.56,8.64,8.49,8.53,635300,-0.0035,-0.0035,5419109.0,9387945.5
2012-10-16,8.58,8.63,8.45,8.6,609200,0.0023,0.0082,5239120.0,9023727.4
2012-10-17,8.62,8.74,8.56,8.7,996200,0.0093,0.0116,8666940.0,8731215.4
2012-10-18,8.72,8.92,8.7,8.87,883800,0.0172,0.0195,7839306.0,7957144.6
2012-10-19,8.75,8.93,8.63,8.92,1300600,0.0194,0.0056,11601352.0,7978048.6
2012-10-22,8.87,9.09,8.85,9.04,1316900,0.0192,0.0135,11904776.0,8268357.8
2012-10-23,8.93,9.06,8.8,9.0,945300,0.0078,-0.0044,8507700.0,8600977.9
2012-10-24,9.03,9.07,8.88,8.97,617900,-0.0066,-0.0033,5542563.0,8665789.9
2012-10-25,9.02,9.09,8.97,9.05,920300,0.0033,0.0089,8328715.0,7901750.2
2012-10-26,9.07,9.08,8.94,9.01,795100,-0.0066,-0.0044,7163851.0,8109940.5
2012-10-31,9.02,9.15,8.92,9.15,774600,0.0144,0.0155,7087590.0,8021343.2
2012-11-01,9.18,9.48,9.09,9.4,1648600,0.024,0.0273,15496840.0,8188191.3
2012-11-02,9.43,9.45,9.21,9.24,974800,-0.0201,-0.017,9007152.0,9213963.3
2012-11-05,9.22,9.23,9.11,9.17,1119800,-0.0054,-0.0076,10268566.0,9247984.5
2012-11-06,9.35,9.64,9.25,9.42,1617300,0.0075,0.0273,15234966.0,9490910.5
2012-11-07,9.27,9.37,9.14,9.22,1309500,-0.0054,-0.0212,12073590.0,9854271.9
2012-11-08,9.18,9.26,8.82,8.85,1441300,-0.0359,-0.0401,12755505.0,9871153.3
2012-11-09,8.8,8.88,8.71,8.71,695100,-0.0102,-0.0158,6054321.0,10295933.8
2012-11-12,8.75,8.81,8.5,8.56,798600,-0.0217,-0.0172,6836016.0,10347109.6
2012-11-13,8.5,8.72,8.5,8.6,583400,0.0118,0.0047,5017240.0,10197839.7
2012-11-14,8.63,8.7,8.39,8.47,1192100,-0.0185,-0.0151,10097087.0,9983178.6
2012-11-15,8.45,8.63,8.41,8.6,1504100,0.0178,0.0153,12935260.0,10284128.3
2012-11-16,8.56,8.64,8.5,8.56,733200,0.0,-0.0047,6276192.0,10027970.3
2012-11-19,8.67,8.73,8.58,8.72,424200,0.0058,0.0187,3699024.0,9754874.3
2012-11-20,8.67,8.73,8.6,8.71,419200,0.0046,-0.0011,3651232.0,9097920.1
2012-11-21,8.76,8.77,8.6,8.72,581100,-0.0046,0.0011,5067192.0,7939546.7
2012-11-23,8.76,8.87,8.68,8.84,278400,0.0091,0.0138,2461056.0,7238906.9
2012-11-26,8.79,8.95,8.74,8.94,579300,0.0171,0.0113,5178942.0,6209462.0
2012-11-27,8.96,9.04,8.82,8.83,387000,-0.0145,-0.0123,3417210.0,6121924.1
2012-11-28,8.79,8.86,8.61,8.85,477200,0.0068,0.0023,4223220.0,5780043.5
2012-11-29,8.94,9.21,8.75,8.83,1108800,-0.0123,-0.0023,9790704.0,5700641.5
2012-11-30,8.84,8.93,8.73,8.78,1013200,-0.0068,-0.0057,8895896.0,5670003.2
2012-12-03,8.82,8.88,8.63,8.77,984200,-0.0057,-0.0011,8631434.0,5266066.8
2012-12-04,8.8,8.8,8.66,8.77,625500,-0.0034,0.0,5485635.0,5501591.0
2012-12-05,8.77,8.83,8.7,8.75,478400,-0.0023,-0.0023,4186000.0,5680252.1
2012-12-06,8.73,8.77,8.63,8.71,705800,-0.0023,-0.0046,6147518.0,5733728.9
2012-12-07,8.74,8.8,8.61,8.69,380800,-0.0057,-0.0023,3309152.0,5841761.5
2012-12-10,8.7,8.77,8.68,8.77,353200,0.008,0.0092,3097564.0,5926571.1
2012-12-11,8.81,8.98,8.78,8.9,1223700,0.0102,0.0148,10890930.0,5718433.3
2012-12-12,8.97,9.06,8.95,9.02,973100,0.0056,0.0135,8777362.0,6465805.3
2012-12-13,9.03,9.07,8.95,9.02,819100,-0.0011,0.0,7388282.0,6921219.5
2012-12-14,8.97,9.09,8.94,9.05,510000,0.0089,0.0033,4615500.0,6680977.3
2012-12-17,9.08,9.29,8.98,9.29,727100,0.0231,0.0265,6754759.0,6252937.7
2012-12-18,9.29,9.48,9.21,9.46,639600,0.0183,0.0183,6050616.0,6065270.2
2012-12-19,9.48,9.69,9.43,9.52,512900,0.0042,0.0063,4882808.0,6121768.3
2012-12-20,9.54,9.6,9.42,9.46,460000,-0.0084,-0.0063,4351600.0,6191449.1
2012-12-21,9.41,9.45,9.2,9.36,1592800,-0.0053,-0.0106,14908608.0,6011857.3
2012-12-24,9.32,9.44,9.17,9.33,253700,0.0011,-0.0032,2367021.0,7171802.9
2012-12-26,9.38,9.45,9.21,9.23,321800,-0.016,-0.0107,2970214.0,7098748.6
2012-12-27,9.21,9.3,8.87,9.13,475900,-0.0087,-0.0108,4344967.0,6306677.0
2012-12-28,9.06,9.13,8.94,8.98,475200,-0.0088,-0.0164,4267296.0,5863437.5
2012-12-31,8.98,9.33,8.96,9.31,1154700,0.0367,0.0367,10750257.0,5551338.9
2013-01-02,9.37,9.76,9.37,9.69,2640600,0.0342,0.0408,25587414.0,6164814.6
2013-01-03,9.73,9.91,9.62,9.86,1008300,0.0134,0.0175,9941838.0,8048080.1
2013-01-04,9.95,10.12,9.93,9.99,1123600,0.004,0.0132,11224764.0,8437202.3
2013-01-07,9.99,10.0,9.82,9.88,1011400,-0.011,-0.011,9992632.0,9071397.9
2013-01-08,9.88,9.96,9.81,9.91,1005600,0.003,0.003,9965496.0,9635501.1
2013-01-09,9.98,10.05,9.93,9.94,1093600,-0.004,0.003,10870384.0,9141189.9
2013-01-10,10.0,10.01,9.84,9.93,481400,-0.007,-0.001,4780302.0,9991526.2
2013-01-11,9.98,10.01,9.85,9.88,712200,-0.01,-0.005,7036536.0,10172535.0
2013-01-14,9.9,9.91,9.8,9.89,898000,-0.001,0.001,8881220.0,10441691.9
2013-01-15,9.82,9.92,9.8,9.88,447000,0.0061,-0.001,4416360.0,10903084.3
2013-01-16,9.88,9.9,9.76,9.8,524900,-0.0081,-0.0081,5144020.0,10269694.6
2013-01-17,9.88,10.06,9.88,10.06,722100,0.0182,0.0265,7264326.0,8225355.2
2013-01-18,10.05,10.11,9.99,10.01,355700,-0.004,-0.005,3560557.0,7957604.0
2013-01-22,10.04,10.06,9.97,10.02,544000,-0.002,0.001,5450880.0,7191183.3
2013-01-23,10.03,10.19,10.03,10.15,720200,0.012,0.013,7310030.0,6737008.1
2013-01-24,10.16,10.31,10.16,10.26,517100,0.0098,0.0108,5305446.0,6471461.5
2013-01-25,10.33,10.35,10.25,10.3,478600,-0.0029,0.0039,4929580.0,5914967.7
2013-01-28,10.3,10.31,10.18,10.23,551200,-0.0068,-0.0068,5638776.0,5929895.5
2013-01-29,10.23,10.26,10.16,10.24,738500,0.001,0.001,7562240.0,5790119.5
2013-01-30,10.22,10.27,10.09,10.15,556400,-0.0068,-0.0088,5647460.0,5658221.5
2013-01-31,10.1,10.27,10.08,10.26,587800,0.0158,0.0108,6030828.0,5781331.5
2013-02-01,10.31,10.45,10.2,10.41,775200,0.0097,0.0146,8069832.0,5870012.3
2013-02-04,10.31,10.36,10.15,10.25,733000,-0.0058,-0.0154,7513250.0,5950562.9
2013-02-05,10.27,10.38,10.2,10.26,350200,-0.001,0.001,3593052.0,6345832.2
2013-02-06,10.22,10.47,10.21,10.28,807200,0.0059,0.0019,8298016.0,6160049.4
2013-02-07,10.3,10.47,10.26,10.43,738300,0.0126,0.0146,7700469.0,6258848.0
2013-02-08,10.42,10.49,10.37,10.48,368400,0.0058,0.0048,3860832.0,6498350.3
2013-02-11,10.49,10.57,10.44,10.54,376300,0.0048,0.0057,3966202.0,6391475.5
2013-02-12,10.52,10.72,10.52,10.65,568500,0.0124,0.0104,6054525.0,6224218.1
2013-02-13,10.69,10.69,10.57,10.61,810800,-0.0075,-0.0038,8602588.0,6073446.6
2013-02-14,10.59,10.67,10.5,10.65,2063100,0.0057,0.0038,21972015.0,6368959.4
2013-02-15,10.69,10.76,10.5,10.59,852300,-0.0094,-0.0056,9025857.0,7963078.1
2013-02-19,10.61,10.63,10.47,10.5,652000,-0.0104,-0.0085,6846000.0,8058680.6
2013-02-20,10.49,10.57,10.34,10.36,1229300,-0.0124,-0.0133,12735548.0,7991955.6
2013-02-21,10.34,10.41,10.17,10.25,711100,-0.0087,-0.0106,7288775.0,8906205.2
2013-02-22,10.33,10.33,10.24,10.3,480400,-0.0029,0.0049,4948120.0,8805281.1
2013-02-25,10.37,10.42,10.3,10.32,1272800,-0.0048,0.0019,13135296.0,8530046.2
2013-02-26,10.38,10.41,10.12,10.12,1007300,-0.025,-0.0194,10193876.0,9457492.6
2013-02-27,10.0,10.54,9.67,10.34,1857500,0.034,0.0217,19206550.0,10080260.0
2013-02-28,10.32,10.75,10.31,10.59,1923700,0.0262,0.0242,20371983.0,11395462.5
2013-03-01,10.51,10.79,10.4,10.7,2636500,0.0181,0.0104,28210550.0,12572402.0
2013-03-04,10.7,10.86,10.59,10.74,2051600,0.0037,0.0037,22034184.0,13196255.5
2013-03-05,10.82,11.33,10.8,10.94,9096400,0.0111,0.0186,99514616.0,14497088.2
2013-03-06,11.01,11.2,11.0,11.08,1201700,0.0064,0.0128,13314836.0,23763949.8
2013-03-07,11.11,11.22,11.05,11.09,780200,-0.0018,0.0009,8652418.0,23821878.6
2013-03-08,11.17,11.28,11.05,11.26,994400,0.0081,0.0153,11196944.0,23958242.9
2013-03-11,11.4,11.74,11.37,11.63,1919300,0.0202,0.0329,22321459.0,24583125.3
2013-03-12,11.49,11.84,11.36,11.65,1978600,0.0139,0.0017,23050690.0,25501741.6
2013-03-13,11.63,11.75,11.58,11.69,884800,0.0052,0.0034,10343312.0,26787423.0
2013-03-14,11.79,11.95,11.79,11.88,1454000,0.0076,0.0163,17273520.0,25901099.2
2013-03-15,11.89,12.15,11.89,12.0,2369100,0.0093,0.0101,28429200.0,25591252.9
2013-03-18,11.84,12.07,11.78,11.96,1008000,0.0101,-0.0033,12055680.0,25613117.9
2013-03-19,11.98,12.09,11.84,11.92,1249200,-0.005,-0.0033,14890464.0,24615267.5
2013-03-20,12.0,12.05,11.79,11.81,1319500,-0.0158,-0.0092,15583295.0,16152852.3
2013-03-21,11.76,12.14,11.65,12.02,1276400,0.0221,0.0178,15342328.0,16379698.2
2013-03-22,12.09,12.18,12.0,12.11,1517700,0.0017,0.0075,18379347.0,17048689.2
2013-03-25,12.13,12.36,12.11,12.26,1235500,0.0107,0.0124,15147230.0,17766929.5
2013-03-26,12.26,12.53,12.25,12.53,1466700,0.022,0.022,18377751.0,17049506.6
2013-03-27,12.42,12.65,12.3,12.61,1203200,0.0153,0.0064,15172352.0,16582212.7
2013-03-28,12.64,12.68,12.34,12.37,1209700,-0.0214,-0.019,14963989.0,17065116.7
2013-04-01,12.37,12.39,12.08,12.17,1685000,-0.0162,-0.0162,20506450.0,16834163.6
2013-04-02,12.26,12.35,12.04,12.08,1068300,-0.0147,-0.0074,12905064.0,16041888.6
2013-04-03,12.12,12.12,11.76,11.82,1029400,-0.0248,-0.0215,12167508.0,16126827.0
2013-04-04,11.86,12.04,11.77,12.0,630000,0.0118,0.0152,7560000.0,15854531.4
2013-04-05,11.79,12.1,11.79,12.08,711900,0.0246,0.0067,8599752.0,15052201.9
2013-04-08,12.09,12.54,12.09,12.54,588500,0.0372,0.0381,7379790.0,14377944.3
2013-04-09,12.53,12.71,12.47,12.6,1514200,0.0056,0.0048,19078920.0,13277988.6
2013-04-10,12.66,13.01,12.58,12.8,1657300,0.0111,0.0159,21213440.0,13671157.6
2013-04-11,12.75,12.91,12.72,12.76,934900,0.0008,-0.0031,11929324.0,13954726.5
2013-04-12,12.72,12.81,12.66,12.67,1074800,-0.0039,-0.0071,13617716.0,13630423.7
2013-04-15,12.63,12.75,12.25,12.25,1171800,-0.0301,-0.0331,14354550.0,13495796.4
2013-04-16,12.34,12.48,12.22,12.37,804400,0.0024,0.0098,9950428.0,12880606.4
2013-04-17,12.25,12.32,12.04,12.11,1179600,-0.0114,-0.021,14284956.0,12585142.8
2013-04-18,12.16,12.16,11.99,12.02,1087200,-0.0115,-0.0074,13068144.0,12796887.6
2013-04-19,12.04,12.26,11.95,12.12,1086800,0.0066,0.0083,13172016.0,13347702.0
2013-04-22,12.12,12.42,12.0,12.37,944600,0.0206,0.0206,11684702.0,13804928.4
2013-04-23,12.45,12.61,12.31,12.45,1892800,0.0,0.0065,23565360.0,14235419.6
2013-04-24,12.43,12.61,12.36,12.45,1234500,0.0016,0.0,15369525.0,14684063.6
2013-04-25,12.45,12.77,12.39,12.73,1332300,0.0225,0.0225,16960179.0,14099672.1
2013-04-26,12.7,12.8,12.53,12.54,2011100,-0.0126,-0.0149,25219194.0,14602757.6
2013-04-29,12.55,12.89,12.37,12.77,1005100,0.0175,0.0183,12835127.0,15762905.4
2013-04-30,12.73,12.83,12.61,12.63,871000,-0.0079,-0.011,11000730.0,15610963.1
2013-05-01,12.55,12.69,12.32,12.32,1266200,-0.0183,-0.0245,15599584.0,15715993.3
2013-05-02,12.37,12.62,12.31,12.53,750500,0.0129,0.017,9403765.0,15847456.1
2013-05-03,12.65,12.98,12.65,12.69,1481500,0.0032,0.0128,18800235.0,15481018.2
2013-05-06,12.72,12.95,12.69,12.95,1481100,0.0181,0.0205,19180245.0,16043840.1
2013-05-07,13.0,13.3,13.0,13.23,2084000,0.0177,0.0216,27571320.0,16793394.4
2013-05-08,13.23,13.91,13.08,13.91,2433900,0.0514,0.0514,33855549.0,17193990.4
2013-05-09,13.93,14.06,13.65,13.78,1990000,-0.0108,-0.0093,27422200.0,19042592.8
2013-05-10,13.82,14.13,13.76,14.07,1166700,0.0181,0.021,16415469.0,20088794.9
2013-05-13,14.0,14.1,13.86,13.88,900800,-0.0086,-0.0135,12503104.0,19208422.4
2013-05-14,13.99,14.15,13.93,14.03,1634400,0.0029,0.0108,22930632.0,19175220.1
2013-05-15,13.99,14.1,13.8,13.89,1273800,-0.0071,-0.01,17693082.0,20368210.3
2013-05-16,13.82,13.95,13.64,13.69,583400,-0.0094,-0.0144,7986746.0,20577560.1
2013-05-17,13.79,13.88,13.63,13.88,1609500,0.0065,0.0139,22339860.0,20435858.2
2013-05-20,13.88,13.98,13.66,13.72,1055800,-0.0115,-0.0115,14485576.0,20789820.7
2013-05-21,13.71,13.95,13.6,13.9,1001900,0.0139,0.0131,13926410.0,20320353.8
2013-05-22,13.9,14.06,13.44,13.57,1927400,-0.0237,-0.0237,26154818.0,18955862.8
2013-05-23,13.39,13.84,13.37,13.78,1687900,0.0291,0.0155,23259262.0,18185789.7
2013-05-24,13.75,14.14,13.56,14.1,1064800,0.0255,0.0232,15013680.0,17769495.9
2013-05-28,14.29,14.65,14.28,14.49,1930900,0.014,0.0277,27978741.0,17629317.0
2013-05-29,14.36,14.44,13.9,13.91,1256300,-0.0313,-0.04,17475133.0,19176880.7
2013-05-30,13.94,14.08,13.8,13.99,1207100,0.0036,0.0058,16887329.0,18631330.8
2013-05-31,13.93,14.14,13.61,13.61,1414000,-0.023,-0.0272,19244540.0,18550755.5
2013-06-03,13.69,13.84,13.48,13.84,1317800,0.011,0.0169,18238352.0,19676534.9
2013-06-04,13.82,14.09,13.66,13.75,1230700,-0.0051,-0.0065,16922125.0,19266384.1
2013-06-05,13.69,13.85,13.38,13.48,1576300,-0.0153,-0.0196,21248524.0,19510039.0
2013-06-06,13.45,13.69,13.39,13.69,1116000,0.0178,0.0156,15278040.0,20242250.4
2013-06-07,13.78,14.11,13.62,14.09,668700,0.0225,0.0292,9421983.0,19154572.6
2013-06-10,14.1,14.26,14.02,14.07,1309000,-0.0021,-0.0014,18417630.0,17770844.7
2013-06-11,13.89,13.94,13.6,13.84,1167300,-0.0036,-0.0163,16155432.0,18111239.7
2013-06-12,13.95,16.31,13.85,16.17,10272800,0.1591,0.1684,166111176.0,16928908.8
2013-06-13,15.94,15.96,15.21,15.56,4224000,-0.0238,-0.0377,65725440.0,31792513.1
2013-06-14,15.61,15.72,15.31,15.5,1721900,-0.007,-0.0039,26689450.0,36676324.2
2013-06-17,15.58,15.77,15.2,15.26,1891200,-0.0205,-0.0155,28859712.0,37420815.2
2013-06-18,15.32,15.67,15.29,15.5,1236400,0.0117,0.0157,19164200.0,38482951.2
2013-06-19,15.47,15.67,15.19,15.23,1339600,-0.0155,-0.0174,20402108.0,38707158.7
2013-06-20,15.05,15.17,14.77,14.86,1020700,-0.0126,-0.0243,15167602.0,38622517.1
2013-06-21,14.94,15.12,14.7,15.03,1956300,0.006,0.0114,29403189.0,38611473.3
2013-06-24,14.89,15.14,14.67,15.06,1854900,0.0114,0.002,27934794.0,40609593.9
2013-06-25,15.25,15.69,15.15,15.47,1477200,0.0144,0.0272,22852284.0,41561310.3
2013-06-26,15.56,15.74,15.35,15.39,1429000,-0.0109,-0.0052,21992310.0,42230995.5
2013-06-27,15.5,15.73,15.44,15.63,1395300,0.0084,0.0156,21808539.0,27819108.9
2013-06-28,15.64,15.67,15.46,15.5,1086900,-0.009,-0.0083,16846950.0,23427418.8
2013-07-01,15.53,15.86,15.53,15.7,1248300,0.0109,0.0129,19598310.0,22443168.8
2013-07-02,15.66,15.97,15.65,15.83,619000,0.0109,0.0083,9798770.0,21517028.6
2013-07-03,15.71,15.97,15.71,15.9,408800,0.0121,0.0044,6499920.0,20580485.6
2013-07-05,15.99,16.19,15.88,15.95,922400,-0.0025,0.0031,14712280.0,19190266.8
2013-07-08,16.06,16.12,15.83,15.85,773500,-0.0131,-0.0063,12259975.0,19144734.6
2013-07-09,15.9,16.04,15.74,15.92,1393200,0.0013,0.0044,22179744.0,17430413.2
2013-07-10,15.88,15.99,15.83,15.85,752000,-0.0019,-0.0044,11919200.0,16854908.2
2013-07-11,16.08,16.23,15.94,16.05,1013200,-0.0019,0.0126,16261860.0,15761599.8
2013-07-12,16.06,16.43,16.06,16.3,979500,0.0149,0.0156,15965850.0,15188554.8
2013-07-15,16.31,16.54,16.31,16.49,516800,0.011,0.0117,8522032.0,14604285.9
2013-07-16,16.54,16.74,16.25,16.42,815200,-0.0073,-0.0042,13385584.0,13771794.1
2013-07-17,16.47,16.66,16.47,16.56,578000,0.0055,0.0085,9571680.0,13150521.5
2013-07-18,16.62,16.77,16.39,16.42,912100,-0.012,-0.0085,14976682.0,13127812.5
2013-07-19,16.42,16.51,16.33,16.47,564800,0.003,0.003,9302256.0,13975488.7
2013-07-22,16.45,16.5,16.32,16.43,656100,-0.0012,-0.0024,10779723.0,13434486.3
2013-07-23,16.45,16.61,16.28,16.36,1120200,-0.0055,-0.0043,18326472.0,13286461.1
2013-07-24,16.48,16.58,16.3,16.38,666500,-0.0061,0.0012,10917270.0,12901133.9
2013-07-25,16.38,16.71,16.21,16.61,1154300,0.014,0.014,19172923.0,12800940.9
2013-07-26,16.51,16.74,16.36,16.71,555500,0.0121,0.006,9282405.0,13092047.2
2013-07-29,16.68,16.68,16.43,16.55,666900,-0.0078,-0.0096,11037195.0,12423702.7
2013-07-30,16.64,16.64,16.36,16.43,695400,-0.0126,-0.0073,11425422.0,12675219.0
2013-07-31,16.48,16.63,16.35,16.38,703800,-0.0061,-0.003,11528244.0,12479202.8
2013-08-01,16.49,16.79,16.48,16.7,882200,0.0127,0.0195,14732740.0,12674859.2
2013-08-02,16.68,16.88,16.58,16.6,808900,-0.0048,-0.006,13427740.0,12650465.0
2013-08-05,16.63,16.77,16.39,16.63,1587500,0.0,0.0018,26400125.0,13063013.4
2013-08-06,16.64,16.64,16.15,16.32,1322600,-0.0192,-0.0186,21584832.0,14625053.6
2013-08-07,17.44,18.47,17.36,18.32,5220600,0.0505,0.1225,95641392.0,14950889.6
2013-08-08,18.38,18.9,18.22,18.76,2488800,0.0207,0.024,46689888.0,23423301.8
2013-08-09,18.65,18.93,18.48,18.53,1172500,-0.0064,-0.0123,21726425.0,26174998.3
2013-08-12,18.48,18.5,18.06,18.12,2011700,-0.0195,-0.0221,36452004.0,27419400.3
2013-08-13,18.15,18.39,18.15,18.19,1529500,0.0022,0.0039,27821605.0,29960881.2
2013-08-14,17.5,17.87,16.8,17.32,1908400,-0.0103,-0.0478,33053488.0,31600499.5
2013-08-15,17.21,17.41,16.79,16.79,1626900,-0.0244,-0.0306,27315651.0,33753023.9
2013-08-16,16.71,17.28,16.66,17.2,1165500,0.0293,0.0244,20046600.0,35011315.0
2013-08-19,16.88,17.44,16.88,17.03,1088400,0.0089,-0.0099,18535452.0,35673201.0
2013-08-20,17.05,17.63,17.02,17.3,1129900,0.0147,0.0159,19547270.0,34886733.7
2013-08-21,17.29,17.59,17.22,17.42,964200,0.0075,0.0069,16796364.0,34682977.5
2013-08-22,17.52,17.78,17.37,17.52,1153600,0.0,0.0057,20211072.0,26798474.7
2013-08-23,17.52,17.77,17.52,17.61,893600,0.0051,0.0051,15736296.0,24150593.1
2013-08-26,17.59,17.68,17.45,17.52,664900,-0.004,-0.0051,11649048.0,23551580.2
2013-08-27,17.34,17.46,16.78,16.9,990200,-0.0254,-0.0354,16734380.0,21071284.6
2013-08-28,16.94,17.25,16.77,17.22,674000,0.0165,0.0189,11606280.0,19962562.1
2013-08-29,17.17,17.41,17.1,17.26,566400,0.0052,0.0023,9776064.0,17817841.3
2013-08-30,17.22,17.27,16.79,16.86,599100,-0.0209,-0.0232,10100826.0,16063882.6
2013-09-03,17.07,17.5,17.01,17.14,681900,0.0041,0.0166,11687766.0,15069305.2
2013-09-04,17.15,17.35,17.09,17.25,1298800,0.0058,0.0064,22404300.0,14384536.6
2013-09-05,17.3,17.4,17.15,17.2,587200,-0.0058,-0.0029,10099840.0,14670239.6
2013-09-06,17.27,17.34,16.7,17.15,566500,-0.0069,-0.0029,9715475.0,14000587.2
2013-09-09,17.23,17.26,17.06,17.16,765800,-0.0041,0.0006,13141128.0,12951027.5
2013-09-10,17.24,17.53,17.24,17.35,614400,0.0064,0.0111,10659840.0,12691510.7
2013-09-11,17.35,17.68,17.31,17.66,971800,0.0179,0.0179,17161988.0,12592589.9
2013-09-12,17.67,17.89,17.49,17.52,582300,-0.0085,-0.0079,10201896.0,12635350.7
2013-09-13,17.59,17.67,17.4,17.46,650300,-0.0074,-0.0034,11354238.0,12494912.3
2013-09-16,17.68,17.7,17.14,17.15,833200,-0.03,-0.0178,14289380.0,12652729.7
2013-09-17,17.13,17.45,17.13,17.29,544500,0.0093,0.0082,9414405.0,13071585.1
2013-09-18,17.33,17.37,16.91,17.2,1223900,-0.0075,-0.0052,21051080.0,12844249.0
2013-09-19,17.2,17.3,17.01,17.02,610700,-0.0105,-0.0105,10394114.0,12708927.0
2013-09-20,17.15,17.23,17.07,17.11,1196300,-0.0023,0.0053,20468693.0,12738354.4
2013-09-23,17.1,17.16,16.89,17.07,527000,-0.0018,-0.0023,8995890.0,13813676.2
2013-09-24,17.12,17.22,16.97,17.2,1034000,0.0047,0.0076,17784800.0,13399152.4
2013-09-25,17.17,17.55,17.08,17.52,1433400,0.0204,0.0186,25113168.0,14111648.4
2013-09-26,17.66,17.85,17.45,17.81,748800,0.0085,0.0166,13336128.0,14906766.4
2013-09-27,17.77,18.5,17.75,18.41,1950600,0.036,0.0337,35910546.0,15220189.6
2013-09-30,18.23,18.79,18.01,18.55,1994300,0.0176,0.0076,36994265.0,17675820.4
2013-10-01,18.58,19.12,18.5,19.11,1619600,0.0285,0.0302,30950556.0,19946308.9
2013-10-02,19.04,19.09,18.8,19.08,1191700,0.0021,-0.0016,22737636.0,22099924.0
2013-10-03,19.1,19.23,18.73,18.89,1544800,-0.011,-0.01,29181272.0,22268579.6
2013-10-04,18.85,19.02,18.82,18.97,645500,0.0064,0.0042,12245135.0,24147295.4
2013-10-07,18.86,18.96,18.67,18.95,1131200,0.0048,-0.0011,21436240.0,23324939.6
2013-10-08,19.0,19.28,18.72,18.76,2280500,-0.0126,-0.01,42782180.0,24568974.6
2013-10-09,18.76,18.85,17.92,18.58,2355800,-0.0096,-0.0096,43770764.0,27068712.6
2013-10-10,18.84,19.09,18.52,18.63,2154400,-0.0111,0.0027,40136472.0,28934472.2
2013-10-11,18.53,18.88,18.35,18.84,886200,0.0167,0.0113,16696008.0,31614506.6
2013-10-14,18.7,19.02,18.56,19.0,848600,0.016,0.0085,16123400.0,29693052.8
2013-10-15,18.93,19.08,18.81,18.97,1015700,0.0021,-0.0016,19267829.0,27605966.3
2013-10-16,19.1,19.46,19.08,19.22,1014400,0.0063,0.0132,19496768.0,26437693.6
2013-10-17,19.19,19.32,19.08,19.31,1185800,0.0063,0.0047,22897798.0,26113606.8
2013-10-18,19.37,19.55,19.26,19.52,1063400,0.0077,0.0109,20757568.0,25485259.4
2013-10-21,19.6,19.6,19.32,19.33,1024800,-0.0138,-0.0097,19809384.0,26336502.7
2013-10-22,19.44,19.59,19.24,19.35,1144700,-0.0046,0.001,22149945.0,26173817.1
2013-10-23,19.25,19.46,19.11,19.13,1029700,-0.0062,-0.0114,19698161.0,24110593.6
2013-10-24,19.12,19.4,19.12,19.37,578400,0.0131,0.0125,11203608.0,21703333.3
2013-10-25,19.51,19.56,19.31,19.45,691700,-0.0031,0.0041,13453565.0,18810046.9
2013-10-28,19.5,19.57,19.24,19.28,596600,-0.0113,-0.0087,11502448.0,18485802.6
2013-10-29,19.3,19.37,19.08,19.2,1390400,-0.0052,-0.0041,26695680.0,18023707.4
2013-10-30,19.2,19.29,18.98,18.98,927100,-0.0115,-0.0115,17596358.0,18766492.5
2013-10-31,19.02,19.79,18.97,19.44,1121800,0.0221,0.0242,21807792.0,18576451.5
2013-11-01,19.44,19.77,19.22,19.53,1243400,0.0046,0.0046,24283602.0,18467450.9
2013-11-04,19.6,19.65,19.37,19.62,612700,0.001,0.0046,12021174.0,18820054.3
2013-11-05,19.54,19.64,19.15,19.4,1468500,-0.0072,-0.0112,28488900.0,18041233.3
2013-11-06,18.99,19.19,17.92,18.02,3305200,-0.0511,-0.0711,59559704.0,18675128.8
2013-11-07,18.0,18.07,17.16,17.8,2981700,-0.0111,-0.0122,53074260.0,22661283.1
2013-11-08,17.8,18.38,17.76,18.26,1341100,0.0258,0.0258,24488486.0,26848348.3
2013-11-11,18.28,18.32,17.88,17.91,951200,-0.0202,-0.0192,17035992.0,27951840.4
2013-11-12,17.81,18.04,17.8,17.95,779800,0.0079,0.0022,13997410.0,28505194.8
2013-11-13,17.91,18.05,17.82,18.03,1053800,0.0067,0.0045,19000014.0,27235367.8
2013-11-14,18.03,18.06,17.83,17.91,897300,-0.0067,-0.0067,16070643.0,27375733.4
2013-11-15,17.97,18.0,17.56,17.62,1767700,-0.0195,-0.0162,31146874.0,26802018.5
2013-11-18,17.62,17.83,17.47,17.5,1199700,-0.0068,-0.0068,20994750.0,27488345.7
2013-11-19,17.55,17.59,17.17,17.22,1264700,-0.0188,-0.016,21778134.0,28385703.3
2013-11-20,17.24,17.44,17.22,17.3,811800,0.0035,0.0046,14044140.0,27714626.7
2013-11-21,17.36,17.72,17.31,17.71,666000,0.0202,0.0237,11794860.0,23163070.3
2013-11-22,17.71,17.78,17.55,17.67,957200,-0.0023,-0.0023,16913724.0,19035130.3
2013-11-25,17.69,17.71,17.41,17.57,910900,-0.0068,-0.0057,16004513.0,18277654.1
2013-11-26,17.63,18.11,17.63,17.95,1411100,0.0182,0.0216,25329245.0,18174506.2
2013-11-27,18.0,18.14,17.9,18.14,1026700,0.0078,0.0106,18624338.0,19307689.7
2013-11-29,18.26,18.46,18.03,18.37,386900,0.006,0.0127,7107353.0,19270122.1
2013-12-02,18.37,18.37,18.04,18.34,1291600,-0.0016,-0.0016,23687944.0,18373793.1
2013-12-03,18.26,18.36,18.0,18.32,2482300,0.0033,-0.0011,45475736.0,17627900.1
2013-12-04,18.31,18.42,18.02,18.19,1055000,-0.0066,-0.0071,19190450.0,20075998.7
2013-12-05,18.15,18.3,17.8,18.01,1309800,-0.0077,-0.0099,23589498.0,19817230.3
2013-12-06,18.14,18.41,18.13,18.25,1158300,0.0061,0.0133,21138975.0,20771766.1
2013-12-09,18.3,18.65,18.28,18.64,983900,0.0186,0.0214,18339896.0,21706177.6
2013-12-10,18.64,18.86,18.53,18.77,1234700,0.007,0.007,23175319.0,21848794.8
2013-12-11,18.78,18.86,18.23,18.31,1241600,-0.025,-0.0245,22733696.0,22565875.4
2013-12-12,18.29,18.66,18.27,18.51,724200,0.012,0.0109,13404942.0,22306320.5
2013-12-13,18.58,18.79,18.5,18.69,648000,0.0059,0.0097,12111120.0,21784380.9
2013-12-16,18.79,18.85,18.58,18.76,868100,-0.0016,0.0037,16285556.0,22284757.6
2013-12-17,18.76,18.77,18.58,18.73,961800,-0.0016,-0.0016,18014514.0,21544518.8
2013-12-18,18.69,19.1,18.58,19.04,893700,0.0187,0.0166,17016048.0,18798396.6
2013-12-19,19.04,19.48,19.04,19.08,989200,0.0021,0.0021,18873936.0,18580956.4
2013-12-20,19.16,19.5,19.08,19.4,2016400,0.0125,0.0168,39118160.0,18109400.2
2013-12-23,19.49,19.55,19.36,19.55,731800,0.0031,0.0077,14306690.0,19907318.7
2013-12-24,19.6,19.88,19.44,19.75,423200,0.0077,0.0102,8358200.0,19503998.1
2013-12-26,19.86,19.93,19.63,19.81,411700,-0.0025,0.003,8155777.0,18022286.2
2013-12-27,19.81,19.94,19.73,19.82,505200,0.0005,0.0005,10013064.0,16564494.3
2013-12-30,19.85,19.91,19.72,19.82,591300,-0.0015,0.0,11719566.0,16225306.5
2013-12-31,19.8,19.91,19.69,19.76,992900,-0.002,-0.003,19619704.0,16186151.1
2014-01-02,19.91,20.32,19.75,20.06,1523100,0.0075,0.0152,30553386.0,16519565.9
2014-01-03,20.04,20.39,20.03,20.34,1599200,0.015,0.014,32527728.0,17773453.1
2014-01-06,20.33,20.55,20.16,20.5,1178700,0.0084,0.0079,24163350.0,19324621.1
2014-01-07,20.6,20.9,20.6,20.83,1407200,0.0112,0.0161,29311976.0,19853562.5
2014-01-08,20.76,20.94,20.6,20.81,1933400,0.0024,-0.001,40234054.0,18872944.1
2014-01-09,20.87,20.87,20.45,20.65,1182700,-0.0105,-0.0077,24422755.0,21465680.5
2014-01-10,20.64,20.67,20.43,20.66,1015700,0.001,0.0005,20984362.0,23072136.0
2014-01-13,20.57,20.68,19.98,20.09,824500,-0.0233,-0.0276,16564205.0,24354994.5
2014-01-14,20.16,20.53,20.14,20.5,1083300,0.0169,0.0204,22207650.0,25010108.6
2014-01-15,20.6,21.06,20.49,20.9,1957400,0.0146,0.0195,40909660.0,26058917.0
2014-01-16,20.81,20.94,20.69,20.7,925800,-0.0053,-0.0096,19164060.0,28187912.6
2014-01-17,20.89,21.09,20.66,20.85,1286800,-0.0019,0.0072,26829780.0,27048980.0
2014-01-21,20.97,21.25,20.79,20.93,1148300,-0.0019,0.0038,24033919.0,26479185.2
2014-01-22,21.04,21.07,20.7,21.01,1108900,-0.0014,0.0038,23297989.0,26466242.1
2014-01-23,20.95,21.26,20.81,21.26,997800,0.0148,0.0119,21213228.0,25864843.4
2014-01-24,21.19,21.19,20.65,20.9,1512800,-0.0137,-0.0169,31617520.0,23962760.8
2014-01-27,20.97,21.0,20.51,20.64,1248900,-0.0157,-0.0124,25777296.0,24682237.3
2014-01-28,20.71,21.23,20.66,21.18,1476300,0.0227,0.0262,31268034.0,25161530.7
2014-01-29,20.96,21.15,20.65,20.8,1323100,-0.0076,-0.0179,27520480.0,26631913.6
2014-01-30,20.96,21.44,20.92,21.16,1259700,0.0095,0.0173,26655252.0,27163196.6
2014-01-31,20.84,21.36,20.72,21.27,1248700,0.0206,0.0052,26559849.0,25737755.8
2014-02-03,21.18,21.41,20.55,20.77,2561300,-0.0194,-0.0235,53198201.0,26477334.7
2014-02-04,20.82,21.01,20.71,20.88,1723600,0.0029,0.0053,35988768.0,29114176.8
2014-02-05,20.82,21.02,20.69,21.0,1787600,0.0086,0.0057,37539600.0,30309661.7
2014-02-06,21.0,21.24,20.98,21.12,1873000,0.0057,0.0057,39557760.0,31733822.8
2014-02-07,21.48,21.7,21.01,21.36,1807500,-0.0056,0.0114,38608200.0,33568276.0
2014-02-10,21.4,21.42,21.15,21.37,686400,-0.0014,0.0005,14668368.0,34267344.0
2014-02-11,21.33,21.59,21.33,21.54,608300,0.0098,0.008,13102782.0,33156451.2
2014-02-12,21.57,21.7,21.43,21.56,870700,-0.0005,0.0009,18772292.0,31339926.0
2014-02-13,21.37,21.81,21.34,21.74,803300,0.0173,0.0083,17463742.0,30465107.2
2014-02-14,21.73,21.81,21.4,21.65,499900,-0.0037,-0.0041,10822835.0,29545956.2
2014-02-18,21.65,21.97,21.59,21.8,685600,0.0069,0.0069,14946080.0,27972254.8
2014-02-19,21.73,21.85,21.49,21.72,808900,-0.0005,-0.0037,17569308.0,24147042.7
2014-02-20,21.73,22.04,21.65,21.99,577700,0.012,0.0124,12703623.0,22305096.7
2014-02-21,22.06,22.11,21.75,21.82,1183400,-0.0109,-0.0077,25821788.0,19821499.0
2014-02-24,21.84,22.09,21.71,21.85,2227000,0.0005,0.0014,48659950.0,18447901.8
2014-02-25,24.8,24.8,23.28,23.69,3645200,-0.0448,0.0842,86354788.0,19453076.8
2014-02-26,23.76,23.76,23.08,23.34,1912500,-0.0177,-0.0148,44637750.0,26621718.8
2014-02-27,23.32,23.43,22.97,23.02,1584700,-0.0129,-0.0137,36479794.0,29775215.6
2014-02-28,23.0,23.09,22.61,22.69,1625800,-0.0135,-0.0143,36889402.0,31545965.8
2014-03-03,22.46,22.57,22.18,22.44,1802100,-0.0009,-0.011,40439124.0,33488531.8
2014-03-04,22.58,22.75,22.42,22.5,1880000,-0.0035,0.0027,42300000.0,36450160.7
2014-03-05,22.5,22.99,22.48,22.94,2903700,0.0196,0.0196,66610878.0,39185552.7
2014-03-06,23.01,23.17,22.97,23.06,679900,0.0022,0.0052,15678494.0,44089709.7
2014-03-07,23.12,23.2,22.92,23.07,565600,-0.0022,0.0004,13048392.0,44387196.8
2014-03-10,23.0,23.09,22.78,22.99,611500,-0.0004,-0.0035,14058385.0,43109857.2
2014-03-11,23.0,23.11,22.73,22.85,873100,-0.0065,-0.0061,19950335.0,39649700.7
2014-03-12,22.76,23.22,22.62,23.22,648800,0.0202,0.0162,15065136.0,33009255.4
2014-03-13,23.29,23.39,22.92,22.98,999400,-0.0133,-0.0103,22966212.0,30051994.0
2014-03-14,22.87,23.39,22.87,23.26,1001400,0.0171,0.0122,23292564.0,28700635.8
2014-03-17,23.33,23.39,22.95,22.99,1327100,-0.0146,-0.0116,30510029.0,27340952.0
2014-03-18,23.02,23.29,22.97,23.14,956500,0.0052,0.0065,22133410.0,26348042.5
2014-03-19,23.18,23.18,22.74,22.96,972600,-0.0095,-0.0078,22330896.0,24331383.5
2014-03-20,22.96,23.07,22.8,22.86,332200,-0.0044,-0.0044,7594092.0,19903385.3
2014-03-21,22.98,22.98,22.39,22.46,986000,-0.0226,-0.0175,22145560.0,19094945.1
2014-03-24,22.12,22.4,21.68,21.89,1095200,-0.0104,-0.0254,23973928.0,20004661.9
2014-03-25,22.03,22.19,21.74,21.89,656000,-0.0064,0.0,14359840.0,20996216.2
2014-03-26,22.07,22.15,21.64,21.66,1095200,-0.0186,-0.0105,23722032.0,20437166.7
2014-03-27,21.74,21.75,21.29,21.55,1023700,-0.0087,-0.0051,22060735.0,21302856.3
2014-03-28,21.59,21.82,21.59,21.67,936000,0.0037,0.0056,20283120.0,21212308.6
2014-03-31,21.73,21.98,21.68,21.75,733000,0.0009,0.0037,15942750.0,20911364.2
2014-04-01,21.8,22.34,21.8,22.31,1449100,0.0234,0.0257,32329421.0,19454636.3
2014-04-02,22.33,22.33,21.97,22.0,608000,-0.0148,-0.0139,13376000.0,20474237.4
2014-04-03,21.97,22.07,21.38,21.59,1076000,-0.0173,-0.0186,23230840.0,19578747.8
2014-04-04,21.77,21.77,20.99,21.2,1453400,-0.0262,-0.0181,30812080.0,21142422.6
2014-04-07,21.16,21.16,20.0,20.32,2758000,-0.0397,-0.0415,56042560.0,22009074.6
2014-04-08,20.31,20.61,20.21,20.49,858000,0.0089,0.0084,17580420.0,25215937.8
2014-04-09,20.63,20.82,20.45,20.77,1045600,0.0068,0.0137,21717112.0,25537995.8
2014-04-10,20.75,20.75,20.23,20.31,1306400,-0.0212,-0.0221,26532984.0,25337503.8
2014-04-11,20.09,20.34,19.93,20.04,1336400,-0.0025,-0.0133,26781456.0,25784728.7
2014-04-14,20.24,20.29,19.99,20.18,1081800,-0.003,0.007,21830724.0,26434562.3
2014-04-15,20.28,20.34,19.61,19.82,1384800,-0.0227,-0.0178,27446736.0,27023359.7
2014-04-16,20.02,20.5,19.9,20.41,1115500,0.0195,0.0298,22767355.0,26535091.2
2014-04-17,20.32,20.69,20.22,20.58,565400,0.0128,0.0083,11635932.0,27474226.7
2014-04-21,20.67,20.86,20.43,20.85,969000,0.0087,0.0131,20203650.0,26314735.9
2014-04-22,20.94,21.45,20.88,21.36,832300,0.0201,0.0245,17777928.0,25253892.9
2014-04-23,21.29,21.64,21.29,21.57,1842100,0.0132,0.0098,39734097.0,21427429.7
2014-04-24,21.64,21.66,21.37,21.45,1336700,-0.0088,-0.0056,28672215.0,23642797.4
2014-04-25,21.35,21.46,20.85,20.93,920000,-0.0197,-0.0242,19255600.0,24338307.7
2014-04-28,21.02,21.05,20.09,20.37,1175900,-0.0309,-0.0268,23953083.0,23610569.3
2014-04-29,20.53,20.89,20.27,20.7,799600,0.0083,0.0162,16551720.0,23327732.0
2014-04-30,20.59,20.9,20.42,20.88,1138100,0.0141,0.0087,23763528.0,22799831.6
2014-05-01,20.85,21.25,20.71,21.02,1116500,0.0082,0.0067,23468830.0,22431510.8
2014-05-02,21.03,21.28,20.99,21.01,840500,-0.001,-0.0005,17658905.0,22501658.3
2014-05-05,20.92,21.48,20.79,21.37,1295600,0.0215,0.0171,27686972.0,23103955.6
2014-05-06,21.25,21.35,20.88,20.93,1606300,-0.0151,-0.0206,33619859.0,23852287.8
2014-05-07,21.61,23.16,21.6,23.03,3692200,0.0657,0.1003,85031366.0,25436480.9
2014-05-08,22.89,23.03,22.14,22.19,2121000,-0.0306,-0.0365,47064990.0,29966207.8
2014-05-09,22.13,22.38,21.94,22.21,996800,0.0036,0.0009,22138928.0,31805485.3
2014-05-12,22.36,23.3,22.26,23.17,1177200,0.0362,0.0432,27275724.0,32093818.1
2014-05-13,23.11,23.29,22.76,22.77,1033000,-0.0147,-0.0173,23521410.0,32426082.2
2014-05-14,22.68,22.79,22.24,22.39,1346300,-0.0128,-0.0167,30143657.0,33123051.2
2014-05-15,22.32,22.45,21.96,22.34,1229200,0.0009,-0.0022,27460328.0,33761064.1
2014-05-16,22.29,22.42,22.0,22.3,905100,0.0004,-0.0018,20183730.0,34160213.9
2014-05-19,22.32,23.25,22.26,22.74,1190700,0.0188,0.0197,27076518.0,34412696.4
2014-05-20,22.74,23.12,22.5,23.01,5613900,0.0119,0.0119,129175839.0,34351651.0
2014-05-21,23.02,24.0,23.01,23.69,2284400,0.0291,0.0296,54117436.0,43907249.0
2014-05-22,23.64,24.3,23.64,24.12,2801100,0.0203,0.0182,67562532.0,40815856.0
2014-05-23,24.05,24.33,23.86,24.25,770500,0.0083,0.0054,18684625.0,42865610.2
2014-05-27,24.3,24.71,24.25,24.5,1097700,0.0082,0.0103,26893650.0,42520179.9
2014-05-28,23.7,23.86,23.37,23.68,1784100,-0.0008,-0.0335,42247488.0,42481972.5
2014-05-29,23.72,23.93,23.58,23.9,1210100,0.0076,0.0093,28921390.0,44354580.3
2014-05-30,23.94,23.94,23.39,23.72,1945500,-0.0092,-0.0075,46147260.0,44232353.6
2014-06-02,23.75,23.95,23.57,23.75,953700,0.0,0.0013,22650375.0,46101046.8
2014-06-03,23.67,23.85,23.37,23.57,962300,-0.0042,-0.0076,22681411.0,46347711.3
2014-06-04,23.57,24.12,23.37,23.98,1064100,0.0174,0.0174,25517118.0,45908200.6
2014-06-05,24.16,24.3,23.74,24.12,802100,-0.0017,0.0058,19346652.0,35542328.5
2014-06-06,24.24,24.3,23.93,24.02,1036200,-0.0091,-0.0041,24889524.0,32065250.1
2014-06-09,24.21,24.27,23.96,24.03,1118000,-0.0074,0.0004,26865540.0,27797949.3
2014-06-10,23.87,24.05,23.73,23.86,714000,-0.0004,-0.0071,17036040.0,28616040.8
2014-06-11,23.58,23.8,23.53,23.61,713600,0.0013,-0.0105,16848096.0,27630279.8
2014-06-12,23.6,23.6,22.88,23.09,1150600,-0.0216,-0.022,26567354.0,25090340.6
2014-06-13,23.15,23.71,23.15,23.51,2513800,0.0156,0.0182,59099438.0,24854937.0
2014-06-16,23.46,23.69,23.37,23.49,1293500,0.0013,-0.0009,30384315.0,26150154.8
2014-06-17,23.42,23.77,23.31,23.75,1537600,0.0141,0.0111,36518000.0,26923548.8
2014-06-18,23.74,23.81,23.31,23.8,1416500,0.0025,0.0021,33712700.0,28307207.7
2014-06-19,23.87,23.97,23.59,23.94,1785000,0.0029,0.0059,42732900.0,29126765.9
2014-06-20,23.98,23.98,23.43,23.57,20953100,-0.0171,-0.0155,493864567.0,31465390.7
2014-06-23,23.61,23.74,23.43,23.46,1419800,-0.0064,-0.0047,33308508.0,78362895.0
2014-06-24,23.46,24.02,23.39,23.61,2689200,0.0064,0.0064,63492012.0,79007191.8
2014-06-25,23.51,24.13,23.51,24.11,1672200,0.0255,0.0212,40316742.0,83652789.0
2014-06-26,24.06,24.42,23.93,24.22,2926000,0.0067,0.0046,70867720.0,85999653.6
2014-06-27,24.06,24.33,23.98,24.14,13637800,0.0033,-0.0033,329216492.0,90429690.2
2014-06-30,24.18,24.7,24.12,24.69,2155700,0.0211,0.0228,53224233.0,117441395.6
2014-07-01,24.78,25.24,24.75,24.94,2624100,0.0065,0.0101,65445054.0,119725387.4
2014-07-02,25.01,25.28,24.81,24.84,943500,-0.0068,-0.004,23436540.0,122618092.8
2014-07-03,24.91,25.14,24.8,25.14,1282100,0.0092,0.0121,32231994.0,121590476.8
2014-07-07,25.01,25.24,24.91,24.95,1346500,-0.0024,-0.0076,33595175.0,120540386.2
2014-07-08,24.89,24.95,24.1,24.14,2004900,-0.0301,-0.0325,48398286.0,74513447.0
2014-07-09,24.24,24.44,24.09,24.3,1506300,0.0025,0.0066,36603090.0,76022424.8
2014-07-10,23.85,24.65,23.85,24.62,2121300,0.0323,0.0132,52226406.0,73333532.6
2014-07-11,24.57,24.57,24.07,24.11,1326600,-0.0187,-0.0207,31984326.0,74524499.0
2014-07-14,24.25,24.34,24.06,24.09,1028000,-0.0066,-0.0008,24764520.0,70636159.6
2014-07-15,24.25,24.25,23.73,23.91,719700,-0.014,-0.0075,17208027.0,40190962.4
2014-07-16,24.01,24.16,23.75,23.91,1766200,-0.0042,0.0,42229842.0,36589341.8
2014-07-17,23.79,24.17,23.67,23.91,2392700,0.005,0.0,57209457.0,34267820.6
2014-07-18,24.0,24.26,23.96,24.11,1588000,0.0046,0.0084,38286680.0,37645112.3
2014-07-21,24.0,24.11,23.67,23.78,978300,-0.0092,-0.0137,23263974.0,38250580.9
2014-07-22,23.88,24.21,23.84,24.03,923800,0.0063,0.0105,22198914.0,37217460.8
2014-07-23,24.13,24.2,23.95,24.0,826000,-0.0054,-0.0012,19824000.0,34597523.6
2014-07-24,24.04,24.36,23.99,24.21,1245500,0.0071,0.0088,30153555.0,32919614.6
2014-07-25,24.13,24.27,23.86,24.01,690400,-0.005,-0.0083,16576504.0,30712329.5
2014-07-28,23.96,24.02,23.63,23.96,784500,0.0,-0.0021,18796620.0,29171547.3
2014-07-29,23.97,24.12,23.71,23.76,1048500,-0.0088,-0.0083,24912360.0,28574757.3
2014-07-30,23.89,23.91,23.6,23.85,737300,-0.0017,0.0038,17584605.0,29345190.6
2014-07-31,23.68,23.74,23.16,23.21,1299800,-0.0198,-0.0268,30168358.0,26880666.9
2014-08-01,22.2,22.38,21.49,21.6,5310300,-0.027,-0.0694,114702480.0,24176557.0
2014-08-04,21.59,21.79,21.46,21.57,2649100,-0.0009,-0.0014,57141087.0,31818137.0
2014-08-05,21.51,21.68,21.34,21.51,1844700,0.0,-0.0028,39679497.0,35205848.3
2014-08-06,21.38,21.56,21.16,21.22,1464500,-0.0075,-0.0135,31076690.0,36953906.6
2014-08-07,21.22,21.36,21.01,21.1,1561900,-0.0057,-0.0057,32956090.0,38079175.6
2014-08-08,21.05,21.13,20.82,21.07,1427500,0.001,-0.0014,30077425.0,38359429.1
2014-08-11,21.16,21.21,20.98,21.07,902300,-0.0043,0.0,19011461.0,39709521.2
2014-08-12,21.0,21.33,20.88,20.9,1936200,-0.0048,-0.0081,40466580.0,39731005.3
2014-08-13,20.95,21.36,20.82,21.34,1391400,0.0186,0.0211,29692476.0,41286427.3
2014-08-14,21.32,21.46,21.14,21.3,1171600,-0.0009,-0.0019,24955080.0,42497214.4
2014-08-15,21.44,21.56,21.2,21.46,974400,0.0009,0.0075,20910624.0,41975886.6
2014-08-18,21.54,21.84,21.54,21.77,785000,0.0107,0.0144,17089450.0,32596701.0
2014-08-19,21.79,21.9,21.66,21.7,692800,-0.0041,-0.0032,15033760.0,28591537.3
2014-08-20,21.61,21.82,21.52,21.76,808100,0.0069,0.0028,17584256.0,26126963.6
2014-08-21,21.76,21.77,21.47,21.49,1032000,-0.0124,-0.0124,22177680.0,24777720.2
2014-08-22,21.44,21.85,21.36,21.72,734800,0.0131,0.0107,15959856.0,23699879.2
2014-08-25,21.8,21.91,21.59,21.67,590500,-0.006,-0.0023,12796135.0,22288122.3
2014-08-26,21.7,21.86,21.61,21.77,788400,0.0032,0.0046,17163468.0,21666589.7
2014-08-27,21.74,21.93,21.66,21.87,848300,0.006,0.0046,18552321.0,19336278.5
2014-08-28,21.84,22.17,21.73,21.94,1028300,0.0046,0.0032,22560902.0,18222263.0
2014-08-29,21.78,22.18,21.78,21.96,772800,0.0083,0.0009,16970688.0,17982845.2
2014-09-02,22.37,22.75,22.37,22.71,2181300,0.0152,0.0342,49537323.0,17588851.6
2014-09-03,22.74,22.87,22.4,22.55,1392400,-0.0084,-0.007,31398620.0,20833638.9
2014-09-04,22.63,22.73,22.44,22.5,950700,-0.0057,-0.0022,21390750.0,22470124.9
2014-09-05,22.49,22.77,22.45,22.71,1195800,0.0098,0.0093,27156618.0,22850774.3
2014-09-08,22.61,22.89,22.61,22.89,988600,0.0124,0.0079,22629054.0,23348668.1
2014-09-09,22.83,22.93,22.64,22.85,1942600,0.0009,-0.0017,44388410.0,24015587.9
2014-09-10,22.89,23.69,22.89,23.62,2091600,0.0319,0.0337,49403592.0,27174815.4
2014-09-11,23.65,23.79,23.43,23.5,1907400,-0.0063,-0.0051,44823900.0,30398827.8
2014-09-12,23.42,23.55,23.24,23.43,1018400,0.0004,-0.003,23861112.0,33025985.7
2014-09-15,23.51,23.62,23.34,23.45,965500,-0.0026,0.0009,22640975.0,33156006.7
2014-09-16,23.58,24.55,23.58,24.4,3273400,0.0348,0.0405,79870960.0,33723035.4
2014-09-17,24.4,24.54,24.12,24.22,1731400,-0.0074,-0.0074,41934508.0,36756399.1
2014-09-18,24.34,24.63,24.26,24.48,1408400,0.0058,0.0107,34477632.0,37809987.9
2014-09-19,24.64,24.75,24.24,24.48,2753600,-0.0065,0.0,67408128.0,39118676.1
2014-09-22,24.45,24.54,23.87,23.93,1908000,-0.0213,-0.0225,45658440.0,43143827.1
2014-09-23,23.87,24.08,23.74,23.77,1427900,-0.0042,-0.0067,33941183.0,45446765.7
2014-09-24,23.76,24.11,23.74,24.05,1484200,0.0122,0.0118,35695010.0,44402043.0
2014-09-25,23.93,24.03,23.63,23.69,1319500,-0.01,-0.015,31258955.0,43031184.8
2014-09-26,23.69,24.28,23.59,24.2,2258000,0.0215,0.0215,54643600.0,41674690.3
2014-09-29,23.94,24.52,23.87,24.31,1558700,0.0155,0.0045,37891997.0,44752939.1
2014-09-30,24.26,24.3,24.0,24.02,1836200,-0.0099,-0.0119,44105524.0,46278041.3
2014-10-01,24.03,24.03,23.48,23.56,2018000,-0.0196,-0.0192,47544080.0,42701497.7
2014-10-02,23.59,23.69,23.06,23.56,921100,-0.0013,0.0,21701116.0,43262454.9
2014-10-03,23.73,24.23,23.61,24.14,2122100,0.0173,0.0246,51227494.0,41984803.3
2014-10-06,24.23,24.43,23.99,24.09,1319200,-0.0058,-0.0021,31779528.0,40366739.9
2014-10-07,24.02,24.26,23.76,23.77,1082600,-0.0104,-0.0133,25733402.0,38978848.7
2014-10-08,23.72,24.7,23.67,24.68,2482800,0.0405,0.0383,61275504.0,38158070.6
2014-10-09,24.62,24.69,23.68,23.72,1658300,-0.0366,-0.0389,39334876.0,40716120.0
2014-10-10,23.65,23.82,22.74,22.79,2426900,-0.0364,-0.0392,55309051.0,41523712.1
2014-10-13,22.64,22.74,21.68,21.72,2880700,-0.0406,-0.047,62568804.0,41590257.2
2014-10-14,21.91,22.2,21.66,21.8,2199600,-0.005,0.0037,47951280.0,44057937.9
2014-10-15,21.35,22.11,21.14,21.96,1780000,0.0286,0.0073,39088800.0,44442513.5
2014-10-16,21.46,22.2,21.41,21.89,2493400,0.02,-0.0032,54580526.0,43596985.5
2014-10-17,22.22,22.7,22.09,22.5,965200,0.0126,0.0279,21717000.0,46884926.5
2014-10-20,22.53,23.23,22.49,22.99,1479700,0.0204,0.0218,34018303.0,43933877.1
2014-10-21,23.27,23.6,23.17,23.45,1889500,0.0077,0.02,44308775.0,44157754.6
2014-10-22,23.53,23.64,23.28,23.29,1563700,-0.0102,-0.0068,36418573.0,46015291.9
2014-10-23,23.55,23.76,23.4,23.5,1631800,-0.0021,0.009,38347300.0,43529598.8
2014-10-24,23.46,23.65,23.38,23.54,1308500,0.0034,0.0017,30802090.0,43430841.2
2014-10-27,23.5,23.9,23.43,23.77,1032800,0.0115,0.0098,24549656.0,40980145.1
2014-10-28,23.91,24.31,23.86,24.26,1199200,0.0146,0.0206,29092592.0,37178230.3
2014-10-29,24.23,24.78,24.1,24.75,1238300,0.0215,0.0202,30647925.0,35292361.5
2014-10-30,24.58,24.97,24.5,24.86,1195800,0.0114,0.0044,29727588.0,34448274.0
2014-10-31,25.25,26.92,25.25,26.0,5227800,0.0297,0.0459,135922800.0,31962980.2
2014-11-03,26.0,26.49,25.88,26.08,1529000,0.0031,0.0031,39876320.0,43383560.2
2014-11-04,25.88,25.96,25.51,25.77,849000,-0.0043,-0.0119,21878730.0,43969361.9
2014-11-05,26.0,26.01,25.55,25.65,571100,-0.0135,-0.0047,14648715.0,41726357.4
2014-11-06,25.6,25.89,25.6,25.85,850700,0.0098,0.0078,21990595.0,39549371.6
2014-11-07,25.84,26.09,25.69,25.99,1127300,0.0058,0.0054,29298527.0,37913701.1
2014-11-10,26.06,26.22,25.87,26.1,761800,0.0015,0.0042,19882980.0,37763344.8
2014-11-11,26.1,26.16,25.85,26.12,630600,0.0008,0.0008,16471272.0,37296677.2
2014-11-12,25.96,26.23,25.9,26.04,823200,0.0031,-0.0031,21436128.0,36034545.2
2014-11-13,26.15,26.56,26.07,26.11,768900,-0.0015,0.0027,20075979.0,35113365.5
2014-11-14,26.15,26.34,26.01,26.03,722500,-0.0046,-0.0031,18806675.0,34148204.6
2014-11-17,25.83,26.24,25.8,26.0,815400,0.0066,-0.0012,21200400.0,22436592.1
2014-11-18,25.99,26.49,25.98,26.2,1274500,0.0081,0.0077,33391900.0,20569000.1
2014-11-19,26.2,26.2,25.8,25.85,729800,-0.0134,-0.0134,18865330.0,21720317.1
2014-11-20,25.67,26.43,25.58,26.37,1106900,0.0273,0.0201,29188953.0,22141978.6
2014-11-21,26.77,26.82,25.91,26.04,1024200,-0.0273,-0.0125,26670168.0,22861814.4
2014-11-24,26.11,26.61,26.11,26.49,1040300,0.0146,0.0173,27557547.0,22598978.5
2014-11-25,26.51,26.72,26.35,26.57,727600,0.0023,0.003,19332332.0,23366435.2
2014-11-26,26.59,26.8,26.44,26.77,620100,0.0068,0.0075,16600077.0,23652541.2
2014-11-28,26.76,27.0,26.75,26.8,250700,0.0015,0.0011,6718760.0,23168936.1
2014-12-01,26.73,26.82,26.44,26.58,651000,-0.0056,-0.0082,17303580.0,21833214.2
2014-12-02,26.57,26.69,26.37,26.52,563100,-0.0019,-0.0023,14933412.0,21682904.7
2014-12-03,26.59,26.64,26.42,26.57,509900,-0.0008,0.0019,13548043.0,21056205.9
2014-12-04,26.47,26.78,26.35,26.73,594000,0.0098,0.006,15877620.0,19071820.2
2014-12-05,26.82,27.39,26.65,27.36,985600,0.0201,0.0236,26966016.0,18773049.2
2014-12-08,27.14,27.42,26.28,26.51,1450200,-0.0232,-0.0311,38444802.0,18550755.5
2014-12-09,26.11,26.51,25.75,26.18,1390100,0.0027,-0.0124,36392818.0,19728218.9
2014-12-10,26.13,26.24,25.74,25.81,860800,-0.0122,-0.0141,22217248.0,20611746.0
2014-12-11,25.86,26.04,25.5,25.58,1147400,-0.0108,-0.0089,29350492.0,20900237.6
2014-12-12,25.38,25.57,25.07,25.12,870600,-0.0102,-0.018,21869472.0,22175279.1
2014-12-15,25.3,25.48,24.92,25.2,1104400,-0.004,0.0032,27830880.0,23690350.3
2014-12-16,25.03,25.3,24.81,24.84,866300,-0.0076,-0.0143,21518892.0,24743080.3
2014-12-17,25.03,25.63,24.8,25.6,753500,0.0228,0.0306,19289600.0,25401628.3
2014-12-18,26.04,26.06,25.68,25.86,1112200,-0.0069,0.0102,28761492.0,25975784.0
2014-12-19,25.9,26.31,25.7,26.29,2031500,0.0151,0.0166,53408135.0,27264171.2
2014-12-22,26.2,26.41,26.0,26.09,570400,-0.0042,-0.0076,14881736.0,29908383.1
2014-12-23,26.19,26.45,26.15,26.4,576400,0.008,0.0119,15216960.0,27552076.5
2014-12-24,26.51,26.91,26.41,26.62,470400,0.0041,0.0083,12522048.0,25434490.7
2014-12-26,26.74,26.74,26.53,26.53,344300,-0.0079,-0.0034,9134279.0,24464970.7
2014-12-29,26.73,27.01,26.51,26.95,764500,0.0082,0.0158,20603275.0,22443349.4
2014-12-30,26.94,27.06,26.55,26.58,522500,-0.0134,-0.0137,13888050.0,22316729.7
2014-12-31,26.61,26.78,26.1,26.11,595100,-0.0188,-0.0177,15538061.0,20922446.7
2015-01-02,26.22,26.38,25.77,26.16,547100,-0.0023,0.0019,14312136.0,20324363.6
2015-01-05,25.96,26.08,25.53,25.56,615000,-0.0154,-0.0229,15719400.0,19826617.2
2015-01-06,25.57,25.57,24.71,24.82,982700,-0.0293,-0.029,24390614.0,18522408.0
2015-01-07,25.01,25.16,24.77,25.11,828700,0.004,0.0117,20808657.0,15620655.9
2015-01-08,25.39,25.94,25.32,25.83,870800,0.0173,0.0287,22492764.0,16213348.0
2015-01-09,25.83,25.83,25.25,25.29,501800,-0.0209,-0.0209,12690522.0,16940928.4
2015-01-12,25.18,25.32,24.99,25.0,555000,-0.0071,-0.0115,13875000.0,16957775.8
2015-01-13,25.29,25.66,24.95,25.27,599600,-0.0008,0.0108,15151892.0,17431847.9
2015-01-14,24.97,25.03,24.44,24.68,586700,-0.0116,-0.0233,14479756.0,16886709.6
2015-01-15,24.75,24.98,24.33,24.46,694800,-0.0117,-0.0089,16994808.0,16945880.2
2015-01-16,24.47,25.06,24.39,25.03,561600,0.0229,0.0233,14056848.0,17091554.9
2015-01-20,25.11,25.12,24.42,24.85,812000,-0.0104,-0.0072,20178200.0,17066026.1
2015-01-21,24.77,25.05,24.59,24.78,468600,0.0004,-0.0028,11611908.0,17511906.1
2015-01-22,24.95,25.33,24.61,25.33,878400,0.0152,0.0222,22249872.0,16234035.5
2015-01-23,25.36,25.57,25.17,25.47,546800,0.0043,0.0055,13926996.0,16378157.0
2015-01-26,25.43,25.71,25.39,25.7,628900,0.0106,0.009,16162730.0,15521580.2
2015-01-27,25.3,25.62,25.3,25.41,956200,0.0043,-0.0113,24297042.0,15868801.0
2015-01-28,25.68,25.7,24.5,24.55,1667100,-0.044,-0.0338,40927305.0,16911005.2
2015-01-29,24.56,24.77,24.14,24.68,1010400,0.0049,0.0053,24936672.0,19488546.5
2015-01-30,24.39,24.55,23.74,23.77,1395500,-0.0254,-0.0369,33171035.0,20534238.1
2015-02-02,23.85,24.15,23.53,23.85,1638200,0.0,0.0034,39071070.0,22151860.8
2015-02-03,23.94,24.16,23.92,24.13,1357600,0.0079,0.0117,32758888.0,24653283.0
2015-02-04,24.02,24.51,24.02,24.39,1080000,0.0154,0.0108,26341200.0,25911351.8
2015-02-05,24.44,24.56,24.23,24.46,651800,0.0008,0.0029,15943028.0,27384281.0
2015-02-06,24.46,24.64,24.28,24.38,652000,-0.0033,-0.0033,15895760.0,26753596.6
2015-02-09,24.14,24.51,24.08,24.39,790000,0.0104,0.0004,19268100.0,26950473.0
2015-02-10,24.6,24.87,24.33,24.75,597200,0.0061,0.0148,14780700.0,27261010.0
2015-02-11,24.77,24.92,24.42,24.59,715900,-0.0073,-0.0065,17603981.0,26309375.8
2015-02-12,24.74,24.89,24.39,24.68,511600,-0.0024,0.0037,12626288.0,23977043.4
2015-02-13,24.66,25.1,24.57,25.04,977100,0.0154,0.0146,24466584.0,22746005.0
2015-02-17,25.05,25.33,24.95,25.33,762600,0.0112,0.0116,19316658.0,21875559.9
2015-02-18,25.32,25.53,25.17,25.3,582000,-0.0008,-0.0012,14724600.0,19900118.7
2015-02-19,25.29,25.45,25.12,25.42,412600,0.0051,0.0047,10488292.0,18096689.9
2015-02-20,25.3,25.85,25.22,25.84,498400,0.0213,0.0165,12878656.0,16511399.1
2015-02-23,25.82,26.04,25.57,25.69,462700,-0.005,-0.0058,11886763.0,16204961.9
2015-02-24,25.8,25.94,25.54,25.73,572300,-0.0027,0.0016,14725279.0,15804062.2
2015-02-25,25.75,26.17,25.74,26.1,518700,0.0136,0.0144,13538070.0,15349780.1
2015-02-26,26.15,26.24,25.78,25.85,800100,-0.0115,-0.0096,20682585.0,15225517.1
2015-02-27,25.61,26.32,25.34,25.59,1745400,-0.0008,-0.0101,44664786.0,15533377.5
2015-03-02,25.75,26.79,25.59,26.78,1505900,0.04,0.0465,40328002.0,18737227.3
2015-03-03,26.54,26.72,25.83,26.19,953100,-0.0132,-0.022,24961689.0,20323369.1
2015-03-04,26.18,26.24,25.94,26.15,790200,-0.0011,-0.0015,20663730.0,20887872.2
2015-03-05,26.26,26.33,26.07,26.21,649000,-0.0019,0.0023,17010290.0,21481785.2
2015-03-06,26.07,26.21,25.55,25.76,891000,-0.0119,-0.0172,22952160.0,22133985.0
2015-03-09,25.51,25.68,25.41,25.48,666500,-0.0012,-0.0109,16982420.0,23141335.4
2015-03-10,25.16,25.42,24.94,25.26,945900,0.004,-0.0086,23893434.0,23650901.1
2015-03-11,25.72,25.88,25.07,25.37,1214300,-0.0136,0.0044,30806791.0,24567716.6
2015-03-12,25.38,25.61,25.25,25.44,979100,0.0024,0.0028,24908304.0,26294588.7
2015-03-13,25.4,25.45,24.84,25.08,1108300,-0.0126,-0.0142,27796164.0,26717160.6
2015-03-16,25.24,25.54,25.08,25.53,807000,0.0115,0.0179,20602710.0,25030298.4
2015-03-17,25.43,25.47,25.2,25.4,710900,-0.0012,-0.0051,18056860.0,23057769.2
2015-03-18,25.36,25.86,25.2,25.72,973900,0.0142,0.0126,25048708.0,22367286.3
2015-03-19,25.59,25.77,25.43,25.51,610900,-0.0031,-0.0082,15584059.0,22805784.1
2015-03-20,25.64,25.68,25.38,25.5,1220500,-0.0055,-0.0004,31122750.0,22663161.0
2015-03-23,25.47,25.64,25.33,25.43,471900,-0.0016,-0.0027,12000417.0,23480220.0
2015-03-24,25.45,25.58,25.21,25.48,528900,0.0012,0.002,13476372.0,22982019.7
2015-03-25,25.47,25.47,24.95,24.96,864800,-0.02,-0.0204,21585408.0,21940313.5
2015-03-26,24.79,25.04,24.61,24.93,618400,0.0056,-0.0012,15416712.0,21018175.2
2015-03-27,24.95,25.03,24.61,25.0,715900,0.002,0.0028,17897500.0,20069016.0
2015-03-30,25.18,25.38,25.02,25.25,847100,0.0028,0.01,21389275.0,19079149.6
2015-03-31,25.12,25.41,25.04,25.23,869600,0.0044,-0.0008,21940008.0,19157806.1
2015-04-01,25.14,25.38,24.98,25.31,808400,0.0068,0.0032,20460604.0,19546120.9
2015-04-02,25.22,25.69,25.09,25.69,908400,0.0186,0.015,23336796.0,19087310.5
2015-04-06,25.53,25.95,25.46,25.91,2284600,0.0149,0.0086,59193986.0,19862584.2
2015-04-07,25.87,26.12,25.7,25.74,734900,-0.005,-0.0066,18916326.0,22669707.8
2015-04-08,25.69,25.88,25.48,25.73,794200,0.0016,-0.0004,20434766.0,23361298.7
2015-04-09,25.82,26.07,25.69,25.93,1116800,0.0043,0.0078,28958624.0,24057138.1
2015-04-10,25.97,26.1,25.78,25.8,575700,-0.0065,-0.005,14853060.0,24794459.7
2015-04-13,25.76,26.15,25.68,25.95,1029300,0.0074,0.0058,26710335.0,24738094.5
2015-04-14,26.0,26.11,25.85,26.03,597500,0.0012,0.0031,15552925.0,25619378.0
2015-04-15,26.09,26.33,26.09,26.18,654800,0.0034,0.0058,17142664.0,25035743.0
2015-04-16,26.13,26.24,26.0,26.24,510900,0.0042,0.0023,13406016.0,24556008.6
2015-04-17,26.02,26.06,25.6,25.7,504200,-0.0123,-0.0206,12957940.0,23850549.8
2015-04-20,25.82,25.91,25.53,25.91,510400,0.0035,0.0082,13224464.0,22812664.2
2015-04-21,26.0,26.09,25.77,25.97,679300,-0.0012,0.0023,17641421.0,18215712.0
2015-04-22,26.0,26.1,25.78,25.99,433000,-0.0004,0.0008,11253670.0,18088221.5
2015-04-23,25.91,26.07,25.83,25.98,604200,0.0027,-0.0004,15697116.0,17170111.9
2015-04-24,26.06,26.3,25.9,25.99,456400,-0.0027,0.0004,11861836.0,15843961.1
2015-04-27,26.01,26.07,25.51,25.58,898300,-0.0165,-0.0158,22978514.0,15544838.7
2015-04-28,25.54,25.72,25.29,25.51,765700,-0.0012,-0.0027,19533007.0,15171656.6
2015-04-29,25.39,25.8,25.37,25.63,489200,0.0095,0.0047,12538196.0,15569664.8
2015-04-30,25.54,25.71,24.99,25.06,967600,-0.0188,-0.0222,24248056.0,15109218.0
2015-05-01,26.73,27.24,26.47,27.08,1991100,0.0131,0.0806,53918988.0,16193422.0
2015-05-04,27.25,27.78,27.21,27.75,1423800,0.0183,0.0247,39510450.0,20289526.8
2015-05-05,27.75,27.79,26.86,26.89,1201800,-0.031,-0.031,32316402.0,22918125.4
2015-05-06,26.97,27.09,26.56,26.63,701900,-0.0126,-0.0097,18691597.0,24385623.5
2015-05-07,26.65,26.79,26.43,26.56,496600,-0.0034,-0.0026,13189696.0,25129416.2
2015-05-08,26.9,26.99,26.68,26.85,671100,-0.0019,0.0109,18019035.0,24878674.2
2015-05-11,26.82,26.9,26.61,26.63,444200,-0.0071,-0.0082,11829046.0,25494394.1
2015-05-12,26.49,26.79,26.25,26.59,490500,0.0038,-0.0015,13042395.0,24379447.3
2015-05-13,26.67,26.83,26.52,26.65,677900,-0.0007,0.0023,18066035.0,23730386.1
2015-05-14,26.86,27.01,26.65,27.0,365100,0.0052,0.0131,9857700.0,24283170.0
2015-05-15,26.99,27.25,26.95,27.16,529000,0.0063,0.0059,14367640.0,22844134.4
2015-05-18,27.14,27.5,27.14,27.49,447500,0.0129,0.0122,12301775.0,18888999.6
2015-05-19,27.54,27.71,27.22,27.25,602000,-0.0105,-0.0087,16404500.0,16168132.1
2015-05-20,27.26,27.28,26.94,27.19,847500,-0.0026,-0.0022,23043525.0,14576941.9
2015-05-21,27.12,27.31,26.89,27.27,848700,0.0055,0.0029,23144049.0,15012134.7
2015-05-22,27.2,27.44,27.17,27.36,392700,0.0059,0.0033,10744272.0,16007570.0
2015-05-26,27.25,28.35,27.17,28.32,2130600,0.0393,0.0351,60338592.0,15280093.7
2015-05-27,28.42,28.97,28.27,28.84,1650000,0.0148,0.0184,47586000.0,20131048.3
2015-05-28,28.86,28.86,28.39,28.4,978400,-0.0159,-0.0153,27786560.0,23585408.8
2015-05-29,28.44,28.67,28.41,28.6,1047700,0.0056,0.007,29964220.0,24557461.3
2015-06-01,28.53,29.0,28.46,28.65,1243000,0.0042,0.0017,35611950.0,26568113.3
2015-06-02,28.6,28.8,28.45,28.53,411700,-0.0024,-0.0042,11745801.0,28692544.3
2015-06-03,28.66,29.1,28.47,28.97,1009700,0.0108,0.0154,29251009.0,28636946.9
2015-06-04,28.95,29.07,28.62,28.69,473400,-0.009,-0.0097,13581846.0,29921597.8
2015-06-05,28.55,29.04,28.39,29.01,954100,0.0161,0.0112,27678441.0,28975429.9
2015-06-08,29.0,29.11,28.74,28.78,1188000,-0.0076,-0.0079,34190640.0,29428869.1
2015-06-09,28.78,28.85,28.48,28.6,603000,-0.0063,-0.0063,17245800.0,31773505.9
2015-06-10,28.77,29.08,28.69,28.93,998300,0.0056,0.0115,28880819.0,27464226.7
2015-06-11,28.97,29.21,28.83,29.21,594000,0.0083,0.0097,17350740.0,25593708.6
2015-06-12,28.37,29.09,28.37,28.93,689700,0.0197,-0.0096,19953021.0,24550126.6
2015-06-15,28.74,28.89,28.42,28.81,571700,0.0024,-0.0041,16470677.0,23549006.7
2015-06-16,28.72,28.83,28.52,28.68,825800,-0.0014,-0.0045,23683944.0,21634879.4
2015-06-17,28.82,29.02,28.51,28.71,798900,-0.0038,0.001,22936419.0,22828693.7
2015-06-18,28.75,29.05,28.75,28.94,682000,0.0066,0.008,19737080.0,22197234.7
2015-06-19,28.96,28.96,28.67,28.73,760100,-0.0079,-0.0073,21837673.0,22812758.1
2015-06-22,28.97,29.04,28.9,29.0,678900,0.001,0.0094,19688100.0,22228681.3
2015-06-23,29.08,29.17,28.93,29.16,601900,0.0028,0.0055,17551404.0,20778427.3
2015-06-24,29.13,29.17,28.88,28.92,554600,-0.0072,-0.0082,16039032.0,20808987.7
2015-06-25,29.06,29.13,28.8,29.0,709600,-0.0021,0.0028,20578400.0,19524809.0
2015-06-26,29.07,29.11,28.54,28.58,2604200,-0.0169,-0.0145,74428036.0,19847575.0
2015-06-29,28.19,28.41,27.56,27.58,959400,-0.0216,-0.035,26460252.0,25295076.5
2015-06-30,27.84,27.84,27.29,27.49,979200,-0.0126,-0.0033,26918208.0,26294034.0
2015-07-01,27.76,27.91,27.46,27.59,990100,-0.0061,0.0036,27316859.0,26617460.4
2015-07-02,27.72,27.86,27.37,27.57,822500,-0.0054,-0.0007,22676325.0,27055504.4
2015-07-06,27.3,27.6,27.04,27.09,1605000,-0.0077,-0.0174,43479450.0,27349428.9
2015-07-07,27.17,27.25,26.38,26.92,1000100,-0.0092,-0.0063,26922692.0,29513606.6
2015-07-08,26.81,26.81,26.27,26.4,984600,-0.0153,-0.0193,25993440.0,30237065.8
2015-07-09,26.79,26.79,26.44,26.54,749100,-0.0093,0.0053,19881114.0,31081269.4
2015-07-10,26.83,27.02,26.67,26.91,782200,0.003,0.0139,21049002.0,31465477.6
2015-07-13,27.14,27.46,27.12,27.41,664000,0.0099,0.0186,18200240.0,31512537.8
2015-07-14,27.49,27.74,27.18,27.63,551200,0.0051,0.008,15229656.0,25889758.2
2015-07-15,27.68,27.68,27.01,27.05,675900,-0.0228,-0.021,18283095.0,24766698.6
2015-07-16,27.28,27.32,27.01,27.32,526900,0.0015,0.01,14394908.0,23903187.3
2015-07-17,27.26,27.35,26.62,26.76,974000,-0.0183,-0.0205,26064240.0,22610992.2
2015-07-20,26.88,26.88,26.45,26.76,572600,-0.0045,0.0,15322776.0,22949783.7
2015-07-21,26.78,27.05,26.22,26.23,524900,-0.0205,-0.0198,13768127.0,20134116.3
2015-07-22,26.09,26.5,26.07,26.26,716300,0.0065,0.0011,18810038.0,18818659.8
2015-07-23,26.4,26.69,26.15,26.19,660800,-0.008,-0.0027,17306352.0,18100319.6
2015-07-24,26.16,26.36,25.75,25.89,600900,-0.0103,-0.0115,15557301.0,17842843.4
2015-07-27,25.71,25.72,25.3,25.52,943500,-0.0074,-0.0143,24078120.0,17293673.3
2015-07-28,25.61,26.09,25.26,26.06,883500,0.0176,0.0212,23024010.0,17881461.3
2015-07-29,26.07,26.26,25.71,26.21,549700,0.0054,0.0058,14407637.0,18660896.7
2015-07-30,26.11,26.4,25.87,26.12,642400,0.0004,-0.0034,16779488.0,18273350.9
2015-07-31,26.17,26.33,26.01,26.22,482700,0.0019,0.0038,12656394.0,18511808.9
2015-08-03,26.25,26.52,26.04,26.25,559600,0.0,0.0011,14689500.0,17171024.3
2015-08-04,26.28,26.51,26.02,26.23,702200,-0.0019,-0.0008,18418706.0,17107696.7
2015-08-05,26.46,26.46,25.51,25.54,761900,-0.0348,-0.0263,19458926.0,17572754.6
2015-08-06,25.58,25.58,24.67,25.24,920200,-0.0133,-0.0117,23225848.0,17637643.4
2015-08-07,25.11,25.43,24.92,25.2,745300,0.0036,-0.0016,18781560.0,18229593.0
2015-08-10,25.44,25.87,25.29,25.76,1167300,0.0126,0.0222,30069648.0,18552018.9
2015-08-11,25.25,26.05,25.07,25.54,2313700,0.0115,-0.0085,59091898.0,19151171.7
2015-08-12,25.21,25.88,25.17,25.8,1221500,0.0234,0.0102,31514700.0,22757960.5
2015-08-13,25.96,26.31,25.87,26.24,838800,0.0108,0.0171,22010112.0,24468666.8
2015-08-14,26.25,26.35,26.03,26.3,878500,0.0019,0.0023,23104550.0,24991729.2
2015-08-17,26.2,26.62,26.06,26.56,1385100,0.0137,0.0099,36788256.0,26036544.8
2015-08-18,26.46,26.54,26.12,26.24,729900,-0.0083,-0.012,19152576.0,28246420.4
2015-08-19,26.14,26.14,25.64,25.74,707500,-0.0153,-0.0191,18211050.0,28319807.4
2015-08-20,25.41,25.49,24.93,25.38,2123200,-0.0012,-0.014,53886816.0,28195019.8
2015-08-21,25.19,25.24,24.36,24.38,2109200,-0.0322,-0.0394,51422296.0,31261116.6
2015-08-24,23.15,24.31,22.64,23.98,2422800,0.0359,-0.0164,58098744.0,34525190.2
2015-08-25,24.61,24.65,23.92,23.94,1428500,-0.0272,-0.0017,34198290.0,37328099.8
2015-08-26,24.44,24.45,23.73,24.26,2415900,-0.0074,0.0134,58609734.0,34838739.0
2015-08-27,24.63,25.01,24.39,24.85,1270600,0.0089,0.0243,31574410.0,37548242.4
2015-08-28,24.7,25.04,24.63,24.8,839500,0.004,-0.002,20819600.0,38504672.2
2015-08-31,24.75,24.91,24.51,24.62,704200,-0.0053,-0.0073,17337404.0,38276177.2
2015-09-01,24.22,24.44,23.85,23.99,974200,-0.0095,-0.0256,23371058.0,36331092.0
2015-09-02,24.21,24.34,23.73,24.34,853200,0.0054,0.0146,20766888.0,36752940.2
2015-09-03,24.44,24.96,24.4,24.73,988000,0.0119,0.016,24433240.0,37008524.0
2015-09-04,24.37,24.87,24.37,24.7,870200,0.0135,-0.0012,21493940.0,34063166.4
2015-09-08,25.14,25.44,24.9,25.42,876000,0.0111,0.0291,22267920.0,31070330.8
2015-09-09,25.7,25.81,24.92,25.01,1436800,-0.0268,-0.0161,35934368.0,27487248.4
2015-09-10,25.05,25.18,24.75,24.88,822300,-0.0068,-0.0052,20458824.0,27660856.2
2015-09-11,24.77,25.04,24.56,25.03,644800,0.0105,0.006,16139344.0,23845765.2
2015-09-14,25.03,25.09,24.94,25.05,592400,0.0008,0.0008,14839620.0,22302258.6
2015-09-15,25.13,25.35,25.06,25.34,500600,0.0084,0.0116,12685204.0,21704260.6
2015-09-16,25.42,25.74,25.34,25.66,389400,0.0094,0.0126,9992004.0,21239040.6
2015-09-17,25.68,25.98,25.6,25.74,846000,0.0023,0.0031,21776040.0,19901135.2
2015-09-18,25.41,25.84,25.3,25.53,1574400,0.0047,-0.0082,40194432.0,20002050.4
2015-09-21,25.67,25.94,25.46,25.59,970600,-0.0031,0.0024,24837654.0,21578169.6
2015-09-22,25.27,25.53,24.91,25.2,721600,-0.0028,-0.0152,18184320.0,21912541.0
2015-09-23,25.29,25.4,24.98,25.1,688600,-0.0075,-0.004,17283860.0,21504181.0
2015-09-24,24.93,24.93,24.48,24.69,1025400,-0.0096,-0.0163,25317126.0,19639130.2
2015-09-25,24.86,24.86,24.19,24.38,897800,-0.0193,-0.0126,21888364.0,20124960.4
2015-09-28,24.35,24.5,23.96,24.01,1224000,-0.014,-0.0152,29388240.0,20699862.4
2015-09-29,23.95,24.01,23.34,23.58,1265400,-0.0154,-0.0179,29838132.0,22154724.4
2015-09-30,23.84,24.11,23.62,24.04,888700,0.0084,0.0195,21364348.0,23870017.2
2015-10-01,24.03,24.3,23.79,24.09,868700,0.0025,0.0021,20926983.0,25007251.6
2015-10-02,23.73,24.6,23.46,24.6,682800,0.0367,0.0212,16796880.0,24922345.9
2015-10-05,24.75,25.31,24.64,25.25,1391900,0.0202,0.0264,35145475.0,22582590.7
2015-10-06,25.28,25.68,25.28,25.43,1170900,0.0059,0.0071,29775987.0,23613372.8
2015-10-07,25.56,25.93,25.26,25.66,924300,0.0039,0.009,23717538.0,24772539.5
2015-10-08,25.84,26.09,25.49,25.92,965800,0.0031,0.0101,25033536.0,25415907.3
2015-10-09,25.91,26.09,25.74,25.94,585200,0.0012,0.0008,15180088.0,25387548.3
2015-10-12,25.96,25.96,25.59,25.61,611000,-0.0135,-0.0127,15647710.0,24716720.7
2015-10-13,25.53,25.82,25.21,25.41,777900,-0.0047,-0.0078,19766439.0,23342667.7
2015-10-14,25.47,25.85,25.34,25.52,652600,0.002,0.0043,16654352.0,22335498.4
2015-10-15,25.63,25.9,25.36,25.88,469800,0.0098,0.0141,12158424.0,21864498.8
2015-10-16,25.88,26.05,25.74,25.89,384200,0.0004,0.0004,9946938.0,20987642.9
2015-10-19,25.82,25.99,25.63,25.99,287400,0.0066,0.0039,7469526.0,20302648.7
2015-10-20,25.98,26.35,25.73,25.85,477400,-0.005,-0.0054,12340790.0,17535053.8
2015-10-21,26.18,26.32,25.51,25.57,375200,-0.0233,-0.0108,9593864.0,15791534.1
2015-10-22,25.79,26.11,25.6,26.01,461200,0.0085,0.0172,11995812.0,14379166.7
2015-10-23,26.22,26.8,26.12,26.76,930100,0.0206,0.0288,24889476.0,13075394.3
2015-10-26,26.76,27.26,26.71,27.03,782500,0.0101,0.0101,21150975.0,14046333.1
2015-10-27,27.05,27.17,26.61,26.64,916900,-0.0152,-0.0144,24426216.0,14596659.6
2015-10-28,26.68,27.37,26.58,27.35,750700,0.0251,0.0267,20531645.0,15062637.3
2015-10-29,27.38,27.52,26.99,27.05,1101800,-0.0121,-0.011,29803690.0,15450366.6
2015-10-30,29.07,29.68,27.23,27.28,2692800,-0.0616,0.0085,73459584.0,17214893.2
2015-11-02,27.28,27.36,26.46,26.9,1645300,-0.0139,-0.0139,44258570.0,23566157.8
2015-11-03,26.75,26.81,26.16,26.5,1873000,-0.0093,-0.0149,49634500.0,27245062.2
2015-11-04,26.5,26.61,25.97,26.37,1398900,-0.0049,-0.0049,36888993.0,30974433.2
2015-11-05,26.48,26.62,26.0,26.18,992100,-0.0113,-0.0072,25973178.0,33703946.1
2015-11-06,26.18,26.5,26.14,26.47,763000,0.0111,0.0111,20196610.0,35101682.7
2015-11-09,26.47,26.66,26.1,26.56,1691900,0.0034,0.0034,44936864.0,34632396.1
2015-11-10,26.46,26.79,26.29,26.49,1034800,0.0011,-0.0026,27411852.0,37010985.0
2015-11-11,26.53,26.63,26.35,26.5,662200,-0.0011,0.0004,17548300.0,37309548.6
2015-11-12,26.3,26.5,25.89,26.25,1516500,-0.0019,-0.0094,39808125.0,37011214.1
2015-11-13,26.13,26.31,25.92,25.94,964200,-0.0073,-0.0118,25011348.0,38011657.6
2015-11-16,25.6,25.98,25.45,25.88,1574900,0.0109,-0.0023,40758412.0,33166834.0
2015-11-17,25.98,25.98,25.43,25.6,1545300,-0.0146,-0.0108,39559680.0,32816818.2
2015-11-18,25.56,25.84,25.45,25.79,2083900,0.009,0.0074,53743781.0,31809336.2
2015-11-19,25.83,25.99,25.69,25.76,1433100,-0.0027,-0.0012,36916656.0,33494815.0
2015-11-20,25.79,25.91,25.66,25.72,921300,-0.0027,-0.0016,23695836.0,34589162.8
2015-11-23,25.64,25.74,25.22,25.24,1119300,-0.0156,-0.0187,28251132.0,34939085.4
2015-11-24,25.0,25.43,24.87,25.37,946500,0.0148,0.0052,24012705.0,33270512.2
2015-11-25,25.31,25.63,25.31,25.56,458000,0.0099,0.0075,11706480.0,32930597.5
2015-11-27,25.46,25.69,25.27,25.61,430200,0.0059,0.002,11017422.0,32346415.5
2015-11-30,25.61,25.78,25.29,25.39,906400,-0.0086,-0.0086,23013496.0,29467345.2
2015-12-01,25.49,25.69,25.32,25.59,961700,0.0039,0.0079,24609903.0,29267560.0
2015-12-02,25.52,25.66,25.05,25.19,1007200,-0.0129,-0.0156,25371368.0,27652709.1
2015-12-03,25.3,25.37,24.71,24.96,1046400,-0.0134,-0.0091,26118144.0,26233877.9
2015-12-04,24.97,25.22,24.85,25.14,702700,0.0068,0.0072,17665878.0,23471314.2
2015-12-07,25.01,25.17,24.9,25.07,990200,0.0024,-0.0028,24824314.0,21546236.4
2015-12-08,24.93,25.06,24.58,24.81,691800,-0.0048,-0.0104,17163558.0,21659084.2
2015-12-09,24.72,24.94,24.4,24.53,665500,-0.0077,-0.0113,16324715.0,20550326.8
2015-12-10,24.57,24.84,24.44,24.61,609700,0.0016,0.0033,15004717.0,19781527.8
2015-12-11,24.39,24.86,24.21,24.7,1272800,0.0127,0.0037,31438160.0,20111351.5
2015-12-14,24.66,24.82,24.38,24.75,1608300,0.0036,0.002,39805425.0,22153425.3
2015-12-15,24.94,25.34,24.84,24.9,1016900,-0.0016,0.0061,25320810.0,23832618.2
2015-12-16,25.11,25.53,24.83,25.47,1026900,0.0143,0.0229,26155143.0,23903708.9
2015-12-17,25.45,25.5,24.93,24.97,656400,-0.0189,-0.0196,16390308.0,23982086.4
2015-12-18,24.87,25.15,24.51,24.68,3237400,-0.0076,-0.0116,79899032.0,23009302.8
2015-12-21,24.87,24.96,24.47,24.79,928400,-0.0032,0.0045,23015036.0,29232618.2
2015-12-22,24.9,25.18,24.82,25.02,761300,0.0048,0.0093,19047726.0,29051690.4
2015-12-23,25.13,25.21,24.77,25.01,1261700,-0.0048,-0.0004,31555117.0,29240107.2
2015-12-24,25.05,25.13,24.77,24.9,504200,-0.006,-0.0044,12554580.0,30763147.4
2015-12-28,24.83,24.95,24.61,24.9,639900,0.0028,0.0,15933510.0,30518133.7
2015-12-29,25.03,25.25,24.92,25.17,468300,0.0056,0.0108,11787111.0,28967668.7
2015-12-30,25.09,25.24,24.76,24.78,677400,-0.0124,-0.0155,16785972.0,26165837.3
2015-12-31,24.68,24.93,24.57,24.57,711200,-0.0045,-0.0085,17474184.0,25312353.5
2016-01-04,24.14,24.27,23.68,23.97,1355700,-0.007,-0.0244,32496129.0,24444257.6
2016-01-05,23.97,24.15,23.65,23.91,1290800,-0.0025,-0.0025,30863028.0,26054839.7
2016-01-06,23.55,23.85,23.46,23.77,1312700,0.0093,-0.0059,31202879.0,21151239.3
2016-01-07,23.36,23.67,23.1,23.11,1034300,-0.0107,-0.0278,23902673.0,21970023.6
2016-01-08,23.25,23.33,22.74,22.81,960300,-0.0189,-0.013,21904443.0,22455518.3
2016-01-11,22.89,22.9,22.27,22.78,1023200,-0.0048,-0.0013,23308496.0,21490450.9
2016-01-12,22.94,23.2,22.81,23.13,1084700,0.0083,0.0154,25089111.0,22565842.5
2016-01-13,23.16,23.17,21.8,22.08,1676900,-0.0466,-0.0454,37025952.0,23481402.6
2016-01-14,22.13,22.67,21.64,22.51,1367900,0.0172,0.0195,30791429.0,26005286.7
2016-01-15,21.99,22.52,21.94,22.5,1507200,0.0232,-0.0004,33912000.0,27405832.4
2016-01-19,22.68,22.82,22.27,22.38,1206600,-0.0132,-0.0053,27003708.0,29049614.0
2016-01-20,22.04,22.1,21.31,21.55,2009200,-0.0222,-0.0371,43298260.0,28500371.9
2016-01-21,21.65,21.7,21.25,21.43,1443500,-0.0102,-0.0056,30934205.0,29743895.1
2016-01-22,21.75,22.21,21.67,22.12,795100,0.017,0.0322,17587612.0,29717027.7
2016-01-25,22.05,22.2,21.75,21.81,798600,-0.0109,-0.014,17417466.0,29085521.6
2016-01-26,21.86,22.36,21.85,22.35,842400,0.0224,0.0248,18827640.0,28636823.9
2016-01-27,22.24,22.49,21.85,22.0,767100,-0.0108,-0.0157,16876200.0,28188738.3
2016-01-28,22.18,22.2,21.55,21.74,944800,-0.0198,-0.0118,20539952.0,27367447.2
2016-01-29,21.81,22.7,21.81,22.7,1221300,0.0408,0.0442,27723510.0,25718847.2
2016-02-01,22.57,22.62,22.2,22.46,1269100,-0.0049,-0.0106,28503986.0,25412055.3
2016-02-02,22.23,22.29,21.29,21.65,1561800,-0.0261,-0.0361,33812970.0,24871253.9
2016-02-03,21.75,21.85,20.99,21.58,1435500,-0.0078,-0.0032,30978090.0,25552180.1
2016-02-04,21.55,21.95,21.22,21.36,711600,-0.0088,-0.0102,15199776.0,24320163.1
2016-02-05,21.21,21.26,19.85,20.06,3490000,-0.0542,-0.0609,70009400.0,22746720.2
2016-02-08,19.55,19.93,18.91,19.39,3070200,-0.0082,-0.0334,59531178.0,27988899.0
2016-02-09,19.11,19.76,18.77,19.36,2100700,0.0131,-0.0015,40669552.0,32200270.2
2016-02-10,19.48,20.19,19.35,19.49,1228200,0.0005,0.0067,23937618.0,34384461.4
2016-02-11,19.15,19.67,18.78,19.45,1706600,0.0157,-0.0021,33193370.0,35090603.2
2016-02-12,19.63,19.74,19.33,19.41,1227200,-0.0112,-0.0021,23819952.0,36355945.0
2016-02-16,19.69,20.22,19.59,20.15,891200,0.0234,0.0381,17957680.0,35965589.2
2016-02-17,20.23,20.55,20.15,20.32,1752000,0.0044,0.0084,35600640.0,34910958.6
2016-02-18,20.29,20.41,19.48,19.58,2295300,-0.035,-0.0364,44941974.0,35089725.6
2016-02-19,19.53,20.14,19.41,20.04,1798000,0.0261,0.0235,36031920.0,36486114.0
2016-02-22,20.18,20.78,20.12,20.59,1254200,0.0203,0.0274,25823978.0,38569328.4
2016-02-23,20.56,20.73,20.32,20.34,1088900,-0.0107,-0.0121,22148226.0,34150786.2
2016-02-24,20.15,21.06,20.06,20.92,1565100,0.0382,0.0285,32741892.0,30412491.0
2016-02-25,21.0,21.28,20.49,20.7,1345600,-0.0143,-0.0105,27853920.0,29619725.0
2016-02-26,20.65,22.48,20.65,21.84,1927000,0.0576,0.0551,42085680.0,30011355.2
2016-02-29,21.8,22.13,21.68,21.99,1354700,0.0087,0.0069,29789853.0,30900586.2
2016-03-01,22.18,22.52,21.95,22.38,1266200,0.009,0.0177,28337556.0,31497576.3
2016-03-02,22.28,22.4,22.06,22.3,1056400,0.0009,-0.0036,23557720.0,32535563.9
2016-03-03,22.31,22.57,22.24,22.5,949900,0.0085,0.009,21372750.0,31331271.9
2016-03-04,22.57,22.57,22.19,22.35,1015700,-0.0097,-0.0067,22700895.0,28974349.5
2016-03-07,22.24,22.74,22.15,22.52,948200,0.0126,0.0076,21353464.0,27641247.0
2016-03-08,22.4,22.41,22.07,22.18,756000,-0.0098,-0.0151,16768080.0,27194195.6
2016-03-09,22.29,22.41,22.11,22.25,630900,-0.0018,0.0032,14037525.0,26656181.0
2016-03-10,22.35,22.45,21.74,22.1,943400,-0.0112,-0.0067,20849140.0,24785744.3
2016-03-11,22.29,22.59,22.22,22.51,778300,0.0099,0.0186,17519533.0,24085266.3
2016-03-14,22.45,22.55,22.2,22.35,822700,-0.0045,-0.0071,18387345.0,21628651.6
2016-03-15,22.25,22.38,21.95,22.12,561700,-0.0058,-0.0103,12424804.0,20488400.8
2016-03-16,22.03,22.52,22.03,22.34,543400,0.0141,0.0099,12139556.0,18897125.6
2016-03-17,22.26,22.7,22.15,22.6,816800,0.0153,0.0116,18459680.0,17755309.2
2016-03-18,22.54,23.01,22.53,22.65,1936400,0.0049,0.0022,43859460.0,17464002.2
2016-03-21,22.54,22.99,22.41,22.91,1940700,0.0164,0.0115,44461437.0,19579858.7
2016-03-22,22.91,23.1,22.71,22.73,1137700,-0.0079,-0.0079,25859921.0,21890656.0
2016-03-23,22.62,22.69,22.24,22.35,944300,-0.0119,-0.0167,21105105.0,22799840.1
2016-03-24,22.26,22.59,22.13,22.55,663600,0.013,0.0089,14964180.0,23506598.1
2016-03-28,22.66,22.66,22.39,22.57,774100,-0.004,0.0009,17471437.0,22918102.1
2016-03-29,22.41,22.85,22.25,22.77,1097000,0.0161,0.0089,24978690.0,22913292.5
2016-03-30,22.83,23.0,22.26,22.3,1781100,-0.0232,-0.0206,39718530.0,23572427.0
2016-03-31,22.22,22.55,21.96,22.31,1791800,0.0041,0.0004,39975058.0,26301799.6
2016-04-01,22.14,22.29,22.01,22.25,1259500,0.005,-0.0027,28023875.0,29085349.8
2016-04-04,22.25,22.31,21.79,21.84,1073400,-0.0184,-0.0184,23443056.0,30041769.3
2016-04-05,21.63,21.66,21.06,21.35,2237700,-0.0129,-0.0224,47774895.0,28000128.9
2016-04-06,21.4,21.7,21.34,21.53,815200,0.0061,0.0084,17551256.0,28331474.7
2016-04-07,21.44,21.61,21.0,21.08,1072200,-0.0168,-0.0209,22601976.0,27500608.2
2016-04-08,21.24,21.35,21.05,21.29,872300,0.0024,0.01,18571267.0,27650295.3
2016-04-11,21.33,21.33,21.14,21.23,1172100,-0.0047,-0.0028,24883683.0,28011004.0
2016-04-12,21.31,21.48,21.17,21.48,1518900,0.008,0.0118,32625972.0,28752228.6
2016-04-13,21.61,22.13,21.52,22.13,1249900,0.0241,0.0303,27660287.0,29516956.8
2016-04-14,22.14,22.28,22.14,22.16,802900,0.0009,0.0014,17792264.0,28311132.5
2016-04-15,22.16,22.27,22.09,22.16,1170900,0.0,0.0,25947144.0,26092853.1
2016-04-18,22.14,22.45,21.97,22.39,1889600,0.0113,0.0104,42308144.0,25885180.0
2016-04-19,22.51,22.62,21.99,22.0,2337900,-0.0227,-0.0174,51433800.0,27771688.8
2016-04-20,21.96,22.05,21.72,21.78,1586900,-0.0082,-0.01,34562682.0,28137579.3
2016-04-21,21.79,21.88,21.4,21.48,1569200,-0.0142,-0.0138,33706416.0,29838721.9
2016-04-22,21.43,21.81,21.39,21.77,1373000,0.0159,0.0135,29890210.0,30949165.9
2016-04-25,21.67,21.76,21.38,21.59,934300,-0.0037,-0.0083,20171537.0,32081060.2
2016-04-26,21.6,22.05,21.51,21.94,1050200,0.0157,0.0162,23041388.0,31609845.6
2016-04-27,21.93,22.05,21.59,21.75,886800,-0.0082,-0.0087,19287900.0,30651387.2
2016-04-28,21.58,22.06,21.52,21.73,1252700,0.007,-0.0009,27221171.0,29814148.5
2016-04-29,21.71,21.82,21.29,21.48,1169100,-0.0106,-0.0115,25112268.0,30757039.2
2016-05-02,21.97,22.33,21.62,21.9,1293500,-0.0032,0.0196,28327650.0,30673551.6
2016-05-03,21.77,21.88,21.44,21.69,1302500,-0.0037,-0.0096,28251225.0,29275502.2
2016-05-04,21.88,22.75,21.21,22.44,3784600,0.0256,0.0346,84926424.0,26957244.7
2016-05-05,22.52,23.24,22.45,23.23,2813000,0.0315,0.0352,65345990.0,31993618.9
2016-05-06,23.17,23.63,23.11,23.43,2257300,0.0112,0.0086,52888539.0,35157576.3
2016-05-09,23.41,23.6,22.94,23.02,1078300,-0.0167,-0.0175,24822466.0,37457409.2
2016-05-10,23.05,23.33,22.96,23.33,1531400,0.0121,0.0135,35727562.0,37922502.1
2016-05-11,23.3,23.48,23.1,23.28,1249800,-0.0009,-0.0021,29095344.0,39191119.5
2016-05-12,23.37,23.48,22.95,23.04,1064600,-0.0141,-0.0103,24528384.0,40171863.9
2016-05-13,22.93,23.12,22.62,22.73,869600,-0.0087,-0.0135,19766008.0,39902585.2
2016-05-16,22.72,23.07,22.67,22.94,989700,0.0097,0.0092,22703718.0,39367959.2
2016-05-17,22.95,23.12,22.53,22.58,1131500,-0.0161,-0.0157,25549270.0,38805566.0
2016-05-18,22.53,22.61,22.25,22.36,1084600,-0.0075,-0.0097,24251656.0,38535370.5
2016-05-19,22.2,22.52,22.15,22.25,1272300,0.0023,-0.0049,28308675.0,32467893.7
2016-05-20,22.34,23.02,22.33,22.99,1910600,0.0291,0.0333,43924694.0,28764162.2
2016-05-23,22.93,23.15,22.86,22.9,698200,-0.0013,-0.0039,15988780.0,27867777.7
2016-05-24,23.05,23.46,22.87,23.44,870100,0.0169,0.0236,20395144.0,26984409.1
2016-05-25,23.47,23.53,23.32,23.43,939900,-0.0017,-0.0004,22021857.0,25451167.3
2016-05-26,23.49,23.65,23.35,23.57,756900,0.0034,0.006,17840133.0,24743818.6
2016-05-27,23.56,24.21,23.46,24.16,1362900,0.0255,0.025,32927664.0,24074993.5
2016-05-31,24.17,24.3,23.98,24.15,1424900,-0.0008,-0.0004,34411335.0,25391159.1
2016-06-01,24.01,24.42,23.92,24.38,1382500,0.0154,0.0095,33705350.0,26561920.8
2016-06-02,24.27,24.63,24.25,24.61,1036500,0.014,0.0094,25508265.0,27377528.8
2016-06-03,24.5,24.59,24.25,24.41,980400,-0.0037,-0.0081,23931564.0,27503189.7
2016-06-06,24.46,24.66,24.33,24.52,826400,0.0025,0.0045,20263328.0,27065478.6
2016-06-07,24.58,24.84,24.42,24.73,885700,0.0061,0.0086,21903361.0,24699342.0
2016-06-08,24.7,24.76,24.5,24.65,1017400,-0.002,-0.0032,25078910.0,25290800.1
2016-06-09,24.51,24.57,24.23,24.39,548700,-0.0049,-0.0105,13382793.0,25759176.7
2016-06-10,24.1,24.21,23.61,23.68,700600,-0.0174,-0.0291,16590208.0,24895270.3
2016-06-13,23.54,23.77,23.29,23.29,1167000,-0.0106,-0.0165,27179430.0,24770277.8
2016-06-14,23.2,23.55,23.1,23.35,996200,0.0065,0.0026,23261270.0,24195454.4
2016-06-15,23.39,23.73,23.39,23.55,1595700,0.0068,0.0086,37578735.0,23080447.9
2016-06-16,23.37,23.55,23.02,23.49,745500,0.0051,-0.0025,17511795.0,23467786.4
2016-06-17,23.56,23.58,23.21,23.27,1187200,-0.0123,-0.0094,27626144.0,22668139.4
2016-06-20,23.6,23.9,23.6,23.85,778800,0.0106,0.0249,18574380.0,23037597.4
2016-06-21,23.83,23.83,23.35,23.5,927600,-0.0138,-0.0147,21798600.0,22868702.6
2016-06-22,23.56,23.88,23.49,23.73,1049100,0.0072,0.0098,24895143.0,22858226.5
2016-06-23,24.0,24.12,23.84,24.03,836200,0.0012,0.0126,20093886.0,22839849.8
2016-06-24,22.92,23.61,22.8,23.15,3028500,0.01,-0.0366,70109775.0,23510959.1
2016-06-27,22.79,22.79,22.2,22.25,1288500,-0.0237,-0.0389,28669125.0,28862915.8
2016-06-28,22.44,22.55,22.2,22.53,2051700,0.004,0.0126,46224801.0,29011885.3
2016-06-29,22.82,23.24,22.79,23.16,1843300,0.0149,0.028,42690828.0,31308238.4
2016-06-30,23.29,23.5,23.28,23.5,1173100,0.009,0.0147,27567850.0,31819447.7
2016-07-01,23.52,23.71,23.39,23.52,984200,0.0,0.0009,23148384.0,32825053.2
2016-07-05,23.37,23.53,23.22,23.39,826600,0.0009,-0.0055,19334174.0,32377277.2
2016-07-06,23.21,23.38,23.01,23.19,1378800,-0.0009,-0.0086,31974372.0,32453256.6
2016-07-07,23.21,23.52,23.21,23.41,684100,0.0086,0.0095,16014781.0,33470833.8
2016-07-08,23.66,23.85,23.49,23.66,1479700,0.0,0.0107,35009702.0,32582797.6
2016-07-11,23.79,23.96,23.61,23.89,918900,0.0042,0.0097,21952521.0,34074379.2
2016-07-12,24.09,24.46,24.04,24.24,903800,0.0062,0.0147,21908112.0,29258653.8
2016-07-13,24.32,24.4,24.13,24.2,692100,-0.0049,-0.0017,16748820.0,28582552.5
2016-07-14,24.38,24.57,24.22,24.38,501900,0.0,0.0074,12236322.0,25634954.4
2016-07-15,24.42,24.54,24.24,24.51,607000,0.0037,0.0053,14877570.0,22589503.8
2016-07-18,24.45,24.95,24.44,24.87,630900,0.0172,0.0147,15690483.0,21320475.8
2016-07-19,24.86,24.98,24.65,24.94,758400,0.0032,0.0028,18914496.0,20574685.7
2016-07-20,25.0,25.34,24.9,25.13,858800,0.0052,0.0076,21581644.0,20532717.9
2016-07-21,25.06,25.34,25.06,25.17,811100,0.0044,0.0016,20415387.0,19493445.1
2016-07-22,25.21,25.7,25.21,25.69,728400,0.019,0.0207,18712596.0,19933505.7
2016-07-25,25.65,25.94,25.61,25.9,1052400,0.0097,0.0082,27257160.0,18303795.1
2016-07-26,25.9,26.29,25.87,26.25,1466300,0.0135,0.0135,38490375.0,18834259.0
2016-07-27,26.31,26.36,25.91,26.01,901700,-0.0114,-0.0091,23453217.0,20492485.3
2016-07-28,25.9,26.07,25.73,25.74,1508500,-0.0062,-0.0104,38828790.0,21162925.0
2016-07-29,26.84,28.1,26.84,27.42,4355600,0.0216,0.0653,119430552.0,23822171.8
2016-08-01,27.37,27.39,26.74,26.79,1644600,-0.0212,-0.023,44058834.0,34277470.0
2016-08-02,26.71,26.87,26.33,26.37,1128600,-0.0127,-0.0157,29761182.0,37114305.1
2016-08-03,26.35,26.74,26.24,26.64,939400,0.011,0.0102,25025616.0,38198973.7
2016-08-04,26.64,26.74,26.48,26.59,942600,-0.0019,-0.0019,25063734.0,38543370.9
2016-08-05,26.65,26.75,26.51,26.53,1233000,-0.0045,-0.0023,32711490.0,39008205.6
2016-08-08,26.48,26.5,26.32,26.37,693400,-0.0042,-0.006,18284958.0,40408095.0
2016-08-09,26.45,26.45,26.25,26.32,625100,-0.0049,-0.0019,16452632.0,39510874.8
2016-08-10,26.42,26.42,26.13,26.38,628600,-0.0015,0.0023,16582468.0,37307100.5
2016-08-11,26.52,26.79,26.45,26.78,769700,0.0098,0.0152,20612566.0,36620025.6
2016-08-12,26.63,26.73,26.42,26.45,375600,-0.0068,-0.0123,9934620.0,34798403.2
2016-08-15,26.53,26.88,26.5,26.83,827800,0.0113,0.0144,22209874.0,23848810.0
2016-08-16,26.81,26.81,26.38,26.39,465800,-0.0157,-0.0164,12292462.0,21663914.0
2016-08-17,26.39,26.48,26.29,26.43,784300,0.0015,0.0015,20729049.0,19917042.0
2016-08-18,26.6,27.08,26.6,26.95,959900,0.0132,0.0197,25869305.0,19487385.3
2016-08-19,26.78,26.93,26.74,26.92,569400,0.0052,-0.0011,15328248.0,19567942.4
2016-08-22,26.83,26.83,26.64,26.77,444600,-0.0022,-0.0056,11901942.0,17829618.2
2016-08-23,26.9,27.0,26.86,26.97,643700,0.0026,0.0075,17360589.0,17191316.6
2016-08-24,26.97,26.98,26.68,26.72,464300,-0.0093,-0.0093,12406096.0,17282112.3
2016-08-25,26.6,26.79,26.42,26.43,560600,-0.0064,-0.0109,14816658.0,16864475.1
2016-08-26,26.44,26.64,26.1,26.21,858400,-0.0087,-0.0083,22498664.0,16284884.3
2016-08-29,26.29,26.62,26.24,26.5,847700,0.008,0.0111,22464050.0,17541288.7
2016-08-30,26.43,26.74,26.4,26.72,772400,0.011,0.0083,20638528.0,17566706.3
2016-08-31,26.74,26.78,26.58,26.72,768800,-0.0007,0.0,20542336.0,18401312.9
2016-09-01,26.71,26.89,26.44,26.77,678400,0.0022,0.0019,18160768.0,18382641.6
2016-09-02,26.98,27.11,26.85,27.07,881000,0.0033,0.0112,23848670.0,17611787.9
2016-09-06,27.15,27.15,26.81,26.86,672800,-0.0107,-0.0078,18071408.0,18463830.1
2016-09-07,26.88,27.24,26.72,27.02,868800,0.0052,0.006,23474976.0,19080776.7
2016-09-08,26.86,27.05,26.29,26.37,2010300,-0.0182,-0.0241,53011611.0,19692215.4
2016-09-09,26.11,26.36,25.76,25.76,1846500,-0.0134,-0.0231,47565840.0,23752766.9
2016-09-12,25.6,26.24,25.56,26.2,1235500,0.0234,0.0171,32370100.0,27027685.1
2016-09-13,25.97,26.19,25.6,25.68,1716600,-0.0112,-0.0198,44082288.0,28014828.7
2016-09-14,25.72,26.19,25.72,26.11,1482700,0.0152,0.0167,38713297.0,30176652.5
2016-09-15,26.09,26.35,25.7,26.25,1292000,0.0061,0.0054,33915000.0,31984129.4
2016-09-16,26.1,26.13,25.7,25.96,3318900,-0.0054,-0.011,86158644.0,33321395.8
2016-09-19,26.06,26.22,25.93,26.16,1365000,0.0038,0.0077,35708400.0,40121183.4
2016-09-20,26.34,26.69,26.12,26.63,1276600,0.011,0.018,33995858.0,41307156.4
2016-09-21,26.69,27.06,26.62,27.02,872100,0.0124,0.0146,23564142.0,42899601.4
2016-09-22,27.22,27.48,27.11,27.41,903200,0.007,0.0144,24756712.0,42908518.0
2016-09-23,27.28,27.58,27.28,27.45,996500,0.0062,0.0015,27353925.0,40083028.1
2016-09-26,27.34,27.52,27.18,27.44,1019300,0.0037,-0.0004,27969592.0,38061836.6
2016-09-27,27.43,27.59,27.3,27.48,872900,0.0018,0.0015,23987292.0,37621785.8
2016-09-28,27.51,27.73,27.34,27.5,1391100,-0.0004,0.0007,38255250.0,35612286.2
2016-09-29,27.48,27.74,27.38,27.5,1495900,0.0007,0.0,41137250.0,35566481.5
2016-09-30,27.65,27.75,27.39,27.48,1217900,-0.0061,-0.0007,33467892.0,36288706.5
2016-10-03,27.47,27.82,27.32,27.71,1444400,0.0087,0.0084,40024324.0,31019631.3
2016-10-04,27.73,28.02,27.66,27.91,1289400,0.0065,0.0072,35987154.0,31451223.7
2016-10-05,27.97,28.2,27.9,28.16,1444000,0.0068,0.009,40663040.0,31650353.3
2016-10-06,27.95,28.02,27.69,27.85,803100,-0.0036,-0.011,22366335.0,33360243.1
2016-10-07,27.92,27.92,27.51,27.59,632900,-0.0118,-0.0093,17461711.0,33121205.4
2016-10-10,27.78,27.92,27.56,27.75,450200,-0.0011,0.0058,12493050.0,32131984.0
2016-10-11,27.74,27.76,27.19,27.41,558500,-0.0119,-0.0123,15308485.0,30584329.8
2016-10-12,27.37,27.55,27.31,27.44,615000,0.0026,0.0011,16875600.0,29716449.1
2016-10-13,27.17,27.33,26.95,27.22,561400,0.0018,-0.008,15281308.0,27578484.1
2016-10-14,27.36,27.49,27.11,27.21,666300,-0.0055,-0.0004,18130023.0,24992889.9
2016-10-17,27.2,27.22,26.91,26.92,721700,-0.0103,-0.0107,19428164.0,23459103.0
2016-10-18,26.98,27.38,26.94,27.21,839100,0.0085,0.0108,22831911.0,21399487.0
2016-10-19,27.32,27.78,27.2,27.68,740000,0.0132,0.0173,20483200.0,20083962.7
2016-10-20,27.67,27.7,27.2,27.38,530400,-0.0105,-0.0108,14522352.0,18065978.7
2016-10-21,27.18,27.9,27.13,27.6,837400,0.0155,0.008,23112240.0,17281580.4
2016-10-24,27.98,27.98,27.29,27.38,1002200,-0.0214,-0.008,27440236.0,17846633.3
2016-10-25,27.39,27.97,27.34,27.79,1187400,0.0146,0.015,32997846.0,19341351.9
2016-10-26,27.54,27.88,27.54,27.67,918800,0.0047,-0.0043,25423196.0,21110288.0
2016-10-27,27.86,27.92,26.77,27.06,1502400,-0.0287,-0.022,40654944.0,21965047.6
2016-10-28,27.05,27.64,27.01,27.42,1264800,0.0137,0.0133,34680816.0,24502411.2
2016-10-31,27.54,27.71,27.37,27.67,1125900,0.0047,0.0091,31153653.0,26157490.5
2016-11-01,27.75,27.85,26.81,27.01,900100,-0.0267,-0.0239,24311701.0,27330039.4
2016-11-02,27.0,27.0,26.56,26.73,1047500,-0.01,-0.0104,27999675.0,27478018.4
2016-11-03,26.91,27.15,26.77,26.9,652300,-0.0004,0.0064,17546870.0,28229665.9
2016-11-04,26.93,27.2,26.79,26.81,910300,-0.0045,-0.0033,24405143.0,28532117.7
2016-11-07,27.37,27.76,27.07,27.69,1565400,0.0117,0.0328,43345926.0,28661408.0
2016-11-08,28.66,29.0,27.21,27.91,2859700,-0.0262,0.0079,79814227.0,30251977.0
2016-11-09,27.54,28.16,27.34,27.96,1822600,0.0153,0.0018,50959896.0,34933615.1
2016-11-10,28.24,28.8,27.91,28.78,1785200,0.0191,0.0293,51378056.0,37487285.1
2016-11-11,28.87,28.99,28.41,28.56,1558400,-0.0107,-0.0076,44507904.0,38559596.3
2016-11-14,28.73,29.04,28.45,28.47,1529200,-0.009,-0.0032,43536324.0,39542305.1
2016-11-15,28.49,28.54,27.67,27.9,1724800,-0.0207,-0.02,48121920.0,40780572.2
2016-11-16,27.89,28.24,27.77,27.85,1709700,-0.0014,-0.0018,47615145.0,43161594.1
2016-11-17,27.98,28.63,27.93,28.56,1369900,0.0207,0.0255,39124344.0,45123141.1
2016-11-18,28.48,28.55,28.0,28.05,936100,-0.0151,-0.0179,26257605.0,47280888.5
2016-11-21,28.1,28.25,27.97,28.13,626300,0.0011,0.0029,17617819.0,47466134.7
2016-11-22,28.2,28.2,27.45,27.85,1126400,-0.0124,-0.01,31370240.0,44893324.0
2016-11-23,27.79,27.96,27.64,27.7,623700,-0.0032,-0.0054,17276490.0,40048925.3
2016-11-25,27.72,27.82,27.57,27.74,199000,0.0007,0.0014,5520260.0,36680584.7
2016-11-28,27.71,28.0,27.71,27.77,703600,0.0022,0.0011,19538972.0,32094805.1
2016-11-29,27.93,28.16,27.87,28.12,913400,0.0068,0.0126,25684808.0,29597911.9
2016-11-30,28.21,28.47,27.68,27.68,549200,-0.0188,-0.0156,15201856.0,27812760.3
2016-12-01,27.65,27.74,27.3,27.51,739300,-0.0051,-0.0061,20338143.0,24520753.9
2016-12-02,27.52,27.63,27.04,27.07,799000,-0.0164,-0.016,21628930.0,21793053.7
2016-12-05,27.26,27.53,27.18,27.33,766700,0.0026,0.0096,20953911.0,20043512.3
2016-12-06,27.28,27.63,27.28,27.54,803400,0.0095,0.0077,22125636.0,19513142.9
2016-12-07,27.59,28.13,27.23,28.04,572100,0.0163,0.0182,16041684.0,19963924.6
2016-12-08,28.15,28.42,28.05,28.27,682600,0.0043,0.0082,19297102.0,18431069.0
2016-12-09,28.38,28.4,27.88,27.9,726700,-0.0169,-0.0131,20274930.0,18633130.2
2016-12-12,27.76,27.83,26.86,26.89,808800,-0.0313,-0.0362,21748632.0,20108597.2
2016-12-13,26.97,27.27,26.93,27.16,611200,0.007,0.01,16600192.0,20329563.2
2016-12-14,27.17,27.36,26.99,27.27,1022300,0.0037,0.0041,27878121.0,19421101.6
2016-12-15,27.25,27.4,26.81,26.84,793000,-0.015,-0.0158,21284120.0,20688728.1
2016-12-16,26.78,27.19,26.72,26.72,1082100,-0.0022,-0.0045,28913712.0,20783325.8
2016-12-19,26.68,26.89,26.41,26.64,1284100,-0.0015,-0.003,34208424.0,21511804.0
2016-12-20,26.66,27.3,26.66,27.29,802400,0.0236,0.0244,21897496.0,22837255.3
2016-12-21,27.29,27.29,27.03,27.2,502900,-0.0033,-0.0033,13678880.0,22814441.3
2016-12-22,27.09,27.24,26.83,27.1,511200,0.0004,-0.0037,13853520.0,22578160.9
2016-12-23,27.01,27.3,26.88,27.24,550900,0.0085,0.0052,15006516.0,22033802.7
2016-12-27,27.21,27.52,27.17,27.2,273700,-0.0004,-0.0015,7444640.0,21506961.3
2016-12-28,27.26,27.34,26.86,26.87,326900,-0.0143,-0.0121,8783803.0,20076562.1
2016-12-29,26.8,26.99,26.75,26.81,351700,0.0004,-0.0022,9429077.0,19294923.2
2016-12-30,26.8,26.8,26.44,26.6,573700,-0.0075,-0.0078,15260420.0,17450018.8
2017-01-03,26.9,27.58,26.86,27.4,1186700,0.0186,0.0301,32515580.0,16847648.8
2017-01-04,27.46,27.7,27.29,27.63,894700,0.0062,0.0084,24720561.0,17207835.6
2017-01-05,27.57,27.85,27.35,27.5,764700,-0.0025,-0.0047,21029250.0,16259049.3
2017-01-06,27.55,27.74,27.38,27.68,475500,0.0047,0.0065,13161840.0,16172224.7
2017-01-09,27.53,27.54,27.15,27.29,422500,-0.0087,-0.0141,11530025.0,16120520.7
2017-01-10,27.4,27.83,27.31,27.65,555400,0.0091,0.0132,15356810.0,15888171.2
2017-01-11,27.56,27.59,27.26,27.47,565700,-0.0033,-0.0065,15539779.0,15923200.6
2017-01-12,27.33,27.46,27.0,27.44,466900,0.004,-0.0011,12811736.0,16732714.5
2017-01-13,27.57,27.75,27.45,27.72,410900,0.0054,0.0102,11390148.0,17135507.8
2017-01-17,27.55,27.84,27.42,27.66,731000,0.004,-0.0022,20219460.0,17331614.9
2017-01-18,27.58,27.69,27.17,27.51,1005000,-0.0025,-0.0054,27647550.0,17827518.9
2017-01-19,27.54,27.58,27.22,27.34,1036800,-0.0073,-0.0062,28346112.0,17340715.9
2017-01-20,27.35,27.53,27.22,27.43,614000,0.0029,0.0033,16842020.0,17703271.0
2017-01-23,27.43,27.77,27.33,27.53,349500,0.0036,0.0036,9621735.0,17284548.0
2017-01-24,27.6,28.0,27.43,27.88,533200,0.0101,0.0127,14865616.0,16930537.5
2017-01-25,27.99,28.28,27.84,28.07,573600,0.0029,0.0068,16100952.0,17264096.6
2017-01-26,28.12,28.33,27.91,27.91,677100,-0.0075,-0.0057,18897861.0,17338510.8
2017-01-27,28.01,28.12,27.72,28.1,867500,0.0032,0.0068,24376750.0,17674319.0
2017-01-30,27.95,28.25,27.83,28.22,764600,0.0097,0.0043,21577012.0,18830820.4
2017-01-31,28.2,28.64,28.08,28.62,1299800,0.0149,0.0142,37200276.0,19849506.8
2017-02-01,28.75,28.95,28.1,28.47,997100,-0.0097,-0.0052,28387437.0,21547588.4
2017-02-02,28.46,28.71,28.33,28.62,903100,0.0056,0.0053,25846722.0,21621577.1
2017-02-03,28.73,28.77,28.49,28.71,603800,-0.0007,0.0031,17335098.0,21371638.1
2017-02-06,28.56,28.8,28.42,28.67,691900,0.0039,-0.0014,19836773.0,21420945.9
2017-02-07,28.73,28.8,28.62,28.67,506200,-0.0021,0.0,14512754.0,22442449.7
2017-02-08,28.8,28.8,28.41,28.57,590800,-0.008,-0.0035,16879156.0,22407163.5
2017-02-09,28.57,28.99,28.57,28.87,989700,0.0105,0.0105,28572639.0,22484983.9
2017-02-10,28.96,29.0,28.73,28.88,1382500,-0.0028,0.0003,39926600.0,23452461.7
2017-02-13,28.99,29.22,28.92,29.01,723000,0.0007,0.0045,20974230.0,25007446.7
2017-02-14,28.88,29.15,28.78,29.03,931000,0.0052,0.0007,27026930.0,24947168.5
2017-02-15,29.05,29.2,28.91,29.17,527200,0.0041,0.0048,15378424.0,23929833.9
2017-02-16,29.17,29.43,28.92,29.29,721500,0.0041,0.0041,21132735.0,22628932.6
2017-02-17,29.24,29.71,29.17,29.69,1055600,0.0154,0.0137,31340764.0,22157533.9
2017-02-21,29.71,30.55,29.71,30.47,1050500,0.0256,0.0263,32008735.0,23558100.5
2017-02-22,30.24,30.75,30.1,30.72,1081100,0.0159,0.0082,33211392.0,24775296.7
2017-02-23,30.75,30.79,29.73,29.76,1828100,-0.0322,-0.0312,54404256.0,26645160.5
2017-02-24,30.07,30.68,28.45,28.84,2518700,-0.0409,-0.0309,72639308.0,30397670.5
2017-02-27,28.75,28.96,28.39,28.93,2212700,0.0063,0.0031,64013411.0,34804337.4
2017-02-28,28.89,28.97,28.38,28.41,1833800,-0.0166,-0.018,52098258.0,37213018.5
2017-03-01,28.9,29.0,28.57,28.83,1558400,-0.0024,0.0148,44928672.0,40325421.3
2017-03-02,28.87,28.87,28.03,28.34,1208500,-0.0184,-0.017,34248890.0,42115595.5
2017-03-03,28.22,28.47,28.0,28.41,817700,0.0067,0.0025,23230857.0,44002642.1
2017-03-06,28.71,28.82,28.4,28.57,1355900,-0.0049,0.0056,38738063.0,44212454.3
2017-03-07,28.62,28.67,28.22,28.35,911600,-0.0094,-0.0077,25843860.0,44952184.2
2017-03-08,28.46,28.59,28.29,28.33,755500,-0.0046,-0.0007,21403315.0,44335696.7
2017-03-09,28.31,28.57,28.26,28.39,1027200,0.0028,0.0021,29162208.0,43154889.0
2017-03-10,28.65,28.65,28.12,28.27,1463100,-0.0133,-0.0042,41361837.0,40630684.2
2017-03-13,28.26,28.67,28.26,28.67,858300,0.0145,0.0141,24607461.0,37502937.1
2017-03-14,28.61,28.74,28.42,28.6,806600,-0.0003,-0.0024,23068760.0,33562342.1
2017-03-15,28.75,29.09,28.68,28.86,976000,0.0038,0.0091,28167360.0,30659392.3
2017-03-16,28.98,29.11,28.67,29.03,709900,0.0017,0.0059,20608397.0,28983261.1
2017-03-17,29.04,29.4,28.87,29.25,1354600,0.0072,0.0076,39622050.0,27619211.8
2017-03-20,29.24,29.33,28.97,29.06,831000,-0.0062,-0.0065,24148860.0,29258331.1
2017-03-21,29.12,29.19,28.85,28.95,1745700,-0.0058,-0.0038,50538015.0,27799410.8
2017-03-22,28.95,29.03,28.59,28.75,710300,-0.0069,-0.0069,20421125.0,30268826.3
2017-03-23,28.95,29.31,28.82,29.3,1086200,0.0121,0.0191,31825660.0,30170607.3
2017-03-24,29.35,29.68,29.32,29.56,1238500,0.0072,0.0089,36610060.0,30436952.5
2017-03-27,29.3,29.67,29.25,29.65,1106300,0.0119,0.003,32801795.0,29961774.8
2017-03-28,29.58,30.07,29.58,30.0,1010300,0.0142,0.0118,30309000.0,30781208.2
2017-03-29,29.94,30.3,29.94,30.07,1342500,0.0043,0.0023,40368975.0,31505232.2
2017-03-30,29.99,30.08,29.82,30.08,1322700,0.003,0.0003,39786816.0,32725393.7
2017-03-31,30.08,30.41,30.0,30.37,1055700,0.0096,0.0096,32061609.0,34643235.6
2017-04-03,30.6,30.93,30.48,30.67,1737400,0.0023,0.0099,53286058.0,33887191.5
2017-04-04,30.63,30.97,30.6,30.97,1269800,0.0111,0.0098,39325706.0,36800911.3
2017-04-05,30.94,31.44,30.94,31.34,2117700,0.0129,0.0119,66368718.0,35679680.4
2017-04-06,31.34,31.37,31.06,31.26,1336300,-0.0026,-0.0026,41772738.0,40274439.7
2017-04-07,31.23,31.4,31.17,31.22,911100,-0.0003,-0.0013,28444542.0,41269147.5
2017-04-10,31.26,31.36,31.07,31.25,1043100,-0.0003,0.001,32596875.0,40452595.7
2017-04-11,31.25,31.32,31.05,31.22,896700,-0.001,-0.001,27994974.0,40432103.7
2017-04-12,31.12,31.25,30.87,30.92,874700,-0.0064,-0.0096,27045724.0,40200701.1
2017-04-13,30.97,31.0,30.63,30.67,794200,-0.0097,-0.0081,24358114.0,38868376.0
2017-04-17,30.67,30.93,30.5,30.89,699000,0.0072,0.0072,21592110.0,37325505.8
2017-04-18,30.74,30.88,30.57,30.84,628200,0.0033,-0.0016,19373688.0,36278555.9
2017-04-19,30.98,31.3,30.92,31.28,878500,0.0097,0.0143,27479480.0,32887318.9
2017-04-20,31.38,31.62,31.26,31.5,917000,0.0038,0.007,28885500.0,31702696.3
2017-04-21,31.47,31.58,31.12,31.25,584300,-0.007,-0.0079,18259375.0,27954374.5
2017-04-24,31.69,31.81,31.3,31.38,767900,-0.0098,0.0042,24096702.0,25603038.2
2017-04-25,31.57,31.99,31.5,31.85,917900,0.0089,0.015,29235115.0,25168254.2
2017-04-26,31.97,32.24,31.89,32.06,787000,0.0028,0.0066,25231220.0,24832078.2
2017-04-27,32.17,32.37,32.01,32.22,696700,0.0016,0.005,22447674.0,24555702.8
2017-04-28,32.19,32.19,31.95,32.16,712600,-0.0009,-0.0019,22917216.0,24095897.8
2017-05-01,32.26,32.37,32.08,32.3,844300,0.0012,0.0044,27270890.0,23951808.0
2017-05-02,32.25,32.77,32.24,32.59,1366700,0.0105,0.009,44540753.0,24519686.0
2017-05-03,32.49,32.54,31.87,32.13,880900,-0.0111,-0.0141,28303317.0,27036392.5
2017-05-04,32.25,32.25,31.7,31.92,1556300,-0.0102,-0.0065,49677096.0,27118776.2
2017-05-05,32.8,35.13,32.8,34.55,4436100,0.0534,0.0824,153267255.0,29197935.8
2017-05-08,34.55,34.55,33.73,34.0,2190700,-0.0159,-0.0159,74483800.0,42698723.8
2017-05-09,34.1,34.24,33.86,33.98,1259500,-0.0035,-0.0006,42797810.0,47737433.6
2017-05-10,33.85,34.04,33.67,34.02,886500,0.005,0.0012,30158730.0,49093703.1
2017-05-11,33.95,34.26,33.84,34.0,1476300,0.0015,-0.0006,50194200.0,49586454.1
2017-05-12,33.96,34.03,33.69,33.69,988700,-0.008,-0.0091,33309303.0,52361106.7
2017-05-15,33.83,34.33,33.83,34.15,1315800,0.0095,0.0137,44934570.0,53400315.4
2017-05-16,34.21,34.41,33.88,34.41,1047300,0.0058,0.0076,36037593.0,55166683.4
2017-05-17,34.41,34.41,33.74,33.79,899100,-0.018,-0.018,30380589.0,54316367.4
2017-05-18,33.99,34.28,33.75,33.98,1221700,-0.0003,0.0056,41513366.0,54524094.6
2017-05-19,34.06,34.26,33.81,33.86,1340800,-0.0059,-0.0035,45399488.0,53707721.6
2017-05-22,33.86,34.03,33.83,33.92,1369000,0.0018,0.0018,46436480.0,42920944.9
2017-05-23,33.73,33.76,33.13,33.61,1465100,-0.0036,-0.0091,49242011.0,40116212.9
2017-05-24,33.5,33.64,33.45,33.6,784300,0.003,-0.0003,26352480.0,40760633.0
2017-05-25,34.05,34.31,33.72,34.2,1247500,0.0044,0.0179,42664500.0,40380008.0
2017-05-26,34.29,34.77,34.21,34.25,820300,-0.0012,0.0015,28095275.0,39627038.0
2017-05-30,34.31,34.35,33.96,34.19,912200,-0.0035,-0.0018,31188118.0,39105635.2
2017-05-31,34.19,34.5,34.0,34.49,1138500,0.0088,0.0088,39266865.0,37730990.0
2017-06-01,34.5,34.77,34.38,34.77,1226300,0.0078,0.0081,42638451.0,38053917.2
2017-06-02,34.94,35.42,34.84,35.39,1135100,0.0129,0.0178,40171189.0,39279703.4
2017-06-05,35.24,35.32,34.89,35.02,1441500,-0.0062,-0.0105,50481330.0,39145485.7
2017-06-06,34.74,35.17,34.64,35.17,1104200,0.0124,0.0043,38834714.0,39653669.9
2017-06-07,35.24,35.53,35.03,35.5,965300,0.0074,0.0094,34268150.0,38893493.3
2017-06-08,35.5,35.83,35.19,35.79,1131500,0.0082,0.0082,40496385.0,37396107.2
2017-06-09,35.81,36.26,35.71,35.93,2093000,0.0034,0.0039,75201490.0,38810497.7
2017-06-12,35.93,35.96,35.38,35.45,1164200,-0.0134,-0.0134,41270890.0,42064196.7
2017-06-13,35.46,36.12,35.42,35.86,990300,0.0113,0.0116,35512158.0,43381758.2
2017-06-14,36.03,36.26,35.89,36.12,1170500,0.0025,0.0073,42278460.0,43814162.2
2017-06-15,35.86,36.26,35.72,36.14,1289900,0.0078,0.0006,46616986.0,44115321.7
2017-06-16,36.03,36.44,35.89,36.42,1351300,0.0108,0.0077,49214346.0,44513175.2
2017-06-19,36.0,36.13,35.56,35.67,1464100,-0.0092,-0.0206,52224447.0,45417490.9
2017-06-20,35.41,35.47,34.76,34.8,1342300,-0.0172,-0.0244,46712040.0,45591802.6
2017-06-21,34.93,34.93,34.49,34.65,1480600,-0.008,-0.0043,51302790.0,46379535.2
2017-06-22,34.69,34.72,34.29,34.39,796300,-0.0086,-0.0075,27384757.0,48082999.2
2017-06-23,34.47,34.9,34.33,34.84,2606600,0.0107,0.0131,90813944.0,46771836.4
2017-06-26,34.86,35.11,34.56,34.86,1091600,0.0,0.0006,38053176.0,48333081.8
2017-06-27,35.15,35.25,34.55,34.66,1260000,-0.0139,-0.0057,43671600.0,48011310.4
2017-06-28,34.8,34.9,34.43,34.8,1119100,0.0,0.004,38944680.0,48827254.6
2017-06-29,34.87,34.87,34.27,34.63,878400,-0.0069,-0.0049,30418992.0,48493876.6
2017-06-30,34.67,35.0,34.62,34.85,1333600,0.0052,0.0064,46475960.0,46874077.2
2017-07-03,35.05,35.1,34.33,34.52,419300,-0.0151,-0.0095,14474236.0,46600238.6
2017-07-05,34.5,34.71,34.27,34.46,946000,-0.0012,-0.0017,32599160.0,42825217.5
2017-07-06,34.25,34.31,33.84,34.01,945000,-0.007,-0.0131,32139450.0,41413929.5
2017-07-07,34.1,34.31,33.84,34.23,844500,0.0038,0.0065,28907235.0,39497595.5
2017-07-10,34.2,34.73,34.18,34.66,875300,0.0135,0.0126,30337898.0,39649843.3
2017-07-11,34.69,34.75,34.48,34.65,624100,-0.0012,-0.0003,21625065.0,33602238.7
2017-07-12,34.85,35.22,34.85,35.11,720400,0.0075,0.0133,25293244.0,31959427.6
2017-07-13,35.19,35.51,35.12,35.5,1021200,0.0088,0.0111,36252600.0,30121592.0
2017-07-14,35.61,35.68,35.37,35.48,705800,-0.0037,-0.0006,25041784.0,29852384.0
2017-07-17,35.61,35.69,35.34,35.58,719600,-0.0008,0.0028,25603368.0,29314663.2
2017-07-18,35.47,35.72,35.25,35.7,927300,0.0065,0.0034,33104610.0,27227404.0
2017-07-19,35.83,36.5,35.73,36.39,1271800,0.0156,0.0193,46280802.0,29090441.4
2017-07-20,36.5,36.75,36.35,36.38,1125800,-0.0033,-0.0003,40956604.0,30458605.6
2017-07-21,36.42,36.72,36.09,36.66,1494100,0.0066,0.0077,54773706.0,31340321.0
2017-07-24,36.81,37.28,36.7,36.86,1551500,0.0014,0.0055,57188290.0,33926968.1
2017-07-25,36.96,37.0,36.6,36.63,1995900,-0.0089,-0.0062,73109817.0,36612007.3
2017-07-26,36.74,36.92,36.64,36.7,1209000,-0.0011,0.0019,44370300.0,41760482.5
2017-07-27,37.35,37.73,36.81,37.06,2127000,-0.0078,0.0098,78826620.0,43668188.1
2017-07-28,36.95,37.59,36.95,37.48,1772700,0.0143,0.0113,66440796.0,47925590.1
2017-07-31,37.64,37.82,37.07,37.27,1294800,-0.0098,-0.0056,48257196.0,52065491.3
2017-08-01,37.49,37.58,37.26,37.54,958000,0.0013,0.0072,35963320.0,54330874.1
2017-08-02,37.46,37.54,36.78,37.16,968300,-0.008,-0.0101,35982028.0,54616745.1
2017-08-03,37.19,37.49,37.06,37.32,635900,0.0035,0.0043,23731788.0,53586867.7
2017-08-04,37.4,37.46,37.19,37.36,937300,-0.0011,0.0011,35017528.0,51864386.1
2017-08-07,37.48,37.91,37.28,37.89,1260400,0.0109,0.0142,47756556.0,49888768.3
2017-08-08,37.88,38.02,37.45,37.86,2912300,-0.0005,-0.0008,110259678.0,48945594.9
2017-08-09,37.57,38.0,37.33,37.5,2814100,-0.0019,-0.0095,105528750.0,52660581.0
2017-08-10,40.9,42.2,36.11,39.61,13510700,-0.0315,0.0563,535158827.0,58776426.0
2017-08-11,39.3,39.58,38.32,38.34,5064100,-0.0244,-0.0321,194157594.0,104409646.7
2017-08-14,38.69,39.83,38.51,39.37,2403300,0.0176,0.0269,94617921.0,117181326.5
2017-08-15,39.3,39.89,39.2,39.79,1226900,0.0125,0.0107,48818351.0,121817399.0
2017-08-16,39.8,40.07,39.7,39.75,958300,-0.0013,-0.001,38092425.0,123102902.1
2017-08-17,39.7,39.81,38.98,39.04,1344400,-0.0166,-0.0179,52485376.0,123313941.8
2017-08-18,38.77,39.1,38.05,38.38,3157300,-0.0101,-0.0169,121177174.0,126189300.6
2017-08-21,38.44,39.05,38.42,38.98,1563300,0.014,0.0156,60937434.0,134805265.2
2017-08-22,39.1,39.46,39.01,39.35,1102200,0.0064,0.0095,43371570.0,136123353.0
2017-08-23,39.18,39.53,39.09,39.23,946100,0.0013,-0.003,37115503.0,129434542.2
2017-08-24,39.41,39.67,39.18,39.27,883000,-0.0036,0.001,34675410.0,122593217.5
2017-08-25,39.4,39.63,39.2,39.28,1199600,-0.003,0.0003,47120288.0,72544875.8
2017-08-28,39.28,39.38,38.93,38.94,3863300,-0.0087,-0.0087,150436902.0,57841145.2
2017-08-29,38.79,39.1,38.63,38.9,1029000,0.0028,-0.001,40028100.0,63423043.3
2017-08-30,38.94,39.57,38.91,39.48,1945400,0.0139,0.0149,76804392.0,62544018.2
2017-08-31,39.71,40.18,39.55,39.96,1803500,0.0063,0.0122,72067860.0,66415214.9
2017-09-01,40.04,40.33,40.0,40.1,974300,0.0015,0.0035,39069430.0,68373463.3
2017-09-05,39.99,40.31,39.94,40.24,1423700,0.0063,0.0035,57289688.0,60162688.9
2017-09-06,40.33,40.52,40.19,40.22,1186300,-0.0027,-0.0005,47712986.0,59797914.3
2017-09-07,40.15,40.42,40.1,40.18,1788000,0.0007,-0.001,71841840.0,60232055.9
2017-09-08,40.14,40.77,40.09,40.61,1421700,0.0117,0.0107,57735237.0,63704689.6
2017-09-11,40.78,41.37,40.78,41.16,1729900,0.0093,0.0135,71202684.0,66010672.3
2017-09-12,41.17,41.58,41.06,41.52,1546800,0.0085,0.0087,64223136.0,68418911.9
2017-09-13,41.57,41.68,41.42,41.45,945400,-0.0029,-0.0017,39186830.0,59797535.3
2017-09-14,41.39,41.62,41.15,41.48,1003700,0.0022,0.0007,41633476.0,59713408.3
2017-09-15,41.52,42.16,41.43,42.09,2067400,0.0137,0.0147,87016866.0,56196316.7
2017-09-18,42.09,42.56,41.93,42.17,1279300,0.0019,0.0019,53948081.0,57691217.3
2017-09-19,42.28,43.27,42.24,43.19,1243400,0.0215,0.0242,53702446.0,59179082.4
2017-09-20,43.35,43.54,42.87,43.12,1487100,-0.0053,-0.0016,64123752.0,58820358.2
2017-09-21,43.09,43.8,42.83,43.58,1458900,0.0114,0.0107,63578862.0,60461434.8
2017-09-22,43.42,43.86,43.36,43.5,1171600,0.0018,-0.0018,50964600.0,59635137.0
2017-09-25,43.28,43.45,42.67,42.84,3218100,-0.0102,-0.0152,137863404.0,58958073.3
2017-09-26,42.91,43.27,42.37,42.59,3268900,-0.0075,-0.0058,139222451.0,65624145.3
2017-09-27,42.62,43.19,42.59,43.01,1552200,0.0092,0.0099,66760122.0,73124076.8
2017-09-28,42.95,43.48,42.88,43.16,900500,0.0049,0.0035,38865580.0,75881406.0
2017-09-29,43.21,43.64,43.09,43.55,1363500,0.0079,0.009,59380425.0,75604616.4
2017-10-02,43.0,43.22,42.58,42.81,2668100,-0.0044,-0.017,114221361.0,72840972.3
2017-10-03,43.05,43.05,41.91,42.66,3580700,-0.0091,-0.0035,152752662.0,78868300.3
2017-10-04,42.79,43.2,42.67,43.05,1211300,0.0061,0.0091,52146465.0,88773321.9
2017-10-05,43.09,43.17,42.37,42.88,1841300,-0.0049,-0.0039,78954944.0,87575593.2
2017-10-06,42.88,43.19,42.76,42.82,1261200,-0.0014,-0.0014,54004584.0,89113201.4
2017-10-09,42.85,42.97,42.67,42.85,1073500,0.0,0.0007,45999475.0,89417199.8
2017-10-10,42.9,43.0,42.43,42.78,785700,-0.0028,-0.0016,33612246.0,80230806.9
2017-10-11,42.87,42.9,42.51,42.79,1208800,-0.0019,0.0002,51724552.0,69669786.4
2017-10-12,42.57,42.66,42.17,42.19,1098300,-0.0089,-0.014,46337277.0,68166229.4
2017-10-13,42.09,43.2,41.6,41.97,1230800,-0.0029,-0.0052,51656676.0,68913399.1
2017-10-16,41.97,42.01,41.77,41.78,1119900,-0.0045,-0.0045,46789422.0,68141024.2
2017-10-17,41.9,41.9,41.29,41.41,1605900,-0.0117,-0.0089,66500319.0,61397830.3
2017-10-18,41.77,42.88,41.68,42.6,2728100,0.0199,0.0287,116217060.0,52772596.0
2017-10-19,42.41,43.15,42.39,43.1,2380700,0.0163,0.0117,102608170.0,59179655.5
2017-10-20,43.29,43.5,42.97,43.2,1054000,-0.0021,0.0023,45532800.0,61544978.1
2017-10-23,43.17,43.34,42.9,43.14,1462500,-0.0007,-0.0014,63092250.0,60697799.7
2017-10-24,43.0,43.16,42.93,42.97,803400,-0.0007,-0.0039,34522098.0,62407077.2
2017-10-25,43.0,43.03,42.12,42.25,1220900,-0.0174,-0.0168,51583025.0,62498062.4
2017-10-26,42.2,42.68,41.91,42.26,1290300,0.0014,0.0002,54528078.0,62483909.7
2017-10-27,42.61,43.24,42.02,43.19,1287500,0.0136,0.022,55607125.0,63302989.8
2017-10-30,43.02,43.22,42.7,43.11,982100,0.0021,-0.0019,42338331.0,63698034.7
2017-10-31,43.18,43.88,43.18,43.78,1462600,0.0139,0.0155,64032628.0,63252925.6
2017-11-01,43.8,44.01,42.3,42.47,1588400,-0.0304,-0.0299,67459348.0,63006156.5
2017-11-02,43.64,43.64,40.77,40.92,3164700,-0.0623,-0.0365,129499524.0,58130385.3
2017-11-03,41.29,44.01,41.29,43.82,4374000,0.0613,0.0709,191668680.0,60819520.7
2017-11-06,43.62,44.51,43.22,44.48,2700700,0.0197,0.0151,120127136.0,75433108.7
2017-11-07,44.66,45.7,44.66,45.45,2673900,0.0177,0.0218,121528755.0,81136597.3
2017-11-08,45.41,45.72,45.16,45.45,2769900,0.0009,0.0,125891955.0,89837263.0
2017-11-09,45.02,45.35,44.41,44.85,1340200,-0.0038,-0.0132,60107970.0,97268156.0
2017-11-10,44.69,45.29,44.68,44.77,1222000,0.0018,-0.0018,54708940.0,97826145.2
2017-11-13,44.42,45.05,44.17,44.93,1172400,0.0115,0.0036,52675932.0,97736326.7
2017-11-14,45.2,46.33,45.06,46.16,2901100,0.0212,0.0274,133914776.0,98770086.8
2017-11-15,45.78,45.86,44.85,45.32,2233200,-0.01,-0.0182,101208624.0,105758301.6
2017-11-16,45.62,45.81,44.93,45.36,2006100,-0.0057,0.0009,90996696.0,109133229.2
2017-11-17,45.4,45.84,45.14,45.34,2243900,-0.0013,-0.0004,101738426.0,105282946.4
2017-11-20,43.93,44.5,43.59,43.97,2483500,0.0009,-0.0302,109199495.0,96289921.0
2017-11-21,43.94,44.13,43.3,43.89,3038100,-0.0011,-0.0018,133342209.0,95197156.9
2017-11-22,43.85,44.51,43.55,44.42,1737500,0.013,0.0121,77179750.0,96378502.3
2017-11-24,44.44,45.33,44.27,45.26,938300,0.0185,0.0189,42467458.0,91507281.8
2017-11-27,45.35,45.59,45.09,45.39,2513100,0.0009,0.0029,114069609.0,89743230.6
2017-11-28,45.64,46.45,45.64,46.41,2660300,0.0169,0.0225,123464523.0,95679297.5
2017-11-29,46.43,46.99,45.47,45.69,2814600,-0.0159,-0.0155,128599074.0,102758156.6
2017-11-30,46.1,46.22,45.08,45.38,8758300,-0.0156,-0.0068,397451654.0,102226586.4
2017-12-01,45.47,46.02,44.36,44.7,1892000,-0.0169,-0.015,84572400.0,131850889.4
2017-12-04,44.93,45.08,43.57,43.66,2898600,-0.0283,-0.0233,126552876.0,131208459.8
2017-12-05,43.49,43.87,43.09,43.35,2108900,-0.0032,-0.0071,91420815.0,133689904.8
2017-12-06,43.12,43.45,42.7,42.73,1484900,-0.009,-0.0143,63449777.0,131912036.8
2017-12-07,42.8,43.62,42.7,43.59,1539200,0.0185,0.0201,67093728.0,124922793.6
2017-12-08,43.75,44.12,43.21,43.35,1989100,-0.0091,-0.0055,86227485.0,123914191.4
2017-12-11,43.31,43.71,43.12,43.59,1487300,0.0065,0.0055,64831407.0,128290194.1
2017-12-12,43.54,43.75,42.86,42.92,1651200,-0.0142,-0.0154,70869504.0,123366373.9
2017-12-13,42.9,43.33,42.5,42.69,1805900,-0.0049,-0.0054,77093871.0,118106872.0
2017-12-14,42.86,43.29,42.75,42.81,1308000,-0.0012,0.0028,55995480.0,112956351.7
2017-12-15,42.85,43.07,42.6,42.63,2810000,-0.0051,-0.0042,119790300.0,78810734.3
2017-12-18,42.74,43.63,42.63,43.56,1493700,0.0192,0.0218,65065572.0,82332524.3
2017-12-19,43.61,44.19,43.44,44.06,1205200,0.0103,0.0115,53101112.0,76183793.9
2017-12-20,44.16,44.27,43.22,43.37,1753300,-0.0179,-0.0157,76040621.0,72351823.6
2017-12-21,43.18,43.82,43.05,43.1,1059700,-0.0019,-0.0062,45673070.0,73610908.0
2017-12-22,42.5,42.83,41.99,42.07,1505300,-0.0101,-0.0239,63327971.0,71468842.2
2017-12-26,41.87,42.52,41.87,42.41,684800,0.0129,0.0081,29042368.0,69178890.8
2017-12-27,42.46,42.5,42.13,42.4,452000,-0.0014,-0.0002,19164800.0,65599986.9
2017-12-28,42.64,42.78,42.23,42.61,609900,-0.0007,0.005,25987839.0,60429516.5
2017-12-29,42.59,42.86,42.36,42.57,598600,-0.0005,-0.0009,25482402.0,55318913.3
2018-01-02,42.73,42.8,42.31,42.65,926800,-0.0019,0.0019,39528020.0,52267605.5
2018-01-03,42.84,42.84,42.28,42.51,1252400,-0.0077,-0.0033,53239524.0,44241377.5
2018-01-04,42.62,42.76,42.13,42.27,1265400,-0.0082,-0.0056,53488458.0,43058772.7
2018-01-05,42.37,43.4,42.1,43.32,1070900,0.0224,0.0248,46391388.0,43097507.3
2018-01-08,43.24,43.32,42.65,43.05,973900,-0.0044,-0.0062,41926395.0,40132584.0
2018-01-09,43.11,43.87,43.11,43.72,1007400,0.0141,0.0156,44043528.0,39757916.5
2018-01-10,44.0,44.0,43.35,43.59,947600,-0.0093,-0.003,41305884.0,37829472.2
2018-01-11,43.65,43.99,43.61,43.76,1459000,0.0025,0.0039,63845840.0,39055823.8
2018-01-12,43.9,44.62,43.55,44.43,617000,0.0121,0.0153,27413310.0,43523927.8
2018-01-16,44.53,44.76,43.55,43.66,1756700,-0.0195,-0.0173,76697522.0,43666474.9
2018-01-17,43.48,44.02,41.95,42.07,1784900,-0.0324,-0.0364,75090743.0,48787986.9
2018-01-18,42.07,44.05,41.98,43.19,2133400,0.0266,0.0266,92141546.0,52344259.2
2018-01-19,43.36,43.72,43.16,43.7,1461300,0.0078,0.0118,63858810.0,56234461.4
2018-01-22,43.6,43.74,43.08,43.46,2003000,-0.0032,-0.0055,87050380.0,57271496.6
2018-01-23,43.55,44.03,43.33,44.0,1007700,0.0103,0.0124,44338800.0,61337395.8
2018-01-24,44.4,45.07,44.13,44.99,1491700,0.0133,0.0225,67111583.0,61578636.3
2018-01-25,45.29,45.4,44.66,45.16,1822800,-0.0029,0.0038,82317648.0,63885441.8
2018-01-26,45.29,45.44,44.97,45.41,989700,0.0026,0.0055,44942277.0,67986618.2
2018-01-29,45.25,45.55,45.02,45.03,1553100,-0.0049,-0.0084,69936093.0,66096261.9
2018-01-30,44.7,45.57,44.55,45.33,1097700,0.0141,0.0067,49758741.0,70348540.2
2018-01-31,45.57,45.57,44.74,45.06,1121400,-0.0112,-0.006,50530284.0,67654662.1
2018-02-01,44.65,46.08,44.5,45.97,889900,0.0296,0.0202,40908703.0,65198616.2
2018-02-02,45.9,46.0,44.73,44.73,1184500,-0.0255,-0.027,52982685.0,60075331.9
2018-02-05,44.28,45.0,43.61,43.69,1131300,-0.0133,-0.0233,49426497.0,58987719.4
2018-02-06,43.45,44.04,42.71,43.94,1540000,0.0113,0.0057,67667600.0,55225331.1
2018-02-07,44.2,44.84,43.87,44.22,1130800,0.0005,0.0064,50003976.0,57558211.1
2018-02-08,44.45,44.69,43.02,43.1,2628000,-0.0304,-0.0253,113266800.0,55847450.4
2018-02-09,43.35,43.49,41.54,42.74,1750000,-0.0141,-0.0084,74795000.0,58942365.6
2018-02-12,43.07,43.83,42.99,43.41,861600,0.0079,0.0157,37402056.0,61927637.9
2018-02-13,43.38,44.38,43.18,44.16,1341600,0.018,0.0173,59245056.0,58674234.2
2018-02-14,43.74,45.39,43.6,45.31,1431700,0.0359,0.026,64870327.0,59622865.7
2018-02-15,45.51,47.05,45.19,46.93,1778500,0.0312,0.0358,83465005.0,61056870.0
2018-02-16,46.92,47.25,46.48,46.95,931700,0.0006,0.0004,43743315.0,65312500.2
2018-02-20,46.86,47.6,46.54,46.86,1552500,0.0,-0.0019,72750150.0,64388563.2
2018-02-21,47.14,48.36,47.14,47.36,1935800,0.0047,0.0107,91679488.0,66720928.5
2018-02-22,47.46,48.93,47.39,47.83,1637700,0.0078,0.0099,78331191.0,69122117.3
2018-02-23,47.9,48.44,47.42,48.27,1349100,0.0077,0.0092,65121057.0,71954838.8
2018-02-26,48.4,49.11,48.4,48.59,1912200,0.0039,0.0066,92913798.0,67140264.5
2018-02-27,48.48,48.73,47.5,47.75,2479400,-0.0151,-0.0173,118391350.0,68952144.3
2018-02-28,47.02,47.6,44.8,44.8,3443200,-0.0472,-0.0618,154255360.0,77051073.7
2018-03-01,44.82,44.93,41.94,42.09,2921300,-0.0609,-0.0605,122957517.0,86552104.1
2018-03-02,41.91,43.98,41.57,43.89,2980600,0.0472,0.0428,130818534.0,92360823.1
2018-03-05,43.75,44.17,43.42,44.03,2530700,0.0064,0.0032,111426721.0,97096176.0
2018-03-06,44.04,44.23,43.36,44.12,2086600,0.0018,0.002,92060792.0,103864516.6
2018-03-07,43.67,44.15,43.41,43.89,1508800,0.005,-0.0052,66221232.0,105795580.8
2018-03-08,44.05,44.51,43.48,44.51,1269600,0.0104,0.0141,56509896.0,103249755.2
2018-03-09,44.82,45.42,44.67,45.05,1230600,0.0051,0.0121,55438530.0,101067625.7
2018-03-12,45.14,45.62,45.08,45.48,639400,0.0075,0.0095,29079912.0,100099373.0
2018-03-13,45.69,45.93,45.06,45.15,743800,-0.0118,-0.0073,33582570.0,93715984.4
2018-03-14,45.4,45.51,44.54,44.81,795700,-0.013,-0.0075,35655317.0,85235106.4
2018-03-15,44.36,45.45,44.18,45.35,2363900,0.0223,0.0121,107202865.0,73375102.1
2018-03-16,45.63,46.55,44.84,44.94,5846600,-0.0151,-0.009,262746204.0,71799636.9
2018-03-19,44.72,44.72,43.8,44.05,1639300,-0.015,-0.0198,72211165.0,84992403.9
2018-03-20,44.0,44.63,43.94,44.42,1065300,0.0095,0.0084,47320626.0,81070848.3
2018-03-21,44.35,44.46,42.96,43.09,1583700,-0.0284,-0.0299,68241633.0,76596831.7
2018-03-22,42.56,43.43,42.38,42.5,2761500,-0.0014,-0.0137,117363750.0,76798871.8
2018-03-23,42.38,42.98,41.88,41.9,1146900,-0.0113,-0.0141,48055110.0,82884257.2
2018-03-26,42.56,43.36,42.19,43.31,2116800,0.0176,0.0337,91678608.0,82145915.2
2018-03-27,43.49,43.68,41.84,42.04,1820100,-0.0333,-0.0293,76517004.0,88405784.8
2018-03-28,42.01,42.29,41.42,41.92,1260600,-0.0021,-0.0029,52844352.0,92699228.2
2018-03-29,42.15,42.62,41.68,42.14,1238000,-0.0002,0.0052,52169320.0,94418131.7
2018-04-02,39.82,40.34,37.92,38.17,5412800,-0.0414,-0.0942,206606576.0,88914777.2
2018-04-03,38.43,38.71,36.57,36.61,4924700,-0.0474,-0.0409,180293267.0,83300814.4
2018-04-04,36.29,38.7,35.94,38.43,4501900,0.059,0.0497,173008017.0,94109024.6
2018-04-05,38.81,39.42,38.64,38.97,3399300,0.0041,0.0141,132470721.0,106677763.7
2018-04-06,38.58,38.83,37.58,37.75,1965800,-0.0215,-0.0313,74208950.0,113100672.5
2018-04-09,37.88,38.25,37.26,37.32,1405400,-0.0148,-0.0114,52449528.0,108785192.5
2018-04-10,38.27,38.47,37.66,38.31,1687700,0.001,0.0265,64655787.0,109224634.3
2018-04-11,38.15,38.47,37.82,37.99,1150500,-0.0042,-0.0084,43707495.0,106522352.2
2018-04-12,38.17,38.62,37.91,38.03,947600,-0.0037,0.0011,36037228.0,103241401.3
2018-04-13,38.1,38.31,37.69,37.78,897300,-0.0084,-0.0066,33899994.0,101560688.9
2018-04-16,38.0,38.77,37.92,38.49,881900,0.0129,0.0188,33944331.0,99733756.3
2018-04-17,38.67,39.22,38.45,38.97,1260000,0.0078,0.0125,49102200.0,82467531.8
2018-04-18,39.26,39.74,39.13,39.38,1700600,0.0031,0.0105,66969628.0,69348425.1
2018-04-19,39.36,39.61,38.85,39.47,1592200,0.0028,0.0023,62844134.0,58744586.2
2018-04-20,39.61,39.79,39.05,39.25,1596900,-0.0091,-0.0056,62678325.0,51781927.5
2018-04-23,39.85,40.31,39.63,40.11,2132100,0.0065,0.0219,85518531.0,50628865.0
2018-04-24,40.29,40.56,39.38,39.8,2175200,-0.0122,-0.0077,86572960.0,53935765.3
2018-04-25,39.33,39.71,39.21,39.47,1579300,0.0036,-0.0083,62334971.0,56127482.6
2018-04-26,39.8,40.31,39.49,40.27,1282200,0.0118,0.0203,51634194.0,57990230.2
2018-04-27,40.43,40.64,39.46,39.56,1080300,-0.0215,-0.0176,42736668.0,59549926.8
2018-04-30,39.56,40.28,39.47,39.47,2267600,-0.0023,-0.0023,89502172.0,60433594.2
2018-05-01,39.33,39.78,38.89,39.75,2058100,0.0107,0.0071,81809475.0,65989378.3
2018-05-02,39.6,40.42,39.54,40.11,1240800,0.0129,0.0091,49768488.0,69260105.8
2018-05-03,40.1,40.46,39.52,40.43,1594000,0.0082,0.008,64445420.0,67539991.8
2018-05-04,46.16,46.46,43.83,45.5,5223600,-0.0143,0.1254,237673800.0,67700120.4
2018-05-07,45.62,45.96,44.62,45.07,3089000,-0.0121,-0.0095,139221230.0,85199667.9
2018-05-08,44.89,45.21,43.0,43.04,2070200,-0.0412,-0.045,89101408.0,90569937.8
2018-05-09,42.94,42.99,42.22,42.87,1873000,-0.0016,-0.0039,80295510.0,90822782.6
2018-05-10,42.98,43.16,42.72,42.8,1461300,-0.0042,-0.0016,62543640.0,92618836.5
2018-05-11,42.92,43.11,42.36,42.52,979800,-0.0093,-0.0065,41661096.0,93709781.1
2018-05-14,42.53,42.89,42.41,42.72,951300,0.0045,0.0047,40639536.0,93602223.9
2018-05-15,42.45,44.05,42.4,43.9,1943700,0.0342,0.0276,85328430.0,88715960.3
2018-05-16,43.94,44.28,43.24,43.83,1446600,-0.0025,-0.0016,63404478.0,89067855.8
2018-05-17,43.76,44.75,43.66,44.43,1387000,0.0153,0.0137,61624410.0,90431454.8
2018-05-18,44.36,44.92,44.21,44.31,1115800,-0.0011,-0.0027,49441098.0,90149353.8
2018-05-21,44.7,44.99,44.64,44.86,1321600,0.0036,0.0124,59286976.0,71326083.6
2018-05-22,44.81,44.95,43.78,44.44,2031800,-0.0083,-0.0094,90293192.0,63332658.2
2018-05-23,44.07,44.6,43.84,44.06,952000,-0.0002,-0.0086,41945120.0,63451836.6
2018-05-24,44.11,44.11,43.17,43.5,1036300,-0.0138,-0.0127,45079050.0,59616797.6
2018-05-25,43.43,43.8,43.24,43.37,682500,-0.0014,-0.003,29600025.0,57870338.6
2018-05-29,43.14,43.49,42.71,42.91,812600,-0.0053,-0.0106,34868666.0,56664231.5
2018-05-30,43.04,43.51,43.04,43.33,1135100,0.0067,0.0098,49183883.0,56087144.5
2018-05-31,43.36,43.6,42.61,42.63,1462600,-0.0168,-0.0162,62350638.0,52472689.8
2018-06-01,42.76,43.76,42.73,43.57,900500,0.0189,0.0221,39234785.0,52367305.8
2018-06-04,43.82,43.88,43.34,43.52,569600,-0.0068,-0.0011,24788992.0,50128343.3
2018-06-05,43.67,43.89,43.33,43.66,740000,-0.0002,0.0032,32308400.0,47663132.7
2018-06-06,43.68,44.96,43.48,44.88,1263300,0.0275,0.0279,56696904.0,44965275.1
2018-06-07,44.99,45.51,44.72,45.16,1024800,0.0038,0.0062,46279968.0,41605646.3
2018-06-08,45.16,45.96,44.99,45.86,1968800,0.0155,0.0155,90289168.0,42039131.1
2018-06-11,45.82,46.71,45.55,46.11,1610000,0.0063,0.0055,74237100.0,46560142.9
2018-06-12,46.19,46.45,45.8,46.18,1577500,-0.0002,0.0015,72848950.0,51023850.4
2018-06-13,46.84,47.22,46.46,46.48,1316200,-0.0077,0.0065,61176976.0,54821878.8
2018-06-14,46.32,46.64,46.2,46.55,961700,0.005,0.0015,44767135.0,56021188.1
2018-06-15,46.54,47.09,46.46,46.93,1913000,0.0084,0.0082,89777090.0,54262837.8
2018-06-18,46.43,47.13,46.12,46.97,967200,0.0116,0.0009,45429384.0,59317068.3
2018-06-19,46.82,47.02,46.36,46.96,1146300,0.003,-0.0002,53830248.0,61381107.5
2018-06-20,47.46,47.66,47.03,47.11,1275400,-0.0074,0.0032,60084094.0,63533292.3
2018-06-21,47.36,47.51,46.98,47.03,876700,-0.007,-0.0017,41231201.0,63872011.3
2018-06-22,47.78,48.75,47.78,48.73,2447100,0.0199,0.0361,119247183.0,63367134.6
2018-06-25,48.44,48.49,47.45,47.77,1312800,-0.0138,-0.0197,62712456.0,66262936.1
2018-06-26,47.76,47.9,47.37,47.76,753500,0.0,-0.0002,35987160.0,65110471.7
2018-06-27,48.06,48.35,46.89,46.98,1074000,-0.0225,-0.0163,50456520.0,61424292.7
2018-06-28,47.06,48.73,46.72,48.69,1620000,0.0346,0.0364,78877800.0,60352247.1
2018-06-29,48.69,49.36,48.33,48.57,2040300,-0.0025,-0.0025,99097371.0,63763313.6
2018-07-02,48.3,49.39,48.02,49.17,1198800,0.018,0.0124,58944996.0,64695341.7
2018-07-03,49.34,49.49,48.16,48.22,502100,-0.0227,-0.0193,24211262.0,66046902.9
2018-07-05,48.71,49.09,48.57,49.08,995600,0.0076,0.0178,48864048.0,63085004.3
2018-07-06,49.19,49.96,49.05,49.69,817100,0.0102,0.0124,40601699.0,61962999.7
2018-07-09,50.14,50.41,49.71,50.04,1181900,-0.002,0.007,59142276.0,61900049.5
2018-07-10,50.18,50.33,49.69,49.96,851100,-0.0044,-0.0016,42520956.0,55889558.8
2018-07-11,49.39,50.36,49.33,49.77,974200,0.0077,-0.0038,48485934.0,53870408.8
2018-07-12,49.88,51.23,49.73,51.18,1354300,0.0261,0.0283,69313074.0,55120286.2
2018-07-13,51.51,52.19,51.14,51.54,1569300,0.0006,0.007,80881722.0,57005941.6
2018-07-16,51.62,51.73,50.92,51.24,997700,-0.0074,-0.0058,51122148.0,57206333.8
2018-07-17,50.76,51.61,50.72,51.44,1090200,0.0134,0.0039,56079888.0,52408811.5
2018-07-18,51.44,51.95,51.34,51.77,899900,0.0064,0.0064,46587823.0,52122300.7
2018-07-19,51.43,51.45,50.7,51.27,1269000,-0.0031,-0.0097,65061630.0,54359956.8
2018-07-20,51.31,51.47,50.95,51.27,943600,-0.0008,0.0,48378372.0,55979715.0
2018-07-23,51.14,51.39,50.87,51.01,878900,-0.0025,-0.0051,44832689.0,56757382.3
2018-07-24,52.53,52.84,51.52,51.81,1507500,-0.0137,0.0157,78103575.0,55326423.6
2018-07-25,51.64,52.44,51.19,52.41,1168200,0.0149,0.0116,61225362.0,58884685.5
2018-07-26,52.56,52.64,51.58,51.6,1854700,-0.0183,-0.0155,95702520.0,60158628.3
2018-07-27,52.11,52.62,49.39,50.35,3392500,-0.0338,-0.0242,170812375.0,62797572.9
2018-07-30,50.23,50.53,48.75,48.85,1922700,-0.0275,-0.0298,93923895.0,71790638.2
2018-07-31,48.97,49.7,48.52,49.28,2026800,0.0063,0.0088,99880704.0,76070812.9
2018-08-01,49.04,49.67,49.04,49.12,1781000,0.0016,-0.0032,87482720.0,80450894.5
2018-08-02,48.91,49.72,48.76,49.48,1014500,0.0117,0.0073,50197460.0,84540384.2
2018-08-03,49.67,49.81,48.82,49.02,1157500,-0.0131,-0.0093,56740650.0,83053967.2
2018-08-06,49.11,49.86,49.0,49.53,1058700,0.0086,0.0104,52437411.0,83890195.0
2018-08-07,49.8,50.32,49.5,49.7,941400,-0.002,0.0034,46787580.0,84650667.2
2018-08-08,49.55,49.74,49.24,49.49,1246100,-0.0012,-0.0042,61669489.0,81519067.7
2018-08-09,49.39,49.84,49.25,49.26,885100,-0.0026,-0.0046,43600026.0,81563480.4
2018-08-10,49.19,49.75,49.01,49.2,1212500,0.0002,-0.0012,59655000.0,76353231.0
2018-08-13,49.14,49.75,48.86,48.93,1047700,-0.0043,-0.0055,51263961.0,65237493.5
2018-08-14,49.08,50.22,48.76,49.17,1551100,0.0018,0.0049,76267587.0,60971500.1
2018-08-15,48.93,49.3,47.87,48.49,1433500,-0.009,-0.0138,69510415.0,58610188.4
2018-08-16,48.64,49.39,48.46,48.69,1191700,0.001,0.0041,58023873.0,56812957.9
2018-08-17,48.7,48.74,47.92,48.15,834700,-0.0113,-0.0111,40190805.0,57595599.2
2018-08-20,48.15,48.33,47.58,48.21,1325500,0.0012,0.0012,63902355.0,55940614.7
2018-08-21,48.4,49.23,48.38,49.2,1205500,0.0165,0.0205,59310600.0,57087109.1
2018-08-22,49.2,49.69,49.04,49.56,832300,0.0073,0.0073,41248788.0,58339411.1
2018-08-23,49.54,49.64,49.14,49.2,1163100,-0.0069,-0.0073,57224520.0,56297341.0
2018-08-24,49.2,49.69,49.2,49.48,838300,0.0057,0.0057,41479084.0,57659790.4
2018-08-27,49.8,50.19,49.43,49.58,1001900,-0.0044,0.002,49674202.0,55842198.8
2018-08-28,49.67,50.01,49.21,49.69,599100,0.0004,0.0022,29769279.0,55683222.9
2018-08-29,49.91,49.91,49.18,49.65,920500,-0.0052,-0.0008,45702825.0,51033392.1
2018-08-30,49.64,49.64,49.19,49.39,807800,-0.005,-0.0052,39897242.0,48652633.1
2018-08-31,49.35,49.78,49.17,49.68,1215000,0.0067,0.0059,60361200.0,46839970.0
2018-09-04,49.4,50.62,48.83,50.31,1029500,0.0184,0.0127,51794145.0,48857009.5
2018-09-05,50.13,50.19,49.22,49.41,794500,-0.0144,-0.0179,39256245.0,47646188.5
2018-09-06,49.38,49.87,49.16,49.47,1005400,0.0018,0.0012,49737138.0,45640753.0
2018-09-07,49.22,50.37,49.2,49.92,1371000,0.0142,0.0091,68440320.0,46489588.0
2018-09-10,50.2,50.58,50.0,50.29,847400,0.0018,0.0074,42615746.0,47611168.0
2018-09-11,50.13,51.64,50.13,51.46,1358600,0.0265,0.0233,69913556.0,47724834.2
2018-09-12,51.36,53.03,51.09,52.83,1888200,0.0286,0.0266,99753606.0,49748769.6
2018-09-13,52.97,54.73,52.97,54.58,5284100,0.0304,0.0331,288406178.0,56747202.3
2018-09-14,54.83,55.26,54.66,54.71,1601100,-0.0022,0.0024,87596181.0,81017537.6
2018-09-17,54.72,54.72,53.33,53.47,1207200,-0.0228,-0.0227,64548984.0,85787431.5
2018-09-18,53.58,53.74,53.19,53.67,896800,0.0017,0.0037,48131256.0,86206209.9
2018-09-19,53.65,53.94,52.47,52.73,1009100,-0.0171,-0.0175,53209843.0,85839921.0
2018-09-20,51.88,52.52,50.45,52.39,3118300,0.0098,-0.0064,163367737.0,87235280.8
2018-09-21,52.41,53.58,52.41,53.41,1915800,0.0191,0.0195,102322878.0,98598340.7
2018-09-24,53.0,53.77,52.55,53.52,1437600,0.0098,0.0021,76940352.0,101986596.5
2018-09-25,53.64,54.12,53.57,53.67,1233800,0.0006,0.0028,66218046.0,105419057.1
2018-09-26,53.85,54.03,53.37,53.49,1452000,-0.0067,-0.0034,77667480.0,105049506.1
2018-09-27,53.46,54.13,53.2,53.9,772500,0.0082,0.0077,41637750.0,102840893.5
2018-09-28,53.85,54.73,53.83,54.47,1579200,0.0115,0.0106,86019024.0,78164050.7
2018-10-01,54.69,54.89,53.97,54.1,1583100,-0.0108,-0.0068,85645710.0,78006335.0
2018-10-02,53.98,54.64,53.83,54.58,1308900,0.0111,0.0089,71439762.0,80116007.6
2018-10-03,54.79,55.24,54.34,54.83,1029100,0.0007,0.0046,56425553.0,82446858.2
2018-10-04,54.55,54.58,50.85,52.68,3097700,-0.0343,-0.0392,163186836.0,82768429.2
2018-10-05,52.5,53.08,51.43,52.29,1584600,-0.004,-0.0074,82858734.0,82750339.1
2018-10-08,51.86,52.48,51.02,51.8,874200,-0.0012,-0.0094,45283560.0,80803924.7
2018-10-09,51.58,51.79,50.46,50.62,885500,-0.0186,-0.0228,44824010.0,77638245.5
2018-10-10,50.35,50.48,49.49,49.58,1638000,-0.0153,-0.0205,81212040.0,75498841.9
2018-10-11,49.59,50.83,49.15,49.5,1848500,-0.0018,-0.0016,91500750.0,75853297.9
2018-10-12,50.49,51.58,50.07,51.42,1308700,0.0184,0.0388,67293354.0,80839597.9
2018-10-15,51.29,52.46,50.78,51.94,836400,0.0127,0.0101,43442616.0,78967030.9
2018-10-16,52.42,54.03,52.04,53.85,1069400,0.0273,0.0368,57587190.0,74746721.5
2018-10-17,53.82,53.99,53.04,53.48,1060600,-0.0063,-0.0069,56720888.0,73361464.3
2018-10-18,53.37,53.5,52.2,52.6,1044600,-0.0144,-0.0165,54945960.0,73390997.8
2018-10-19,52.96,53.37,51.6,51.68,905300,-0.0242,-0.0175,46785904.0,62566910.2
2018-10-22,51.84,52.82,51.41,52.61,668200,0.0149,0.018,35154002.0,58959627.2
2018-10-23,51.69,51.95,50.64,51.37,953300,-0.0062,-0.0236,48971021.0,57946671.4
2018-10-24,51.24,52.06,49.2,49.28,1557100,-0.0383,-0.0407,76733888.0,58361372.5
2018-10-25,49.79,51.35,49.74,50.7,1032200,0.0183,0.0288,52332540.0,57913557.3
2018-10-26,49.81,50.53,48.32,50.06,1373600,0.005,-0.0126,68762416.0,53996736.3
2018-10-29,50.74,51.14,48.43,49.09,1275600,-0.0325,-0.0194,62619204.0,54143642.5
2018-10-30,49.15,50.37,48.84,50.23,980000,0.022,0.0232,49225400.0,56061301.3
2018-10-31,50.8,53.05,50.8,52.3,1586500,0.0295,0.0412,82973950.0,55225122.3
2018-11-01,52.61,53.36,52.01,53.19,1708100,0.011,0.017,90853839.0,57850428.5
2018-11-02,55.19,58.26,53.97,54.85,2077200,-0.0062,0.0312,113934420.0,61441216.4
2018-11-05,55.11,55.28,53.91,55.13,1366400,0.0004,0.0051,75329632.0,68156068.0
2018-11-06,55.07,55.91,55.01,55.4,914600,0.006,0.0049,50668840.0,72173631.0
2018-11-07,55.8,56.66,55.49,56.64,2104800,0.0151,0.0224,119215872.0,72343412.9
2018-11-08,56.28,57.53,56.23,57.43,1376900,0.0204,0.0139,79075367.0,76591611.3
2018-11-09,57.13,57.79,55.86,56.4,1608800,-0.0128,-0.0179,90736320.0,79265894.0
2018-11-12,56.19,56.54,54.25,55.44,1229800,-0.0133,-0.017,68180112.0,81463284.4
2018-11-13,55.36,56.28,55.28,55.86,1038400,0.009,0.0076,58005024.0,82019375.2
2018-11-14,56.42,56.42,53.38,53.57,1564600,-0.0505,-0.041,83815622.0,82897337.6
2018-11-15,53.3,54.9,52.87,54.5,1146600,0.0225,0.0174,62489700.0,82981504.8
2018-11-16,54.17,54.85,53.47,54.37,942600,0.0037,-0.0024,51249162.0,80145090.9
2018-11-19,54.88,55.0,52.9,53.03,1639100,-0.0337,-0.0246,86921473.0,73876565.1
2018-11-20,51.7,52.32,50.68,51.38,1581000,-0.0062,-0.0311,81231780.0,75035749.2
2018-11-21,52.1,53.38,51.82,52.69,975500,0.0113,0.0255,51399095.0,78092043.2
2018-11-23,52.15,53.58,52.11,53.36,276300,0.0232,0.0127,14743368.0,71310365.5
2018-11-26,53.84,55.22,53.72,54.63,1636300,0.0147,0.0238,89391069.0,64877165.6
2018-11-27,54.6,54.74,52.28,53.02,2732300,-0.0289,-0.0295,144866546.0,64742640.5
2018-11-28,52.98,55.36,52.12,55.13,3778000,0.0406,0.0398,208281140.0,72411283.9
2018-11-29,54.78,56.42,54.73,55.91,1773500,0.0206,0.0141,99156385.0,87438895.5
2018-11-30,56.06,56.34,54.79,55.68,1966100,-0.0068,-0.0041,109472448.0,88972971.8
2018-12-03,56.46,56.6,55.3,55.44,1414700,-0.0181,-0.0043,78430968.0,93671246.6
2018-12-04,55.53,56.19,54.04,54.37,1656200,-0.0209,-0.0193,90047594.0,96389427.2
2018-12-06,53.45,56.51,53.25,56.5,1546600,0.0571,0.0392,87382900.0,96702039.3
2018-12-07,56.07,56.62,54.35,55.11,1654600,-0.0171,-0.0246,91185006.0,97317151.3
2018-12-10,55.0,55.88,53.23,54.34,1181300,-0.012,-0.014,64191842.0,101295742.4
2018-12-11,55.13,55.47,54.1,54.16,1268300,-0.0176,-0.0033,68691128.0,106240589.8
2018-12-12,54.99,55.62,54.5,54.69,874600,-0.0055,0.0098,47831874.0,104170595.7
2018-12-13,55.07,55.11,54.08,54.62,762100,-0.0082,-0.0013,41625902.0,94467128.5
2018-12-14,54.24,55.28,53.71,53.9,800100,-0.0063,-0.0132,43125390.0,77801604.7
2018-12-17,53.76,54.25,52.06,52.36,733900,-0.026,-0.0286,38427004.0,72198505.2
2018-12-18,52.71,53.01,52.07,52.62,891800,-0.0017,0.005,46926516.0,65093960.8
2018-12-19,52.84,53.65,50.78,51.14,2521800,-0.0322,-0.0281,128964852.0,61943515.6
2018-12-20,51.0,51.1,49.07,50.06,1880100,-0.0184,-0.0211,94117806.0,65835241.4
2018-12-21,50.04,50.5,48.51,48.76,1837500,-0.0256,-0.026,89596500.0,66508732.0
2018-12-24,48.17,48.65,46.18,46.2,949300,-0.0409,-0.0525,43857660.0,66349881.4
2018-12-26,46.53,48.59,46.02,48.56,956300,0.0436,0.0511,46437928.0,64316463.2
2018-12-27,47.94,48.82,46.75,48.82,919400,0.0184,0.0054,44885108.0,62091143.2
2018-12-28,49.08,49.17,47.73,48.24,969000,-0.0171,-0.0119,46744560.0,61796466.6
2018-12-31,48.71,49.34,48.42,49.25,790100,0.0111,0.0209,38912425.0,62308332.4
2019-01-02,48.69,48.69,47.1,48.31,1648900,-0.0078,-0.0191,79658359.0,61887035.9
2019-01-03,48.01,48.7,47.47,47.69,948500,-0.0067,-0.0128,45233965.0,66010171.4
2019-01-04,48.5,50.44,48.19,50.0,1265100,0.0309,0.0484,63255000.0,65840916.3
2019-01-07,49.73,51.32,49.56,50.9,1025500,0.0235,0.018,52197950.0,59269931.1
2019-01-08,51.5,52.42,51.19,52.11,1257100,0.0118,0.0238,65507481.0,55077945.5
2019-01-09,52.24,52.95,52.1,52.74,990900,0.0096,0.0121,52260066.0,52669043.6
2019-01-10,52.59,53.23,52.28,53.01,651400,0.008,0.0051,34530714.0,53509284.2
2019-01-11,52.83,53.57,52.5,53.47,660900,0.0121,0.0087,35338323.0,52318562.8
2019-01-14,53.45,54.24,53.32,53.95,1504200,0.0094,0.009,81151590.0,51363884.3
2019-01-15,53.63,54.23,52.96,54.14,1302300,0.0095,0.0035,70506522.0,54804587.3
2019-01-16,54.0,54.51,52.36,52.52,2253800,-0.0274,-0.0299,118369576.0,57963997.0
2019-01-17,52.42,53.33,52.29,53.12,1118500,0.0134,0.0114,59414720.0,61835118.7
2019-01-18,53.6,54.05,52.85,54.04,700800,0.0082,0.0173,37871232.0,63253194.2
2019-01-22,53.9,54.02,52.48,52.87,884800,-0.0191,-0.0217,46779376.0,60714817.4
2019-01-23,53.15,53.54,52.51,52.8,826700,-0.0066,-0.0013,43649760.0,60172960.0
2019-01-24,52.66,53.32,52.54,52.88,748100,0.0042,0.0015,39559528.0,57987187.9
2019-01-25,53.47,53.47,52.89,53.39,727600,-0.0015,0.0096,38846564.0,56717134.1
2019-01-28,53.13,53.37,52.41,52.83,815900,-0.0056,-0.0105,43103997.0,57148719.1
2019-01-29,52.87,53.03,52.27,52.56,709200,-0.0059,-0.0051,37275552.0,57925286.5
2019-01-30,52.93,53.3,52.1,53.23,838600,0.0057,0.0127,44638678.0,53537682.7
2019-01-31,53.26,54.25,53.03,53.51,1249200,0.0047,0.0053,66844692.0,50950898.3
2019-02-01,53.37,53.49,52.41,52.77,1387800,-0.0112,-0.0138,73234206.0,45798409.9
2019-02-04,52.69,53.56,52.36,53.17,1070800,0.0091,0.0076,56934436.0,47180358.5
2019-02-05,53.01,53.58,52.76,53.34,963400,0.0062,0.0032,51387756.0,49086678.9
2019-02-06,53.23,53.33,52.65,53.15,908500,-0.0015,-0.0036,48286775.0,49547516.9
2019-02-07,53.0,53.5,52.22,53.49,758500,0.0092,0.0064,40572165.0,50011218.4
2019-02-08,53.15,54.33,53.15,54.2,764000,0.0198,0.0133,41408800.0,50112482.1
2019-02-11,54.62,54.65,53.91,54.02,793900,-0.011,-0.0033,42886478.0,50368705.7
2019-02-12,54.5,55.13,54.29,55.07,1282000,0.0105,0.0194,70599740.0,50346953.8
2019-02-13,55.25,55.62,54.91,55.15,716900,-0.0018,0.0015,39537035.0,53679372.6
2019-02-14,55.1,55.74,54.85,55.37,1336000,0.0049,0.004,73974320.0,53169208.3
2019-02-15,55.77,56.54,55.44,56.34,1367200,0.0102,0.0175,77028048.0,53882171.1
2019-02-19,56.35,56.82,55.67,55.69,1151600,-0.0117,-0.0115,64132604.0,54261555.3
2019-02-20,55.72,56.4,55.63,55.65,1219800,-0.0013,-0.0007,67881870.0,54981372.1
2019-02-21,55.42,56.44,55.1,55.87,1130600,0.0081,0.004,63166622.0,56630783.5
2019-02-22,56.0,56.93,55.68,56.86,1109500,0.0154,0.0177,63086170.0,58118768.2
2019-02-25,57.25,57.4,56.45,56.77,1272600,-0.0084,-0.0016,72245502.0,60370168.7
2019-02-26,56.52,56.76,55.6,56.35,1163600,-0.003,-0.0074,65568860.0,63453838.9
2019-02-27,56.35,56.58,55.77,56.35,1227700,0.0,0.0,69180895.0,65722077.1
2019-02-28,56.58,56.95,55.78,56.56,2104200,-0.0004,0.0037,119013552.0,65580192.6
2019-03-01,57.27,61.85,57.01,61.04,5172600,0.0658,0.0792,315735504.0,73527844.3
2019-03-04,61.49,61.5,59.56,60.76,1837200,-0.0119,-0.0046,111628272.0,97703962.7
2019-03-05,61.17,61.19,59.93,61.04,1304400,-0.0021,0.0046,79620576.0,101163985.1
2019-03-06,61.04,61.59,60.44,60.93,1383000,-0.0018,-0.0018,84266190.0,102712782.3
2019-03-07,60.88,61.56,60.43,60.78,1144900,-0.0016,-0.0025,69587022.0,104351214.3
2019-03-08,60.04,60.82,59.65,60.79,1385100,0.0125,0.0002,84200229.0,104993254.3
2019-03-11,60.83,62.31,60.68,62.24,1488100,0.0232,0.0239,92619344.0,107104660.2
2019-03-12,62.23,63.25,61.89,63.13,1412200,0.0145,0.0143,89152186.0,109142044.4
2019-03-13,63.3,63.41,61.8,62.68,2058700,-0.0098,-0.0071,129039316.0,111500377.0
2019-03-14,62.97,63.89,62.81,63.56,2079500,0.0094,0.014,132173020.0,117486219.1
2019-03-15,63.44,64.45,62.8,63.46,3971200,0.0003,-0.0016,252012352.0,118802165.9
2019-03-18,63.4,63.43,62.46,63.08,2043400,-0.005,-0.006,128897672.0,112429850.7
2019-03-19,63.2,63.28,62.4,62.64,1553500,-0.0089,-0.007,97311240.0,114156790.7
2019-03-20,62.74,63.5,62.21,63.15,1441500,0.0065,0.0081,91030725.0,115925857.1
2019-03-21,63.08,64.7,62.86,64.28,1422300,0.019,0.0179,91425444.0,116602310.6
2019-03-22,64.15,64.37,62.29,62.95,1153700,-0.0187,-0.0207,72625415.0,118786152.8
2019-03-25,62.79,63.22,61.82,62.82,746100,0.0005,-0.0021,46870002.0,117628671.4
2019-03-26,62.96,63.62,62.74,63.31,1236300,0.0056,0.0078,78270153.0,113053737.2
2019-03-27,63.49,63.86,62.56,63.33,1527400,-0.0025,0.0003,96730242.0,111965533.9
2019-03-28,63.52,63.98,63.25,63.9,1031000,0.006,0.009,65880900.0,108734626.5
2019-03-29,64.5,64.5,63.43,63.54,1035400,-0.0149,-0.0056,65789316.0,102105414.5
2019-04-01,64.23,64.64,63.65,64.48,993800,0.0039,0.0148,64080224.0,83483110.9
2019-04-02,64.61,64.78,63.91,64.77,928900,0.0025,0.0045,60164853.0,77001366.1
2019-04-03,65.16,65.19,64.38,64.82,1047900,-0.0052,0.0008,67924878.0,73286727.4
2019-04-04,63.83,64.14,62.55,63.09,1379200,-0.0116,-0.0267,87013728.0,70976142.7
2019-04-05,63.32,63.61,62.71,62.93,1033600,-0.0062,-0.0025,65044448.0,70534971.1
2019-04-08,62.67,63.58,62.39,63.58,1196900,0.0145,0.0103,76098902.0,69776874.4
2019-04-09,63.21,63.99,63.0,63.43,901500,0.0035,-0.0024,57182145.0,72699764.4
2019-04-10,63.65,64.71,63.48,64.6,831900,0.0149,0.0184,53740740.0,70590963.6
2019-04-11,64.79,65.07,63.78,63.98,1566000,-0.0125,-0.0096,100192680.0,66292013.4
2019-04-12,63.99,64.7,63.72,64.46,1257500,0.0073,0.0075,81058450.0,69723191.4
2019-04-15,64.5,65.15,64.27,64.94,665300,0.0068,0.0074,43204582.0,71250104.8
2019-04-16,65.16,65.61,64.61,64.93,686900,-0.0035,-0.0002,44600417.0,69162540.6
2019-04-17,65.0,65.21,64.03,64.53,595100,-0.0072,-0.0062,38401803.0,67606097.0
2019-04-18,64.57,65.42,63.87,65.35,936300,0.0121,0.0127,61187205.0,64653789.5
2019-04-22,64.98,65.76,64.73,65.5,691500,0.008,0.0023,45293250.0,62071137.2
2019-04-23,65.71,66.67,65.71,66.42,1415800,0.0108,0.014,94037436.0,60096017.4
2019-04-24,66.49,66.67,66.0,66.09,880200,-0.006,-0.005,58172418.0,61889870.8
2019-04-25,66.02,66.14,65.09,65.82,904900,-0.003,-0.0041,59560518.0,61988898.1
2019-04-26,66.12,66.59,65.47,66.46,673100,0.0051,0.0097,44734226.0,62570875.9
2019-04-29,66.8,66.8,65.54,65.97,1249600,-0.0124,-0.0074,82436112.0,57025030.5
2019-04-30,66.13,66.18,64.39,65.34,1544300,-0.0119,-0.0095,100904562.0,57162796.7
2019-05-01,65.34,65.49,63.71,63.72,1588000,-0.0248,-0.0248,101187360.0,62932794.7
2019-05-02,63.28,64.04,62.56,63.76,2081300,0.0076,0.0006,132703688.0,68591489.0
2019-05-03,65.25,67.0,63.9,64.34,3386900,-0.0139,0.0091,217913146.0,78021677.5
2019-05-06,62.09,64.76,62.09,64.68,1374500,0.0417,0.0053,88902660.0,93694271.6
2019-05-07,64.26,64.51,63.35,63.83,2207300,-0.0067,-0.0131,140891959.0,98055212.6
2019-05-08,63.85,65.01,63.34,64.71,848400,0.0135,0.0138,54899964.0,102740664.9
2019-05-09,64.2,64.76,63.24,64.65,912300,0.007,-0.0009,58980195.0,102413419.5
2019-05-10,64.59,65.57,63.9,65.36,1330600,0.0119,0.011,86968016.0,102355387.2
2019-05-13,63.73,64.2,62.1,63.01,3346100,-0.0113,-0.036,210837761.0,106578766.2
2019-05-14,63.49,64.68,63.13,64.15,1287000,0.0104,0.0181,82561050.0,119418931.1
2019-05-15,64.02,65.02,63.56,64.32,929100,0.0047,0.0027,59759712.0,117584579.9
2019-05-16,64.44,65.23,64.25,64.38,776000,-0.0009,0.0009,49958880.0,113441815.1
2019-05-17,63.66,64.46,63.48,63.63,1029500,-0.0005,-0.0116,65507085.0,105167334.3
2019-05-20,63.07,63.54,62.78,62.97,1235700,-0.0016,-0.0104,77812029.0,89926728.2
2019-05-21,63.5,64.3,63.25,63.9,744000,0.0063,0.0148,47541600.0,88817665.1
2019-05-22,63.46,63.85,62.82,62.87,650300,-0.0093,-0.0161,40884361.0,79482629.2
2019-05-23,62.55,62.91,61.8,62.49,831100,-0.001,-0.006,51935439.0,78081068.9
2019-05-24,62.99,63.74,62.98,63.28,656600,0.0046,0.0126,41549648.0,77376593.3
2019-05-28,63.27,63.79,62.39,62.45,1306700,-0.013,-0.0131,81603415.0,72834756.5
2019-05-29,61.95,62.32,61.75,62.14,796100,0.0031,-0.005,49469654.0,59911321.9
2019-05-30,62.17,62.53,61.41,61.62,533200,-0.0088,-0.0084,32855784.0,56602182.3
2019-05-31,60.98,61.39,60.61,60.82,1028500,-0.0026,-0.013,62553370.0,53911789.5
2019-06-03,60.83,61.25,59.55,60.07,907600,-0.0125,-0.0123,54519532.0,55171238.5
2019-06-04,60.81,61.59,60.17,61.55,721100,0.0122,0.0246,44383705.0,54072483.2
2019-06-05,62.0,62.54,61.83,61.95,592300,-0.0008,0.0065,36692985.0,50729650.8
2019-06-06,61.94,62.19,61.28,62.01,647000,0.0011,0.001,40120470.0,49644789.3
2019-06-07,62.2,62.92,62.07,62.19,581200,-0.0002,0.0029,36144828.0,49568400.2
2019-06-10,62.52,62.84,61.26,61.75,765400,-0.0123,-0.0071,47263450.0,47989339.1
2019-06-11,62.39,63.29,62.26,63.18,900300,0.0127,0.0232,56880954.0,48560719.3
2019-06-12,63.03,63.46,62.87,63.39,907100,0.0057,0.0033,57501069.0,46088473.2
2019-06-13,63.61,64.3,63.47,64.25,499700,0.0101,0.0136,32105725.0,46891614.7
2019-06-14,63.78,64.18,63.43,63.99,593300,0.0033,-0.004,37965267.0,46816608.8
2019-06-17,64.29,65.66,64.02,65.09,825800,0.0124,0.0172,53751322.0,44357798.5
2019-06-18,65.61,66.77,65.34,66.31,2900200,0.0107,0.0187,192312262.0,44280977.5
2019-06-19,66.18,66.57,65.72,66.48,582900,0.0045,0.0026,38751192.0,59073833.2
2019-06-20,67.26,67.48,66.2,67.22,661100,-0.0006,0.0111,44439142.0,59279653.9
2019-06-21,66.87,67.0,66.09,66.69,1548000,-0.0027,-0.0079,103236120.0,59711521.1
2019-06-24,66.71,66.83,66.07,66.58,1157300,-0.0019,-0.0016,77053034.0,66420650.3
2019-06-25,66.65,66.69,66.22,66.47,1322100,-0.0027,-0.0017,87879987.0,69399608.7
2019-06-26,66.76,66.76,65.56,66.05,755000,-0.0106,-0.0063,49867750.0,72499512.0
2019-06-27,66.27,67.27,65.99,66.93,1051600,0.01,0.0133,70383588.0,71736180.1
2019-06-28,65.0,66.56,64.3,66.25,3156000,0.0192,-0.0102,209085000.0,75563966.4
2019-07-01,67.2,67.28,65.75,67.16,1109100,-0.0006,0.0137,74487156.0,92675939.7
2019-07-02,67.25,68.23,67.12,68.19,1195600,0.014,0.0153,81527964.0,94749523.1
2019-07-03,68.5,69.6,68.25,69.4,610200,0.0131,0.0177,42347880.0,83671093.3
2019-07-05,69.06,69.89,68.78,69.66,727900,0.0087,0.0037,50705514.0,84030762.1
2019-07-08,69.38,69.44,68.34,68.61,1241100,-0.0111,-0.0151,85151871.0,84657399.3
2019-07-09,68.33,69.21,68.23,69.08,979600,0.011,0.0069,67670768.0,82848974.4
2019-07-10,69.5,70.16,69.28,69.34,663600,-0.0023,0.0038,46014024.0,81910747.8
2019-07-11,69.74,70.27,69.24,69.88,776600,0.002,0.0078,54268808.0,77724151.5
2019-07-12,69.85,70.81,69.7,70.5,554100,0.0093,0.0089,39064050.0,78164257.3
2019-07-15,70.56,70.85,69.97,70.83,966600,0.0038,0.0047,68464278.0,75032303.5
2019-07-16,70.8,71.08,70.25,70.55,754000,-0.0035,-0.004,53194700.0,60970231.3
2019-07-17,70.54,70.71,69.54,70.33,910200,-0.003,-0.0031,64014366.0,58840985.7
2019-07-18,70.02,70.81,69.64,70.59,976900,0.0081,0.0037,68959371.0,57089625.9
2019-07-19,70.76,70.8,69.91,70.29,1234200,-0.0066,-0.0042,86751918.0,59750775.0
2019-07-22,70.27,70.86,69.94,70.04,809400,-0.0033,-0.0036,56690376.0,63355415.4
2019-07-23,70.3,70.79,69.72,70.47,987500,0.0024,0.0061,69589125.0,60509265.9
2019-07-24,70.41,71.17,70.2,70.87,849000,0.0065,0.0057,60168630.0,60701101.6
2019-07-25,71.0,73.17,70.87,72.53,1717200,0.0215,0.0234,124548516.0,62116562.2
2019-07-26,73.72,73.72,72.15,73.54,1349400,-0.0024,0.0139,99234876.0,69144533.0
2019-07-29,73.11,73.32,70.81,71.2,1038000,-0.0261,-0.0318,73905600.0,75161615.6
2019-07-30,70.73,72.16,70.09,72.1,934200,0.0194,0.0126,67355820.0,75705747.8
2019-07-31,72.14,72.83,71.61,72.06,1097500,-0.0011,-0.0006,79085850.0,77121859.8
2019-08-01,72.17,72.5,70.41,71.25,1071000,-0.0127,-0.0112,76308750.0,78629008.2
2019-08-02,70.8,71.1,69.81,70.7,732600,-0.0014,-0.0077,51794820.0,79363946.1
2019-08-05,69.05,69.41,67.7,68.5,1232600,-0.008,-0.0311,84433100.0,75868236.3
2019-08-06,68.99,70.26,68.86,70.01,659800,0.0148,0.022,46192598.0,78642508.7
2019-08-07,68.88,70.9,68.53,70.8,954800,0.0279,0.0113,67599840.0,76302856.0
2019-08-08,71.61,72.41,71.5,72.3,1131200,0.0096,0.0212,81785760.0,77045977.0
2019-08-09,71.8,72.46,71.21,72.11,780300,0.0043,-0.0026,56267433.0,72769701.4
2019-08-12,72.03,72.05,70.33,70.63,752500,-0.0194,-0.0205,53149075.0,68472957.1
2019-08-13,70.26,71.69,70.26,71.36,687600,0.0157,0.0103,49067136.0,66397304.6
2019-08-14,70.46,71.04,68.92,69.06,771300,-0.0199,-0.0322,53265978.0,64568436.2
2019-08-15,69.07,69.52,68.4,69.41,981100,0.0049,0.0051,68098151.0,61986449.0
2019-08-16,69.94,70.42,69.7,70.35,509200,0.0059,0.0135,35822220.0,61165389.1
2019-08-19,71.38,72.15,68.4,71.47,662900,0.0013,0.0159,47377463.0,59568129.1
2019-08-20,71.17,71.84,70.62,71.45,510000,0.0039,-0.0003,36439500.0,55862565.4
2019-08-21,72.15,72.15,71.49,71.84,604500,-0.0043,0.0055,43427280.0,54887255.6
2019-08-22,71.9,72.25,71.01,71.45,631500,-0.0063,-0.0054,45120675.0,52469999.6
2019-08-23,71.1,72.12,70.48,70.72,653900,-0.0053,-0.0102,46243808.0,48803491.1
2019-08-26,71.53,71.93,70.79,71.7,480500,0.0024,0.0139,34451850.0,47801128.6
2019-08-27,72.15,72.3,70.24,70.31,801200,-0.0255,-0.0194,56332372.0,45931406.1
2019-08-28,69.93,70.06,68.27,69.2,927900,-0.0104,-0.0158,64210680.0,46657929.7
2019-08-29,69.5,70.18,68.73,68.86,861500,-0.0092,-0.0049,59322890.0,47752399.9
2019-08-30,69.22,69.67,68.42,69.51,825800,0.0042,0.0094,57401358.0,46874873.8
2019-09-03,69.16,69.47,68.28,68.46,793500,-0.0101,-0.0151,54323010.0,49032787.6
2019-09-04,69.09,70.5,68.01,70.5,1187700,0.0204,0.0298,83732850.0,49727342.3
2019-09-05,71.0,71.38,70.26,70.98,991400,-0.0003,0.0068,70369572.0,54456677.3
2019-09-06,71.24,71.66,70.8,71.37,660900,0.0018,0.0055,47168433.0,57150906.5
2019-09-09,71.76,71.85,69.24,69.33,858900,-0.0339,-0.0286,59547537.0,57355682.3
2019-09-10,68.65,68.69,66.56,68.65,1935800,0.0,-0.0098,132892670.0,58686055.2
2019-09-11,68.6,70.41,68.03,70.27,1625100,0.0243,0.0236,114195777.0,68530137.2
2019-09-12,70.68,72.34,70.6,70.63,1041400,-0.0007,0.0051,73554082.0,74316477.7
2019-09-13,70.54,71.46,70.13,70.29,566700,-0.0035,-0.0048,39833343.0,75250817.9
2019-09-16,69.79,70.26,68.51,69.23,912100,-0.008,-0.0151,63144683.0,73301863.2
2019-09-17,68.89,70.66,68.38,69.91,1631200,0.0148,0.0098,114037192.0,73876195.7
2019-09-18,69.74,69.74,66.67,68.06,2161500,-0.0241,-0.0265,147111690.0,79847613.9
2019-09-19,68.06,68.89,67.24,67.69,2042400,-0.0054,-0.0054,138250056.0,86185497.9
2019-09-20,68.0,68.07,67.09,67.39,2450300,-0.009,-0.0044,165125717.0,92973546.3
2019-09-23,67.39,68.51,67.37,68.2,1403500,0.012,0.012,95718700.0,104769274.7
2019-09-24,68.5,68.86,66.42,66.7,1268800,-0.0263,-0.022,84628960.0,108386391.0
2019-09-25,66.79,67.65,66.53,67.48,1938900,0.0103,0.0117,130836972.0,103560020.0
2019-09-26,67.62,67.96,66.24,67.31,1024800,-0.0046,-0.0025,68979288.0,105224139.5
2019-09-27,67.38,67.56,65.32,66.34,2201800,-0.0154,-0.0144,146067412.0,104766660.1
2019-09-30,66.6,66.93,65.58,66.34,1066400,-0.0039,0.0,70744976.0,115390067.0
2019-10-01,66.79,67.1,65.9,66.24,946100,-0.0082,-0.0015,62669664.0,116150096.3
2019-10-02,66.47,67.01,64.94,66.94,1215600,0.0071,0.0106,81372264.0,111013343.5
2019-10-03,67.02,68.47,66.24,68.4,1083700,0.0206,0.0218,74125080.0,104439400.9
2019-10-04,68.99,69.62,68.5,69.49,905500,0.0072,0.0159,62923195.0,98026903.3
2019-10-07,69.33,70.04,69.3,69.47,917700,0.002,-0.0003,63752619.0,87806651.1
2019-10-08,68.95,68.98,67.52,67.57,766300,-0.02,-0.0273,51778891.0,84610043.0
2019-10-09,68.05,68.44,67.4,68.2,471300,0.0022,0.0093,32142660.0,81325036.1
2019-10-10,68.04,68.53,67.53,67.61,730900,-0.0063,-0.0087,49416149.0,71455604.9
2019-10-11,68.48,68.86,68.07,68.14,589000,-0.005,0.0078,40134460.0,69499291.0
2019-10-14,68.12,68.15,67.1,67.75,665500,-0.0054,-0.0057,45087625.0,58905995.8
2019-10-15,67.97,68.2,67.72,67.93,577700,-0.0006,0.0027,39243161.0,56340260.7
2019-10-16,67.58,67.95,66.92,67.73,973800,0.0022,-0.0029,65955474.0,53997610.4
2019-10-17,68.0,68.71,67.47,68.5,687400,0.0074,0.0114,47086900.0,52455931.4
2019-10-18,68.31,68.31,65.56,67.01,1160500,-0.019,-0.0218,77765105.0,49752113.4
2019-10-21,67.43,67.92,67.19,67.71,739700,0.0042,0.0104,50085087.0,51236304.4
2019-10-22,67.86,68.0,67.12,67.28,716800,-0.0085,-0.0064,48226304.0,49869551.2
2019-10-23,67.35,67.75,66.69,67.18,589800,-0.0025,-0.0015,39622764.0,49514292.5
2019-10-24,67.25,67.9,66.52,67.85,930300,0.0089,0.01,63120855.0,50262302.9
2019-10-25,67.99,69.4,67.99,69.06,765900,0.0157,0.0178,52893054.0,51632773.5
2019-10-28,69.34,70.5,69.34,70.0,1186100,0.0095,0.0136,83027000.0,52908632.9
2019-10-29,69.92,70.56,69.61,70.0,681700,0.0011,0.0,47719000.0,56702570.4
2019-10-30,70.01,71.3,69.75,71.23,988200,0.0174,0.0176,70389486.0,57550154.3
2019-10-31,71.07,71.16,69.27,70.5,1564300,-0.008,-0.0102,110283150.0,57993555.5
2019-11-01,68.0,68.11,64.78,66.02,5321700,-0.0291,-0.0635,351338634.0,64313180.5
2019-11-04,66.16,66.34,62.02,62.17,3013200,-0.0603,-0.0583,187330644.0,91670533.4
2019-11-05,62.29,62.9,61.79,61.95,2004500,-0.0055,-0.0035,124178775.0,105395089.1
2019-11-06,61.75,61.94,61.01,61.37,2186000,-0.0062,-0.0094,134154820.0,112990336.2
2019-11-07,61.79,63.17,61.35,62.67,1315500,0.0142,0.0212,82442385.0,122443541.8
2019-11-08,63.1,63.62,62.42,63.16,1644600,0.001,0.0078,103872936.0,124375694.8
2019-11-11,63.33,64.97,63.16,64.47,1297500,0.018,0.0207,83649825.0,129473683.0
2019-11-12,64.79,65.22,64.41,64.74,1652600,-0.0008,0.0042,106989324.0,129535965.5
2019-11-13,64.63,65.2,64.07,64.61,1024000,-0.0003,-0.002,66160640.0,135462997.9
2019-11-14,64.45,65.23,63.82,64.97,1025600,0.0081,0.0056,66633232.0,135040113.3
2019-11-15,65.4,65.45,64.61,65.4,824100,0.0,0.0066,53896140.0,130675121.5
2019-11-18,65.39,67.23,65.39,66.88,1145100,0.0228,0.0226,76584288.0,100930872.1
2019-11-19,67.12,68.62,66.85,68.22,1540500,0.0164,0.02,105092910.0,89856236.5
2019-11-20,67.72,68.86,67.19,67.71,1013400,-0.0001,-0.0075,68617314.0,87947650.0
2019-11-21,67.67,67.94,66.16,66.16,1307600,-0.0223,-0.0229,86510816.0,81393899.4
2019-11-22,65.29,67.97,65.29,67.59,1576000,0.0352,0.0216,106521840.0,81800742.5
2019-11-25,67.98,69.4,67.97,69.03,1747100,0.0154,0.0213,120602313.0,82065632.9
2019-11-26,69.08,70.35,68.8,69.65,1306800,0.0083,0.009,91018620.0,85760881.7
2019-11-27,69.8,70.65,69.68,70.47,870000,0.0096,0.0118,61308900.0,84163811.3
2019-11-29,70.25,71.0,69.74,69.81,512700,-0.0063,-0.0094,35791587.0,83678637.3
2019-12-02,69.75,69.75,68.23,69.01,849700,-0.0106,-0.0115,58637797.0,80594472.8
2019-12-03,68.23,69.39,67.82,69.16,1457100,0.0136,0.0022,100773036.0,81068638.5
2019-12-04,68.92,69.95,68.92,69.48,1090300,0.0081,0.0046,75754044.0,83487513.3
2019-12-05,69.82,70.31,69.56,70.13,715300,0.0044,0.0094,50163989.0,80553626.7
2019-12-06,70.64,70.82,70.3,70.48,728600,-0.0023,0.005,51351728.0,78708294.2
2019-12-09,70.34,70.54,68.83,69.05,650000,-0.0183,-0.0203,44882500.0,75192385.4
2019-12-10,68.92,69.8,68.81,69.6,717800,0.0099,0.008,49958880.0,69028451.4
2019-12-11,69.58,69.58,68.84,69.44,725300,-0.002,-0.0023,50364832.0,61964108.1
2019-12-12,69.25,70.05,68.64,69.43,571000,0.0026,-0.0001,39644530.0,57898729.3
2019-12-13,69.23,74.02,63.74,64.34,4324400,-0.0706,-0.0733,278231896.0,55732292.3
2019-12-16,64.68,65.47,63.23,63.56,5895600,-0.0173,-0.0121,374724336.0,79976323.2
2019-12-17,64.06,65.0,62.91,62.91,4795600,-0.018,-0.0102,301691196.0,111584977.1
2019-12-18,63.03,64.53,63.03,63.95,2973000,0.0146,0.0165,190123350.0,131676793.1
2019-12-19,64.0,70.65,63.42,69.83,6889300,0.0911,0.0919,481079819.0,143113723.7
2019-12-20,70.54,71.84,69.98,71.55,27143600,0.0143,0.0246,1942124580.0,186205306.7
2019-12-23,71.91,72.39,70.24,70.44,3092300,-0.0204,-0.0155,217821612.0,375282591.9
2019-12-24,70.23,70.76,70.12,70.61,783800,0.0054,0.0024,55344118.0,392576503.1
2019-12-26,70.94,71.56,70.15,71.54,1147700,0.0085,0.0132,82106458.0,393115026.9
2019-12-27,71.78,71.92,71.23,71.65,1229900,-0.0018,0.0015,88122335.0,396289189.5
2019-12-30,71.51,71.92,70.78,71.21,1540300,-0.0042,-0.0061,109684763.0,401136970.0
2019-12-31,70.95,71.8,70.85,71.47,1056100,0.0073,0.0037,75479467.0,384282256.7
2020-01-02,72.0,72.46,71.13,71.89,1334800,-0.0015,0.0059,95958772.0,354357769.8
2020-01-03,70.72,72.1,70.72,71.64,687100,0.013,-0.0035,49223844.0,333784527.4
2020-01-06,71.22,71.79,71.05,71.74,914800,0.0073,0.0014,65627752.0,319694576.8
2020-01-07,71.64,71.9,70.87,70.91,890600,-0.0102,-0.0116,63152446.0,278149370.1
2020-01-08,71.17,72.25,70.93,71.69,1391700,0.0073,0.011,99770973.0,90252156.7
2020-01-09,72.21,72.45,71.73,71.98,1408400,-0.0032,0.004,101376632.0,78447092.8
2020-01-10,72.09,72.09,70.98,71.28,657600,-0.0112,-0.0097,46873728.0,83050344.2
2020-01-13,71.28,72.63,70.97,72.36,1798900,0.0152,0.0152,130168404.0,79527071.2
2020-01-14,72.17,72.89,71.6,72.54,1389800,0.0051,0.0025,100816092.0,83731678.1
2020-01-15,72.33,74.48,72.33,74.2,1931400,0.0259,0.0229,143309880.0,82844811.0
2020-01-16,74.21,74.69,73.64,74.66,1301500,0.0061,0.0062,97169990.0,89627852.3
2020-01-17,74.77,76.06,74.47,75.54,1231300,0.0103,0.0118,93012402.0,89748974.1
2020-01-21,75.2,75.38,74.06,74.91,1368000,-0.0039,-0.0083,102476880.0,94127829.9
2020-01-22,74.97,75.84,74.53,74.65,1278200,-0.0043,-0.0035,95417630.0,97812742.7
2020-01-23,74.47,74.74,73.87,74.35,891900,-0.0016,-0.004,66312765.0,101039261.1
2020-01-24,74.65,74.65,71.7,72.02,1319000,-0.0352,-0.0313,94994380.0,97693440.3
2020-01-27,70.6,71.56,70.07,70.9,1264300,0.0042,-0.0156,89638870.0,97055215.1
2020-01-28,71.25,72.31,70.79,72.01,942300,0.0107,0.0157,67855023.0,101331729.3
2020-01-29,71.51,71.93,70.23,70.57,2025300,-0.0131,-0.02,142925421.0,95100391.2
2020-01-30,70.71,70.75,69.18,70.65,1876200,-0.0008,0.0011,132553530.0,99311324.1
2020-01-31,70.41,70.53,68.01,68.16,1814700,-0.032,-0.0352,123689952.0,98235689.1
2020-02-03,68.6,69.58,68.29,68.6,1626700,0.0,0.0065,111591620.0,100887685.3
2020-02-04,69.83,71.36,69.07,70.99,2080800,0.0166,0.0348,147715992.0,102745607.1
2020-02-05,71.7,71.77,70.38,70.81,1170000,-0.0124,-0.0025,82847700.0,107269518.3
2020-02-06,71.18,72.4,70.7,72.25,1164300,0.015,0.0203,84120675.0,106012525.3
2020-02-07,72.1,72.74,71.62,72.19,953400,0.0012,-0.0008,68825946.0,107793316.3
2020-02-10,71.98,72.92,71.97,72.89,1323900,0.0126,0.0097,96499071.0,105176472.9
2020-02-11,73.01,74.03,72.97,73.11,833600,0.0014,0.003,60944496.0,105862493.0
2020-02-12,73.44,74.24,73.23,74.1,765900,0.009,0.0135,56753190.0,105171440.3
2020-02-13,73.52,74.13,73.12,73.15,853600,-0.005,-0.0128,62440840.0,96554217.2
2020-02-14,73.37,74.18,72.93,74.02,965900,0.0089,0.0119,71495918.0,89542948.2
2020-02-18,73.72,74.91,73.51,74.13,1827700,0.0056,0.0015,135487401.0,84323544.8
2020-02-19,74.57,76.6,74.56,76.08,1491600,0.0202,0.0263,113480928.0,86713122.9
2020-02-20,76.05,76.05,74.28,75.66,1306000,-0.0051,-0.0055,98811960.0,83289616.5
2020-02-21,75.49,75.77,73.74,74.19,1466000,-0.0172,-0.0194,108762540.0,84886042.5
2020-02-24,71.35,72.27,68.15,68.26,4126600,-0.0433,-0.0799,281681716.0,87350229.0
2020-02-25,68.42,69.49,62.42,62.79,5181000,-0.0823,-0.0801,325314990.0,108635806.0
2020-02-26,63.37,64.62,59.05,60.76,6644800,-0.0412,-0.0323,403738048.0,131517397.9
2020-02-27,59.0,60.75,56.53,57.75,7752100,-0.0212,-0.0495,447683775.0,165796753.1
2020-02-28,57.5,64.32,55.77,60.77,10008500,0.0569,0.0523,608216545.0,204889811.6
2020-03-02,61.1,61.1,55.32,57.96,5761600,-0.0514,-0.0462,333942336.0,259467382.1
2020-03-03,57.96,61.63,55.24,57.61,7189900,-0.006,-0.006,414210139.0,285712023.9
2020-03-04,58.1,59.84,55.57,59.77,3712600,0.0287,0.0375,221902102.0,313584297.7
2020-03-05,57.53,57.98,54.25,55.45,7273600,-0.0362,-0.0723,403321120.0,324426415.1
2020-03-06,52.96,56.44,50.87,53.0,7839700,0.0008,-0.0442,415504100.0,354877331.1
2020-03-09,48.29,50.23,46.01,47.26,7105200,-0.0213,-0.1083,335791752.0,385551487.1
2020-03-10,49.19,50.73,44.59,50.36,7168400,0.0238,0.0656,361000624.0,390962490.7
2020-03-11,48.02,48.34,40.9,42.01,9184500,-0.1252,-0.1658,385840845.0,394531054.1
2020-03-12,37.14,42.13,31.8,36.2,15789800,-0.0253,-0.1383,571590760.0,392741333.8
2020-03-13,42.08,43.63,37.77,42.85,9856000,0.0183,0.1837,422329600.0,405132032.3
2020-03-16,35.0,39.23,34.85,36.31,9548800,0.0374,-0.1526,346716928.0,386543337.8
2020-03-17,37.0,37.5,32.11,33.92,7113900,-0.0832,-0.0658,241303488.0,387820797.0
2020-03-18,31.75,32.3,21.7,29.5,14709300,-0.0709,-0.1303,433924350.0,370530131.9
2020-03-19,29.03,37.33,27.51,32.92,10497700,0.134,0.1159,345584284.0,391732356.7
2020-03-20,34.5,36.92,32.31,33.97,7341400,-0.0154,0.0319,249387358.0,385958673.1
2020-03-23,33.57,39.31,33.0,37.33,6333400,0.112,0.0989,236425822.0,369346998.9
2020-03-24,41.24,43.49,40.53,42.94,6404900,0.0412,0.1503,275026406.0,359410405.9
2020-03-25,44.02,46.64,40.58,45.9,7807500,0.0427,0.0689,358364250.0,350812984.1
2020-03-26,46.0,46.77,43.62,45.94,7112100,-0.0013,0.0009,326729874.0,348065324.6
2020-03-27,43.85,48.65,42.74,47.15,12341800,0.0753,0.0263,581915870.0,323579236.0
2020-03-30,44.98,46.42,44.11,45.23,9283300,0.0056,-0.0407,419883659.0,339537863.0
2020-03-31,44.43,47.62,43.27,45.46,7536600,0.0232,0.0051,342613836.0,346854536.1
2020-04-01,42.29,43.57,37.76,38.88,11750100,-0.0806,-0.1447,456843888.0,356985570.9
2020-04-02,37.95,38.77,33.33,33.95,6116000,-0.1054,-0.1268,207638200.0,359277524.7
2020-04-03,33.7,34.1,28.5,33.57,10848800,-0.0039,-0.0112,364194216.0,345482916.3
2020-04-06,36.81,38.16,33.05,34.51,7803800,-0.0625,0.028,269309138.0,356963602.1
2020-04-07,37.17,39.81,35.96,37.85,8619800,0.0183,0.0968,326259430.0,360251933.7
2020-04-08,38.14,39.45,36.72,37.76,5020100,-0.01,-0.0024,189558976.0,365375236.1
2020-04-09,40.84,40.88,37.86,38.27,6288300,-0.0629,0.0135,240653241.0,348494708.7
2020-04-13,38.55,40.02,36.14,39.41,6211300,0.0223,0.0298,244787333.0,339887045.4
2020-04-14,39.67,42.42,39.67,41.96,6017900,0.0577,0.0647,252511084.0,306174191.7
2020-04-15,39.35,40.63,37.99,38.47,4396600,-0.0224,-0.0832,169137202.0,289436934.2
2020-04-16,37.75,37.97,35.8,36.4,7796100,-0.0358,-0.0538,283778040.0,272089270.8
2020-04-17,40.86,40.87,37.02,38.35,7748200,-0.0614,0.0536,297143470.0,254782686.0
2020-04-20,37.16,38.67,36.17,36.66,3326200,-0.0135,-0.0441,121938492.0,263733213.0
2020-04-21,36.0,37.44,35.25,36.47,3746200,0.0131,-0.0052,136623914.0,239507640.6
2020-04-22,37.23,37.48,36.11,36.35,2811100,-0.0236,-0.0033,102183485.0,226239118.2
2020-04-23,36.51,41.45,36.47,39.45,9664300,0.0805,0.0853,381256635.0,203831523.7
2020-04-24,39.44,40.12,37.86,38.24,5685700,-0.0304,-0.0307,217421168.0,223001289.6
2020-04-27,39.45,43.11,38.65,42.01,8553700,0.0649,0.0986,359340937.0,220678082.3
2020-04-28,44.13,44.56,42.11,43.64,6480200,-0.0111,0.0388,282795928.0,232133442.7
2020-04-29,46.3,47.56,45.54,46.53,6985000,0.005,0.0662,325012050.0,235161927.1
2020-04-30,45.48,46.13,44.05,44.87,3126600,-0.0134,-0.0357,140290542.0,250749411.9
2020-05-01,43.5,44.11,40.44,41.17,3400300,-0.0536,-0.0825,139990351.0,236400662.1
2020-05-04,39.57,42.0,38.54,41.83,3282000,0.0571,0.016,137286060.0,220685350.2
2020-05-05,42.19,42.44,39.75,40.25,3305700,-0.046,-0.0378,133054425.0,222220107.0
2020-05-06,40.68,40.69,38.21,38.49,5069600,-0.0538,-0.0437,195128904.0,221863158.1
2020-05-07,39.3,40.61,38.66,39.37,12349700,0.0018,0.0229,486207689.0,231157700.0
2020-05-08,41.07,42.45,39.37,41.96,10711300,0.0217,0.0658,449446148.0,241652805.4
2020-05-11,41.0,42.04,39.34,40.59,3494600,-0.01,-0.0327,141845814.0,264855303.4
2020-05-12,40.77,41.34,38.01,38.16,6862500,-0.064,-0.0599,261873000.0,243105791.1
2020-05-13,38.0,38.56,36.47,37.45,4974400,-0.0145,-0.0186,186291280.0,241013498.3
2020-05-14,36.49,39.29,36.01,39.19,5668700,0.074,0.0465,222156353.0,227141421.3
2020-05-15,38.9,40.08,38.59,40.06,3000700,0.0298,0.0222,120208042.0,235328002.4
2020-05-18,43.88,47.41,43.8,46.15,9009900,0.0517,0.152,415806885.0,233349771.5
2020-05-19,46.12,47.4,44.77,44.87,3142100,-0.0271,-0.0277,140986027.0,261201854.0
2020-05-20,45.62,47.86,45.4,47.73,3922200,0.0463,0.0637,187206606.0,261995014.2
2020-05-21,47.41,48.43,44.69,45.53,3352000,-0.0397,-0.0461,152616560.0,261202784.4
2020-05-22,45.74,46.53,45.17,46.49,1860500,0.0164,0.0211,86494645.0,227843671.5
2020-05-26,50.15,51.13,49.06,49.69,5416300,-0.0092,0.0688,269135947.0,191548521.2
2020-05-27,51.14,52.16,49.23,51.7,4472300,0.011,0.0405,231217910.0,204277534.5
2020-05-28,52.22,52.36,48.47,49.01,4001800,-0.0615,-0.052,196128218.0,201212025.5
2020-05-29,48.33,49.6,47.7,49.16,3663500,0.0172,0.0031,180097660.0,202195719.3
2020-06-01,48.89,51.03,48.58,50.66,2703200,0.0362,0.0305,136944112.0,197989850.0
2020-06-02,51.86,52.82,49.97,50.53,4273700,-0.0256,-0.0026,215950061.0,199663457.0
2020-06-03,51.38,56.12,51.38,53.91,5729200,0.0492,0.0669,308861172.0,179677774.6
2020-06-04,54.15,55.89,52.61,53.47,3834800,-0.0126,-0.0082,205046756.0,196465289.1
2020-06-05,55.5,58.34,55.24,56.96,6009700,0.0263,0.0653,342312512.0,198249304.1
2020-06-08,58.27,59.7,56.03,57.09,4609000,-0.0203,0.0023,263127810.0,217218899.3
2020-06-09,55.81,55.89,53.33,53.42,3062500,-0.0428,-0.0643,163598750.0,234882215.8
2020-06-10,54.04,54.04,50.61,52.48,3367200,-0.0289,-0.0176,176710656.0,224328496.1
2020-06-11,48.11,49.17,47.0,47.74,5178900,-0.0077,-0.0903,247240686.0,218877770.7
2020-06-12,50.0,51.09,48.0,49.12,2713700,-0.0176,0.0289,133296944.0,223989017.5
2020-06-15,47.01,49.74,46.48,49.4,2240500,0.0508,0.0057,110680700.0,219308945.9
2020-06-16,50.86,51.44,48.11,49.2,2945100,-0.0326,-0.004,144898920.0,216682604.7
2020-06-17,50.0,50.0,47.94,48.0,2163700,-0.04,-0.0244,103857600.0,209577490.6
2020-06-18,48.0,48.57,47.55,48.32,2670800,0.0067,0.0067,129053056.0,189077133.4
2020-06-19,49.28,49.82,45.87,46.51,4052600,-0.0562,-0.0375,188486426.0,181477763.4
2020-06-22,46.55,46.61,44.66,45.78,4073200,-0.0165,-0.0157,186471096.0,166095154.8
2020-06-23,46.5,47.59,45.7,46.88,2642300,0.0082,0.024,123871024.0,158429483.4
2020-06-24,45.88,46.25,42.82,44.18,5341000,-0.0371,-0.0576,235965380.0,154456710.8
2020-06-25,43.42,44.58,43.16,44.17,2770500,0.0173,-0.0002,122372985.0,160382183.2
2020-06-26,44.0,44.34,42.37,42.62,3732000,-0.0314,-0.0351,159057840.0,147895413.1
2020-06-29,42.78,44.99,42.21,44.29,3925400,0.0353,0.0392,173855966.0,150471502.7
2020-06-30,44.31,44.69,43.27,44.33,2100400,0.0005,0.0009,93110732.0,156789029.3
2020-07-01,44.86,47.95,44.8,46.02,3014300,0.0259,0.0381,138718086.0,151610210.5
2020-07-02,46.9,47.36,45.12,45.36,1748800,-0.0328,-0.0143,79325568.0,155096259.1
2020-07-06,46.79,46.79,44.59,45.46,2922800,-0.0284,0.0022,132870488.0,150123510.3
2020-07-07,45.13,45.39,44.29,45.04,2373400,-0.002,-0.0092,106897936.0,144561916.5
2020-07-08,44.92,46.41,44.7,46.06,3223200,0.0254,0.0226,148460592.0,136604600.5
2020-07-09,46.15,46.24,43.46,45.05,3081700,-0.0238,-0.0219,138830585.0,139063557.3
2020-07-10,44.9,46.84,44.68,46.44,3386400,0.0343,0.0309,157264416.0,129350077.8
2020-07-13,46.86,47.23,45.27,45.66,3059200,-0.0256,-0.0168,139683072.0,132839220.9
2020-07-14,45.65,47.2,44.92,46.41,2541800,0.0166,0.0164,117964938.0,130901744.1
2020-07-15,48.73,52.09,48.43,51.84,5627200,0.0638,0.117,291714048.0,125312641.3
2020-07-16,50.7,51.78,49.86,50.85,3358700,0.003,-0.0191,170789895.0,145172972.9
2020-07-17,50.85,51.26,49.96,51.04,2161000,0.0037,0.0037,110297440.0,148380153.8
2020-07-20,50.61,51.77,48.6,49.21,2487900,-0.0277,-0.0359,122429559.0,151477341.0
2020-07-21,49.52,50.46,48.98,49.18,1764600,-0.0069,-0.0006,86783028.0,150433248.1
2020-07-22,48.79,49.79,48.51,48.99,1614300,0.0041,-0.0039,79084557.0,148421757.3
2020-07-23,48.56,48.98,47.32,48.0,2054400,-0.0115,-0.0202,98611200.0,141484153.8
2020-07-24,47.94,48.6,47.16,47.92,1142400,-0.0004,-0.0017,54743808.0,137462215.3
2020-07-27,47.85,47.88,46.5,47.34,1896900,-0.0107,-0.0121,89799246.0,127210154.5
2020-07-28,47.08,47.87,46.74,47.29,1786700,0.0045,-0.0011,84493043.0,122221771.9
2020-07-29,47.19,47.67,46.28,46.94,1447900,-0.0053,-0.0074,67964426.0,118874582.4
2020-07-30,46.31,46.63,45.82,46.47,1540100,0.0035,-0.01,71568447.0,96499620.2
2020-07-31,46.66,47.29,45.42,46.81,1606500,0.0032,0.0073,75200265.0,86577475.4
2020-08-03,46.68,47.04,44.95,46.67,1661900,-0.0002,-0.003,77560873.0,83067757.9
2020-08-04,46.62,48.99,46.44,47.76,1965200,0.0245,0.0234,93857952.0,78580889.3
2020-08-05,48.5,48.6,47.04,47.64,2078300,-0.0177,-0.0025,99010212.0,79288381.7
2020-08-06,47.11,47.5,45.57,47.47,4398200,0.0076,-0.0036,208782554.0,81280947.2
2020-08-07,47.11,47.98,46.44,47.65,2237300,0.0115,0.0038,106607345.0,92298082.6
2020-08-10,48.01,52.09,48.01,50.8,3381000,0.0581,0.0661,171754800.0,97484436.3
2020-08-11,52.14,53.05,51.3,51.69,3263300,-0.0086,0.0175,168679977.0,105679991.7
2020-08-12,52.41,52.5,50.75,51.35,1181100,-0.0202,-0.0066,60649485.0,114098685.1
2020-08-13,50.98,52.02,50.88,51.3,1302000,0.0063,-0.001,66792600.0,113367191.0
2020-08-14,50.62,51.94,50.6,51.48,1120900,0.017,0.0035,57703932.0,112889606.3
2020-08-17,51.66,51.66,49.65,50.89,2395900,-0.0149,-0.0115,121927351.0,111139973.0
2020-08-18,50.8,51.02,49.8,50.32,1195300,-0.0094,-0.0112,60147496.0,115576620.8
2020-08-19,50.62,52.0,50.44,51.56,1774600,0.0186,0.0246,91498376.0,112205575.2
2020-08-20,50.75,51.76,50.5,51.55,1501000,0.0158,-0.0002,77376550.0,111454391.6
2020-08-21,51.48,52.64,51.02,51.12,1524900,-0.007,-0.0083,77952888.0,98313791.2
2020-08-24,51.39,54.12,51.11,54.09,2363700,0.0525,0.0581,127852533.0,95448345.5
2020-08-25,54.16,54.72,52.97,53.68,2291300,-0.0089,-0.0076,122996984.0,91058118.8
2020-08-26,53.46,53.74,52.18,52.64,1889900,-0.0153,-0.0194,99484336.0,86489819.5
2020-08-27,53.37,58.5,53.02,57.26,6403100,0.0729,0.0878,366641506.0,90373304.6
2020-08-28,57.41,59.03,57.02,58.71,3098100,0.0226,0.0253,181889451.0,120358195.2
2020-08-31,58.73,58.73,56.66,56.8,2263600,-0.0329,-0.0325,128572480.0,132776747.1
2020-09-01,56.11,58.0,55.85,57.2,1845700,0.0194,0.007,105574040.0,133441260.0
2020-09-02,56.66,57.94,56.45,57.9,1779000,0.0219,0.0122,103004100.0,137983914.4
2020-09-03,58.0,59.48,55.38,56.1,2563200,-0.0328,-0.0311,143795520.0,139134486.8
2020-09-04,56.99,58.3,56.03,57.58,3629900,0.0104,0.0264,209009642.0,145776383.8
2020-09-08,56.03,58.53,55.67,57.81,2403600,0.0318,0.004,138952116.0,158882059.2
2020-09-09,58.0,58.13,56.05,57.24,2774300,-0.0131,-0.0099,158800932.0,159992017.5
2020-09-10,57.53,59.31,56.74,56.93,2619500,-0.0104,-0.0054,149128135.0,163572412.3
2020-09-11,56.99,57.43,56.37,57.14,1304000,0.0026,0.0037,74510560.0,168536792.2
2020-09-14,57.7,58.87,57.0,58.66,1498700,0.0166,0.0266,87913742.0,139323697.6
2020-09-15,58.66,59.06,57.83,58.85,2074600,0.0032,0.0032,122090210.0,129926126.7
2020-09-16,58.92,60.67,58.69,59.97,2756800,0.0178,0.019,165325296.0,129277899.7
2020-09-17,59.39,60.24,57.91,58.56,1534700,-0.014,-0.0235,89872032.0,135253025.3
2020-09-18,58.42,58.76,56.51,56.99,2911400,-0.0245,-0.0268,165920686.0,133939818.5
2020-09-21,55.5,55.76,52.51,53.16,4599200,-0.0422,-0.0672,244493472.0,136152335.1
2020-09-22,53.54,54.08,52.28,53.11,2077300,-0.008,-0.0009,110325403.0,139700718.1
2020-09-23,53.63,54.14,51.3,51.34,2379800,-0.0427,-0.0333,122178932.0,136838046.8
2020-09-24,50.78,52.18,50.12,50.91,2202000,0.0026,-0.0084,112103820.0,133175846.8
2020-09-25,50.79,53.58,50.78,53.24,1743900,0.0482,0.0458,92845236.0,129473415.3
2020-09-28,54.19,55.09,53.3,54.41,1531700,0.0041,0.022,83339797.0,131306882.9
2020-09-29,54.17,54.32,53.0,53.29,1456300,-0.0162,-0.0206,77606227.0,130849488.4
2020-09-30,53.62,55.5,53.45,53.88,1611800,0.0048,0.0111,86843784.0,126401090.1
2020-10-01,54.37,54.58,52.93,53.74,1286000,-0.0116,-0.0026,69109640.0,118552938.9
2020-10-02,52.24,55.25,52.12,54.73,1358900,0.0477,0.0184,74372597.0,116476699.7
2020-10-05,55.28,55.52,53.93,54.56,1814600,-0.013,-0.0031,99004576.0,107321890.8
2020-10-06,55.01,56.68,53.8,54.21,1942800,-0.0145,-0.0064,105319188.0,92773001.2
2020-10-07,55.23,55.97,54.43,54.82,1174600,-0.0074,0.0113,64391572.0,92272379.7
2020-10-08,55.25,56.38,54.64,56.27,1525300,0.0185,0.0265,85828631.0,86493643.7
2020-10-09,56.95,57.98,56.76,56.83,1584200,-0.0021,0.01,90030086.0,83866124.8
2020-10-12,56.13,56.37,54.69,55.84,1142900,-0.0052,-0.0174,63819536.0,83584609.8
2020-10-13,55.84,55.84,54.62,54.69,1122000,-0.0206,-0.0206,61362180.0,81632583.7
2020-10-14,54.5,55.42,54.15,54.36,975100,-0.0026,-0.006,53006436.0,80008179.0
2020-10-15,53.67,54.6,52.5,54.37,1574900,0.013,0.0002,85627313.0,76624444.2
2020-10-16,54.67,55.54,54.19,54.6,1201700,-0.0013,0.0042,65612820.0,78276211.5
2020-10-19,55.17,55.95,53.76,53.97,1537000,-0.0218,-0.0115,82951890.0,77400233.8
2020-10-20,54.59,56.41,54.26,55.64,1991600,0.0192,0.0309,110812624.0,75794965.2
2020-10-21,55.07,55.69,54.25,55.29,1195400,0.004,-0.0063,66093666.0,76344308.8
2020-10-22,55.81,57.09,55.6,56.83,1569200,0.0183,0.0279,89177636.0,76514518.2
2020-10-23,57.19,57.74,56.01,57.16,1596000,-0.0005,0.0058,91227360.0,76849418.7
2020-10-26,55.95,56.43,52.91,54.53,1958600,-0.0254,-0.046,106802458.0,76969146.1
2020-10-27,53.77,53.91,51.82,51.85,2242100,-0.0357,-0.0491,116252885.0,81267438.3
2020-10-28,50.66,50.66,48.91,49.4,3433500,-0.0249,-0.0473,169614900.0,86756508.8
2020-10-29,49.07,50.0,48.53,49.67,2133200,0.0122,0.0055,105956044.0,98417355.2
2020-10-30,49.41,49.95,47.97,48.8,1978000,-0.0123,-0.0175,96526400.0,100450228.3
2020-11-02,49.39,50.48,48.57,50.23,1709500,0.017,0.0293,85868185.0,103541586.3
2020-11-03,51.11,53.97,50.88,53.34,2917400,0.0436,0.0619,155614116.0,103833215.8
2020-11-04,53.0,55.99,52.45,54.73,2763900,0.0326,0.0261,151268247.0,108313365.0
2020-11-05,55.33,56.76,54.88,56.43,1975600,0.0199,0.0311,111483108.0,116830823.1
2020-11-06,55.99,56.55,53.15,56.04,2995800,0.0009,-0.0069,167884632.0,119061370.3
2020-11-09,67.4,72.72,64.17,64.36,14776500,-0.0451,0.1485,951015540.0,126727097.5
2020-11-10,62.75,65.51,62.49,65.26,5791100,0.04,0.014,377927186.0,211148405.7
2020-11-11,65.31,65.61,62.71,63.69,3643100,-0.0248,-0.0241,232029039.0,237315835.8
2020-11-12,62.87,63.36,61.5,62.24,3106900,-0.01,-0.0228,193373456.0,243557249.7
2020-11-13,62.83,66.45,62.75,66.08,4079400,0.0517,0.0617,269566752.0,252298990.9
2020-11-16,68.86,69.54,66.16,68.32,5280500,-0.0078,0.0339,360763760.0,269603026.1
2020-11-17,66.93,69.05,66.81,68.78,3470600,0.0276,0.0067,238707868.0,297092583.6
2020-11-18,69.4,71.02,67.01,67.09,4362900,-0.0333,-0.0246,292706961.0,305401958.8
2020-11-19,66.85,68.46,66.49,66.91,1589900,0.0009,-0.0027,106380209.0,319545830.2
2020-11-20,66.66,67.03,65.0,66.31,2082500,-0.0053,-0.009,138090575.0,319035540.3
2020-11-23,67.26,68.86,66.75,68.3,2105900,0.0155,0.03,143832970.0,316056134.6
2020-11-24,69.8,70.53,68.83,69.31,2555000,-0.007,0.0148,177087050.0,235337877.6
2020-11-25,69.09,69.09,67.23,68.29,1219200,-0.0116,-0.0147,83259168.0,215253864.0
2020-11-27,68.43,68.81,67.04,67.23,808800,-0.0175,-0.0155,54375624.0,200376876.9
2020-11-30,66.74,67.25,64.92,65.65,2262300,-0.0163,-0.0235,148519995.0,186477093.7
2020-12-01,66.56,69.33,66.25,68.11,2794400,0.0233,0.0375,190326584.0,174372418.0
2020-12-02,67.65,70.39,66.87,69.9,2646500,0.0333,0.0263,184990350.0,157328700.4
2020-12-03,70.44,70.83,68.71,69.22,1891200,-0.0173,-0.0097,130908864.0,151956948.6
2020-12-04,69.62,70.22,69.51,70.0,2250400,0.0055,0.0113,157528000.0,135777138.9
2020-12-07,69.5,70.13,68.5,69.93,2155100,0.0062,-0.001,150706143.0,140891918.0
2020-12-08,69.6,70.61,68.95,69.89,2525700,0.0042,-0.0006,176521173.0,142153474.8
2020-12-09,71.11,71.35,68.61,70.26,1985300,-0.012,0.0053,139487178.0,145422295.1
2020-12-10,69.54,72.43,69.4,72.33,2295100,0.0401,0.0295,166004583.0,141662307.9
2020-12-11,71.24,71.96,69.68,70.93,2605400,-0.0044,-0.0194,184801022.0,149936849.4
2020-12-14,71.9,74.25,70.27,70.35,2534700,-0.0216,-0.0082,178316145.0,162979389.2
2020-12-15,70.47,73.72,70.38,73.17,3226900,0.0383,0.0401,236112273.0,165959004.2
2020-12-16,73.05,73.63,72.18,72.98,1717000,-0.001,-0.0026,125306660.0,170537573.1
2020-12-17,73.24,74.29,72.51,73.98,1799900,0.0101,0.0137,133156602.0,164569204.1
2020-12-18,74.12,74.45,73.11,73.43,4166300,-0.0093,-0.0074,305931409.0,164793977.9
2020-12-21,70.9,73.08,70.32,72.18,2453200,0.0181,-0.017,177071976.0,179634318.8
2020-12-22,72.39,72.63,71.26,72.01,1847500,-0.0052,-0.0024,133038475.0,182270902.1
2020-12-23,72.02,73.06,71.58,71.63,1845500,-0.0054,-0.0053,132193165.0,177922632.3
2020-12-24,71.93,72.04,71.35,71.64,381800,-0.004,0.0001,27352152.0,177193231.0
2020-12-28,71.78,75.57,71.73,74.68,2305000,0.0404,0.0424,172137400.0,163327987.9
2020-12-29,75.0,75.34,74.18,74.51,1921700,-0.0065,-0.0023,143185867.0,162061625.7
2020-12-30,74.25,75.09,74.25,74.57,1233000,0.0043,0.0008,91944810.0,158548597.9
2020-12-31,74.37,74.85,73.15,73.48,1117500,-0.012,-0.0146,82113900.0,144131851.6
2021-01-04,73.37,73.79,69.95,70.67,2355000,-0.0368,-0.0382,166427850.0,139812575.6
2021-01-05,70.25,73.11,70.25,72.0,1642000,0.0249,0.0188,118224000.0,143139700.4
2021-01-06,72.72,74.49,71.72,72.62,2630700,-0.0014,0.0086,191041434.0,124368959.5
2021-01-07,72.91,74.49,72.19,73.01,1355300,0.0014,0.0054,98950453.0,125765905.3
2021-01-08,73.21,74.06,72.65,73.46,2259300,0.0034,0.0062,165968178.0,122357103.1
2021-01-11,72.48,74.0,71.53,72.24,2328200,-0.0033,-0.0166,168189168.0,125734604.4
2021-01-12,72.4,73.59,71.72,73.37,1864200,0.0134,0.0156,136776354.0,139818306.0
2021-01-13,73.46,74.42,73.05,73.32,2163200,-0.0019,-0.0007,158605824.0,136282201.4
2021-01-14,73.82,75.16,73.25,73.33,2119200,-0.0066,0.0001,155400936.0,137824197.1
2021-01-15,72.89,72.93,70.83,71.57,1738700,-0.0181,-0.024,124438759.0,144169809.7
2021-01-19,70.87,78.0,70.38,76.54,6217700,0.08,0.0694,475902758.0,148402295.6
2021-01-20,76.53,77.05,73.67,73.73,3201000,-0.0366,-0.0367,236009730.0,179349786.4
2021-01-21,73.75,74.74,73.05,74.59,1725600,0.0114,0.0117,128712504.0,191128359.4
2021-01-22,73.5,74.34,72.02,72.28,2667800,-0.0166,-0.031,192828584.0,184895466.4
2021-01-25,71.69,71.99,68.38,69.21,3563600,-0.0346,-0.0425,246636756.0,194283279.5
2021-01-26,69.87,70.2,67.53,68.7,2501000,-0.0167,-0.0074,171818700.0,202350137.3
2021-01-27,67.6,70.02,66.36,68.52,2795700,0.0136,-0.0026,191561364.0,202713090.5
2021-01-28,70.0,70.56,68.04,69.18,2215300,-0.0117,0.0096,153254454.0,208191591.5
2021-01-29,68.62,68.89,65.88,66.45,2924600,-0.0316,-0.0395,194339670.0,207656454.5
2021-02-01,67.39,68.19,66.25,67.56,2350800,0.0025,0.0167,158820048.0,211550327.9
2021-02-02,68.9,71.94,68.63,70.38,3246300,0.0215,0.0417,228474594.0,214988456.8
2021-02-03,70.86,71.91,70.61,71.44,1121600,0.0082,0.0151,80127104.0,190245640.4
2021-02-04,72.2,75.71,71.88,75.02,2816200,0.0391,0.0501,211271324.0,174657377.8
2021-02-05,75.16,75.43,73.66,74.34,2043200,-0.0109,-0.0091,151891488.0,182913259.8
2021-02-08,75.0,76.76,74.32,76.39,1435800,0.0185,0.0276,109680762.0,178819550.2
2021-02-09,76.32,78.33,75.32,77.52,1834000,0.0157,0.0148,142171680.0,165123950.8
2021-02-10,77.82,80.81,76.7,79.63,2910600,0.0233,0.0272,231771078.0,162159248.8
2021-02-11,80.17,83.08,79.37,81.04,3470200,0.0109,0.0177,281225008.0,166180220.2
2021-02-12,81.03,84.21,80.87,84.17,4125700,0.0388,0.0386,347260169.0,178977275.6
2021-02-16,85.01,86.72,83.81,85.01,3511700,0.0,0.01,298529617.0,194269325.5
2021-02-17,84.59,85.48,83.15,84.86,2171100,0.0032,-0.0018,184239546.0,208240282.4
2021-02-18,84.79,84.79,83.35,84.45,1748100,-0.004,-0.0048,147627045.0,203816777.6
2021-02-19,84.85,88.69,84.75,88.09,2418800,0.0382,0.0431,213072092.0,210566771.7
2021-02-22,87.89,91.38,87.2,88.85,3669800,0.0109,0.0086,326061730.0,210746848.5
2021-02-23,89.24,90.46,86.18,90.33,4952900,0.0122,0.0167,447395457.0,228163872.7
2021-02-24,89.89,92.87,89.42,90.49,2753200,0.0067,0.0018,249137068.0,261935342.2
2021-02-25,91.07,91.18,85.66,87.22,3255300,-0.0423,-0.0361,283927266.0,272631881.0
2021-02-26,88.82,91.03,85.25,88.86,2507000,0.0005,0.0188,222772020.0,277847499.8
2021-03-01,91.1,94.25,90.79,92.86,2195400,0.0193,0.045,203864844.0,272002201.0
2021-03-02,92.09,92.79,89.84,90.57,1900600,-0.0165,-0.0247,172137342.0,257662668.5
2021-03-03,89.15,94.63,88.81,91.75,2723900,0.0292,0.013,249917825.0,245023441.0
2021-03-04,91.8,93.73,88.71,91.14,3187100,-0.0072,-0.0066,290472294.0,251591268.9
2021-03-05,91.79,91.97,86.4,89.81,2920100,-0.0216,-0.0146,262254181.0,265875793.8
2021-03-08,91.5,91.83,88.76,89.4,1680100,-0.023,-0.0046,150200940.0,270794002.7
2021-03-09,90.14,90.34,87.24,87.26,2057700,-0.032,-0.0239,179554902.0,253207923.7
2021-03-10,88.03,89.38,87.49,88.17,1934000,0.0016,0.0104,170520780.0,226423868.2
2021-03-11,89.3,89.3,87.79,88.78,1177700,-0.0058,0.0069,104556206.0,218562239.4
2021-03-12,88.32,89.05,86.76,87.88,2036300,-0.005,-0.0101,178950044.0,200625133.4
2021-03-15,88.02,90.36,87.75,90.16,2123500,0.0243,0.0259,191454760.0,196242935.8
2021-03-16,90.22,90.23,86.27,88.01,1828100,-0.0245,-0.0238,160891081.0,195001927.4
2021-03-17,87.13,87.74,85.67,86.69,1711800,-0.005,-0.015,148395942.0,193877301.3
2021-03-18,86.36,89.94,84.76,87.89,4213900,0.0177,0.0138,370359671.0,183725113.0
2021-03-19,87.46,87.76,84.37,84.68,2781300,-0.0318,-0.0365,235520484.0,191713850.7
2021-03-22,84.68,85.94,83.66,84.28,1927400,-0.0047,-0.0047,162441272.0,189040481.0
2021-03-23,83.83,83.83,81.13,81.64,2014000,-0.0261,-0.0313,164422960.0,190264514.2
2021-03-24,82.16,83.9,81.53,81.55,1526700,-0.0074,-0.0011,124502385.0,188751320.0
2021-03-25,80.39,84.31,79.15,83.82,2207200,0.0427,0.0278,185007504.0,184149480.5
2021-03-26,84.14,86.35,82.46,84.04,3212800,-0.0012,0.0026,270003712.0,192194610.3
2021-03-29,83.41,83.95,81.42,81.75,1553600,-0.0199,-0.0272,127006800.0,201299977.1
2021-03-30,81.92,84.06,80.82,83.49,1342500,0.0192,0.0213,112085325.0,194855181.1
2021-03-31,84.02,85.22,83.68,84.65,1976000,0.0075,0.0139,167268400.0,189974605.5
2021-04-01,85.5,88.15,84.97,88.07,2002400,0.0301,0.0404,176351368.0,191861851.3
2021-04-05,89.27,89.44,87.1,87.55,1653200,-0.0193,-0.0059,144737660.0,172461021.0
2021-04-06,87.62,89.4,87.48,88.93,1807800,0.015,0.0158,160767654.0,163382738.6
2021-04-07,88.88,88.88,86.58,86.68,1283300,-0.0248,-0.0253,111236444.0,163215376.8
2021-04-08,86.66,87.11,85.78,87.0,1288200,0.0039,0.0037,112073400.0,157896725.2
2021-04-09,87.18,87.36,85.14,86.0,1452600,-0.0135,-0.0115,124923600.0,156653826.7
2021-04-12,85.76,85.98,84.03,84.88,1333600,-0.0103,-0.013,113195968.0,150645436.3
2021-04-13,84.1,84.12,81.92,82.67,3035400,-0.017,-0.026,250936518.0,134964661.9
2021-04-14,83.05,84.65,81.75,82.05,2379200,-0.012,-0.0075,195213360.0,147357633.7
2021-04-15,82.59,83.03,80.18,80.25,2332300,-0.0283,-0.0219,187167075.0,155670437.2
2021-04-16,80.63,81.72,80.51,80.99,1905500,0.0045,0.0092,154326445.0,157660304.7
2021-04-19,80.98,82.44,80.44,81.58,2980900,0.0074,0.0073,243181822.0,155457812.4
2021-04-20,80.99,81.31,77.73,78.45,2466800,-0.0314,-0.0384,193520460.0,165302228.6
2021-04-21,78.07,81.33,77.44,81.28,2571200,0.0411,0.0361,208987136.0,168577509.2
2021-04-22,81.52,81.89,79.9,80.98,3544900,-0.0066,-0.0037,287066002.0,178352578.4
2021-04-23,81.79,82.17,81.14,81.78,1315100,-0.0001,0.0099,107548878.0,195851838.6
2021-04-26,82.41,83.29,82.05,82.62,1027000,0.0025,0.0103,84850740.0,194114366.4
2021-04-27,83.03,83.37,82.06,82.28,923000,-0.009,-0.0041,75944440.0,191279843.6
2021-04-28,82.4,83.5,82.22,82.42,899700,0.0002,0.0017,74153274.0,173780635.8
2021-04-29,83.02,83.88,81.8,82.61,822500,-0.0049,0.0023,67946725.0,161674627.2
2021-04-30,82.02,82.81,81.56,81.88,943200,-0.0017,-0.0088,77229216.0,149752592.2
2021-05-03,82.64,82.97,81.55,82.15,942200,-0.0059,0.0033,77401730.0,142042869.3
2021-05-04,81.71,82.09,78.46,79.28,1587600,-0.0297,-0.0349,125864928.0,125464860.1
2021-05-05,79.59,79.75,78.7,78.77,1591700,-0.0103,-0.0064,125378209.0,118699306.9
2021-05-06,78.99,79.57,74.91,75.12,4018800,-0.049,-0.0463,301892256.0,110338414.2
2021-05-07,74.36,80.37,74.01,79.96,2994600,0.0753,0.0644,239448216.0,111821039.6
2021-05-10,82.11,85.34,80.53,83.06,3858400,0.0116,0.0388,320478704.0,125010973.4
2021-05-11,81.2,82.56,79.9,81.95,2901700,0.0092,-0.0134,237794315.0,148573769.8
2021-05-12,82.36,82.53,77.82,77.91,2493100,-0.054,-0.0493,194237421.0,164758757.3
2021-05-13,78.18,81.55,78.18,81.23,2470000,0.039,0.0426,200638100.0,176767172.0
2021-05-14,82.59,85.87,82.35,85.8,3493100,0.0389,0.0563,299707980.0,190036309.5
2021-05-17,85.22,86.5,83.11,84.52,2570500,-0.0082,-0.0149,217258660.0,212284185.9
2021-05-18,84.78,88.78,84.64,87.09,5445300,0.0272,0.0304,474231177.0,226269878.9
2021-05-19,85.18,87.39,84.25,87.3,2786000,0.0249,0.0024,243217800.0,261106503.8
2021-05-20,87.64,89.69,87.1,88.37,2616300,0.0083,0.0123,231202431.0,272890462.9
2021-05-21,89.46,89.66,87.91,89.26,2498400,-0.0022,0.0101,223007184.0,265821480.4
2021-05-24,89.66,92.02,88.33,91.72,2272200,0.023,0.0276,208406184.0,264177377.2
2021-05-25,93.02,93.07,89.28,90.37,3173600,-0.0285,-0.0147,286798232.0,252970125.2
2021-05-26,90.9,91.4,89.9,90.3,1265500,-0.0066,-0.0008,114274650.0,257870516.9
2021-05-27,90.78,91.0,88.88,90.52,1973700,-0.0029,0.0024,178659324.0,249874239.8
2021-05-28,91.18,91.5,89.94,90.11,1086200,-0.0117,-0.0045,97877482.0,247676362.2
2021-06-01,91.1,92.12,90.28,91.97,1545800,0.0095,0.0206,142167226.0,227493312.4
2021-06-02,91.93,92.43,90.32,90.91,2211300,-0.0111,-0.0115,201029283.0,219984169.0
2021-06-03,90.19,91.11,88.78,90.03,1820600,-0.0018,-0.0097,163908618.0,192663979.6
2021-06-04,90.46,91.05,89.06,89.24,1205000,-0.0135,-0.0088,107534200.0,184733061.4
2021-06-07,89.41,90.98,89.19,89.7,1236800,0.0032,0.0052,110940960.0,172366238.3
2021-06-08,89.95,89.97,87.91,89.29,1399600,-0.0073,-0.0046,124970284.0,161159615.9
2021-06-09,89.45,89.45,88.09,88.17,1081800,-0.0143,-0.0125,95382306.0,152816025.9
2021-06-10,88.41,88.73,85.73,87.01,2099300,-0.0158,-0.0132,182660093.0,133674433.3
2021-06-11,87.29,88.07,87.0,87.46,1243600,0.0019,0.0052,108765256.0,140512977.6
2021-06-14,87.31,87.83,85.77,86.4,1186100,-0.0104,-0.0121,102479040.0,133523570.8
2021-06-15,86.88,87.48,85.5,85.96,1348500,-0.0106,-0.0051,115917060.0,133983726.6
2021-06-16,86.01,87.45,85.74,87.22,1003700,0.0141,0.0147,87542714.0,131358710.0
2021-06-17,86.94,87.69,84.74,85.36,1318600,-0.0182,-0.0213,112555696.0,120010053.1
2021-06-18,84.19,85.85,83.55,85.66,2031300,0.0175,0.0035,174001158.0,114874760.9
2021-06-21,86.8,89.15,85.92,89.06,1532200,0.026,0.0397,136457732.0,121521456.7
2021-06-22,88.89,92.55,87.49,91.52,6012800,0.0296,0.0276,550291456.0,124073133.9
2021-06-23,91.49,94.0,91.22,91.94,2081000,0.0049,0.0046,191327140.0,166605251.1
2021-06-24,92.74,92.83,91.13,91.99,1508800,-0.0081,0.0005,138794512.0,176199734.5
2021-06-25,92.0,93.37,91.61,92.6,3757100,0.0065,0.0066,347907460.0,171813176.4
2021-06-28,92.76,92.76,86.34,88.29,4105900,-0.0482,-0.0465,362509911.0,195727396.8
2021-06-29,88.29,89.75,87.37,88.48,1888100,0.0022,0.0022,167059088.0,221730483.9
2021-06-30,88.47,88.82,87.03,87.59,2689600,-0.0099,-0.0101,235582064.0,226844686.7
2021-07-01,88.28,89.23,88.0,88.59,1761300,0.0035,0.0114,156033567.0,241648621.7
2021-07-02,88.62,88.83,86.34,87.29,1729700,-0.015,-0.0147,150985513.0,245996408.8
2021-07-06,87.99,87.99,84.23,84.95,2046800,-0.0345,-0.0268,173875660.0,243694844.3
2021-07-07,84.05,85.0,82.59,83.6,1655600,-0.0054,-0.0159,138408160.0,247436637.1
2021-07-08,81.81,83.12,81.23,82.1,1461700,0.0035,-0.0179,120005570.0,206248307.5
2021-07-09,83.2,84.15,82.9,83.66,1623900,0.0055,0.019,135855474.0,199116150.5
2021-07-12,82.99,84.72,82.25,84.39,1194600,0.0169,0.0087,100812294.0,198822246.7
2021-07-13,84.09,84.1,81.19,81.78,2055800,-0.0275,-0.0309,168123324.0,174112730.1
2021-07-14,81.93,82.35,80.52,80.94,1577700,-0.0121,-0.0103,127699038.0,154674071.4
2021-07-15,80.51,81.19,78.68,79.93,1935900,-0.0072,-0.0125,154736487.0,150738066.4
2021-07-16,82.85,82.93,77.92,78.53,2994400,-0.0521,-0.0175,235150232.0,142653508.7
2021-07-19,76.28,76.48,74.23,74.79,3774300,-0.0195,-0.0476,282279897.0,150565175.2
2021-07-20,75.41,77.5,74.5,76.99,3591500,0.021,0.0294,276509585.0,163694613.6
2021-07-21,77.92,80.94,77.83,80.0,2456900,0.0267,0.0391,196552000.0,173958006.1
2021-07-22,79.7,80.17,78.31,78.8,1342900,-0.0113,-0.015,105820520.0,179772390.1
2021-07-23,79.48,79.52,77.59,77.71,1434900,-0.0223,-0.0138,111506079.0,178353885.1
2021-07-26,77.72,82.26,77.71,82.18,2714000,0.0574,0.0575,223036520.0,175918945.6
2021-07-27,81.43,81.95,79.06,80.29,2267200,-0.014,-0.023,182033488.0,188141368.2
2021-07-28,81.57,81.81,78.94,80.21,1176800,-0.0167,-0.001,94391128.0,189532384.6
2021-07-29,80.33,82.15,79.83,80.72,1519300,0.0049,0.0064,122637896.0,186201593.6
2021-07-30,80.06,81.96,78.62,78.89,1479700,-0.0146,-0.0227,116733533.0,182991734.5
2021-08-02,79.25,81.03,78.9,79.12,1533300,-0.0016,0.0029,121314696.0,171150064.6
2021-08-03,79.4,79.64,76.31,78.33,3007300,-0.0135,-0.01,235561809.0,155053544.5
2021-08-04,80.47,82.88,78.58,79.49,4145100,-0.0122,0.0148,329493999.0,150958766.9
2021-08-05,79.38,84.78,79.38,84.76,2465600,0.0678,0.0663,208984256.0,164252966.8
2021-08-06,85.38,86.16,83.79,85.41,1937400,0.0004,0.0077,165473334.0,174569340.4
2021-08-09,84.59,84.94,82.54,83.31,1587300,-0.0151,-0.0246,132237963.0,179966065.9
2021-08-10,82.95,85.36,82.73,83.75,2204500,0.0096,0.0053,184626875.0,170886210.2
2021-08-11,82.75,84.21,81.72,83.77,1780700,0.0123,0.0002,149169239.0,171145548.9
2021-08-12,83.75,84.05,82.3,84.02,1505400,0.0032,0.003,126483708.0,176623360.0
2021-08-13,84.09,84.33,81.52,81.58,1341100,-0.0298,-0.029,109406938.0,177007941.2
2021-08-16,80.77,81.99,78.78,81.14,2067500,0.0046,-0.0054,167756950.0,176275281.7
2021-08-17,80.09,80.83,78.46,80.56,2298500,0.0059,-0.0071,185167160.0,180919507.1
2021-08-18,80.99,82.45,80.41,80.87,1313500,-0.0015,0.0038,106222745.0,175880042.2
2021-08-19,79.86,80.46,78.14,79.5,2281400,-0.0045,-0.0169,181371300.0,153552916.8
2021-08-20,78.87,80.3,78.31,80.2,2114600,0.0169,0.0088,169590920.0,150791621.2
2021-08-23,81.09,83.68,80.65,83.44,2103800,0.029,0.0404,175541072.0,151203379.8
2021-08-24,84.1,86.15,83.66,85.74,2814400,0.0195,0.0276,241306656.0,155533690.7
2021-08-25,85.94,87.68,85.54,85.89,1679300,-0.0006,0.0017,144235077.0,161201668.8
2021-08-26,85.44,86.37,84.04,84.75,1890300,-0.0081,-0.0133,160202925.0,160708252.6
2021-08-27,85.1,87.31,85.1,86.9,1314800,0.0212,0.0254,114256120.0,164080174.3
2021-08-30,87.78,87.78,85.86,86.57,1346300,-0.0138,-0.0038,116549191.0,164565092.5
2021-08-31,86.17,86.97,85.36,86.7,2638400,0.0062,0.0015,228749280.0,159444316.6
2021-09-01,86.77,87.2,86.0,86.36,909100,-0.0047,-0.0039,78509876.0,163802528.6
2021-09-02,87.05,87.51,86.36,86.69,903600,-0.0041,0.0038,78333084.0,161031241.7
2021-09-03,86.07,86.87,84.96,86.08,744400,0.0001,-0.007,64077952.0,150727420.1
2021-09-07,86.0,87.92,85.89,87.68,1200000,0.0195,0.0186,105216000.0,140176123.3
2021-09-08,87.57,88.86,86.13,86.69,951600,-0.01,-0.0113,82494204.0,133143616.1
2021-09-09,85.64,87.61,84.8,86.38,1313200,0.0086,-0.0036,113434216.0,117262370.9
2021-09-10,86.94,87.33,85.32,86.08,1448300,-0.0099,-0.0035,124669664.0,114182284.8
2021-09-13,88.0,89.8,86.51,89.11,2075000,0.0126,0.0352,184903250.0,110628958.7
2021-09-14,89.17,89.69,87.2,88.68,1877300,-0.0055,-0.0048,166478964.0,117693671.7
2021-09-15,87.0,87.28,84.38,86.54,4433500,-0.0053,-0.0241,383675090.0,122686649.0
2021-09-16,86.59,87.22,85.26,86.81,2225800,0.0025,0.0031,193221698.0,138179230.0
2021-09-17,86.85,88.35,86.25,86.83,3888200,-0.0002,0.0002,337612406.0,149650412.2
2021-09-20,85.99,86.86,84.73,86.74,1427200,0.0087,-0.001,123795328.0,175578344.4
2021-09-21,87.84,88.29,84.51,85.22,2147300,-0.0298,-0.0175,182992906.0,181550082.0
2021-09-22,85.85,89.0,85.79,88.32,2020700,0.0288,0.0364,178468224.0,189327772.6
2021-09-23,89.19,92.05,88.92,91.59,2682100,0.0269,0.037,245653539.0,198925174.6
2021-09-24,91.49,93.09,91.09,92.74,1582400,0.0137,0.0126,146751776.0,212147106.9
2021-09-27,93.0,96.5,93.0,93.64,2501300,0.0069,0.0097,234221732.0,214355318.1
2021-09-28,93.52,94.56,92.22,92.42,1488300,-0.0118,-0.013,137548686.0,219287166.3
2021-09-29,92.67,93.26,90.95,91.41,2431000,-0.0136,-0.0109,222217710.0,216394138.5
2021-09-30,91.76,92.89,90.18,91.13,2014600,-0.0069,-0.0031,183590498.0,200248400.5
2021-10-01,92.51,99.09,92.3,98.73,4464300,0.0672,0.0834,440760339.0,199285280.5
2021-10-04,98.34,98.79,96.3,97.97,2274700,-0.0038,-0.0077,222852359.0,209600073.8
2021-10-05,98.6,100.23,97.8,99.83,2287200,0.0125,0.019,228331176.0,219505776.9
2021-10-06,97.89,101.09,97.51,101.03,2090600,0.0321,0.012,211213318.0,224039603.9
2021-10-07,101.29,102.24,98.64,98.97,1751600,-0.0229,-0.0204,173355852.0,227314113.3
2021-10-08,99.3,100.2,98.19,98.34,1177700,-0.0097,-0.0064,115815018.0,220084344.6
2021-10-11,98.87,99.21,97.49,98.04,1064400,-0.0084,-0.0031,104353776.0,216990668.8
2021-10-12,97.81,100.08,97.68,100.06,1604100,0.023,0.0206,160506246.0,204003873.2
2021-10-13,100.16,100.51,98.97,99.62,1976900,-0.0054,-0.0044,196938778.0,206299629.2
2021-10-14,100.53,100.66,98.97,100.41,1354600,-0.0012,0.0079,136015386.0,203771736.0
2021-10-15,101.24,102.85,100.45,101.57,1447900,0.0033,0.0116,147063203.0,199014224.8
2021-10-18,100.8,102.63,100.2,102.41,1560800,0.016,0.0083,159841528.0,169644511.2
2021-10-19,102.65,102.82,99.96,100.01,2276600,-0.0257,-0.0234,227682766.0,163343428.1
2021-10-20,99.49,100.36,98.12,100.26,1019900,0.0077,0.0025,102255174.0,163278587.1
2021-10-21,100.19,101.2,99.97,100.57,813300,0.0038,0.0031,81793581.0,152382772.7
2021-10-22,100.4,101.39,99.68,100.75,884200,0.0035,0.0018,89083150.0,143226545.6
2021-10-25,100.63,101.58,100.04,100.52,1202200,-0.0011,-0.0023,120845144.0,140553358.8
2021-10-26,101.0,101.55,99.93,101.09,886700,0.0009,0.0057,89636503.0,142202495.6
2021-10-27,101.09,102.1,100.32,100.61,2055900,-0.0047,-0.0047,206844099.0,135115521.3
2021-10-28,100.34,101.03,98.75,100.44,2582500,0.001,-0.0017,259386300.0,136106053.4
2021-10-29,100.05,101.46,99.62,101.15,1175100,0.011,0.0071,118861365.0,148443144.8
2021-11-01,101.85,104.61,101.7,104.04,1567200,0.0215,0.0286,163051488.0,145622961.0
2021-11-02,104.36,107.05,104.04,106.78,2364300,0.0232,0.0263,252459954.0,145943957.0
2021-11-03,106.34,106.76,104.45,105.28,1634900,-0.01,-0.014,172122272.0,148421675.8
2021-11-04,105.57,107.53,104.68,107.52,1958400,0.0185,0.0213,210567168.0,155408385.6
2021-11-05,118.63,127.75,115.5,123.8,8015300,0.0436,0.1514,992294140.0,168285744.3
2021-11-08,118.82,120.34,113.62,117.14,5805200,-0.0141,-0.0538,680021128.0,258606843.3
2021-11-09,116.81,117.0,114.03,116.61,3005800,-0.0017,-0.0045,350506338.0,314524441.7
2021-11-10,116.0,117.73,113.95,115.01,3102800,-0.0085,-0.0137,356853028.0,340611425.2
2021-11-11,115.26,115.87,113.2,114.26,1648300,-0.0087,-0.0065,188334758.0,355612318.1
2021-11-12,114.37,114.53,111.71,112.32,2739400,-0.0179,-0.017,307689408.0,348507163.9
2021-11-15,113.07,116.79,112.7,115.94,1721400,0.0254,0.0322,199579116.0,367389968.2
2021-11-16,114.45,116.04,112.12,115.71,1672100,0.011,-0.002,193478691.0,371042731.0
2021-11-17,115.37,116.65,113.83,115.1,2356900,-0.0023,-0.0053,271279190.0,365144604.7
2021-11-18,114.91,115.48,111.93,112.96,2423500,-0.017,-0.0186,273758560.0,375060296.5
2021-11-19,111.6,112.99,109.05,112.54,3099600,0.0084,-0.0037,348828984.0,381379435.7
2021-11-22,113.88,116.7,112.06,112.11,3112300,-0.0155,-0.0038,348919953.0,317032920.1
2021-11-23,112.83,113.63,110.56,112.74,1451100,-0.0008,0.0056,163597014.0,283922802.6
2021-11-24,111.57,113.53,110.85,112.61,1393300,0.0093,-0.0012,156899513.0,265231870.2
2021-11-26,103.79,105.05,98.5,103.53,4582100,-0.0025,-0.0806,474384813.0,245236518.7
2021-11-29,106.19,109.62,104.81,107.85,2855700,0.0156,0.0417,307987245.0,273841524.2
2021-11-30,106.7,107.73,104.25,106.65,3134300,-0.0005,-0.0111,334273095.0,273871307.9
2021-12-01,109.76,109.95,102.33,102.83,3038000,-0.0631,-0.0358,312397540.0,287340705.8
2021-12-02,104.14,107.28,103.29,106.31,2713100,0.0208,0.0338,288429661.0,299232590.7
2021-12-03,106.56,106.56,99.16,100.93,3765400,-0.0528,-0.0506,380041822.0,300947637.8
2021-12-06,102.0,109.42,101.85,107.11,2886500,0.0501,0.0612,309173015.0,311575964.0
2021-12-07,109.61,110.67,107.55,108.63,1824100,-0.0089,0.0142,198151983.0,307610367.1
2021-12-08,109.08,113.47,109.08,110.48,2180800,0.0128,0.017,240934784.0,292533570.1
2021-12-09,109.05,113.24,108.95,110.73,1854100,0.0154,0.0023,205304493.0,300267347.1
2021-12-10,111.26,112.9,110.17,111.87,1513700,0.0055,0.0103,169337619.0,305107845.1
2021-12-13,110.97,111.99,106.62,108.6,2276400,-0.0214,-0.0292,247217040.0,274603125.7
2021-12-14,107.15,110.72,106.81,108.19,1500000,0.0097,-0.0038,162285000.0,268526105.2
2021-12-15,108.37,108.68,103.21,106.42,2574100,-0.018,-0.0164,273935722.0,251327295.7
2021-12-16,106.72,107.8,100.19,101.4,3601100,-0.0499,-0.0472,365151540.0,247481113.9
2021-12-17,101.79,105.96,100.82,105.14,3833000,0.0329,0.0369,403001620.0,255153301.8
2021-12-20,100.79,106.95,100.41,106.87,2833400,0.0603,0.0165,302805458.0,257449281.6
2021-12-21,108.21,114.96,108.21,114.22,2725600,0.0555,0.0688,311318032.0,256812525.9
2021-12-22,113.98,119.27,113.74,116.92,3329400,0.0258,0.0236,389273448.0,268129130.8
2021-12-23,118.0,119.15,116.46,118.54,1799800,0.0046,0.0139,213348292.0,282962997.2
2021-12-27,118.88,120.25,117.45,120.19,1452300,0.011,0.0139,174551937.0,283767377.1
2021-12-28,119.66,121.23,118.51,120.09,1546300,0.0036,-0.0008,185695167.0,284288808.9
2021-12-29,120.25,121.56,118.63,119.83,1457300,-0.0035,-0.0022,174628259.0,278136621.6
2021-12-30,120.11,122.5,119.66,119.71,1290000,-0.0033,-0.001,154425900.0,279370947.5
2021-12-31,119.27,120.78,118.58,119.69,1488200,0.0035,-0.0002,178122658.0,267419965.3
2022-01-03,120.59,123.49,120.59,121.14,2165500,0.0046,0.0121,262328670.0,248717077.1
2022-01-04,123.41,125.72,120.09,120.72,2409900,-0.0218,-0.0035,290923128.0,234649782.1
2022-01-05,121.93,123.64,117.35,117.47,2397600,-0.0366,-0.0269,281646072.0,233461549.1
2022-01-06,118.14,121.15,116.2,119.34,1906600,0.0102,0.0159,227533644.0,230494353.1
2022-01-07,119.8,120.41,115.81,115.86,1957100,-0.0329,-0.0292,226749606.0,214320372.7
2022-01-10,115.8,116.56,109.82,115.32,3198200,-0.0041,-0.0047,368816424.0,215660504.1
2022-01-11,115.02,116.81,113.07,116.0,1718900,0.0085,0.0059,199392400.0,235086952.8
2022-01-12,116.64,117.67,113.99,114.0,2593600,-0.0226,-0.0172,295670400.0,236456676.1
2022-01-13,115.29,116.63,113.2,113.87,1710400,-0.0123,-0.0011,194763248.0,248560890.2
2022-01-14,113.99,114.98,112.23,114.81,1349100,0.0072,0.0083,154890171.0,252594625.0
2022-01-18,114.17,116.6,113.25,115.21,2450200,0.0091,0.0035,282287542.0,250271376.3
2022-01-19,114.89,116.28,112.13,113.28,1636300,-0.014,-0.0168,185360064.0,252267263.5
2022-01-20,113.45,116.87,112.13,112.44,1558900,-0.0089,-0.0074,175282716.0,241710957.1
2022-01-21,112.31,113.18,109.31,109.74,2195300,-0.0229,-0.024,240912222.0,231074621.5
2022-01-24,107.01,108.91,100.72,108.82,4280400,0.0169,-0.0084,465793128.0,232412479.3
2022-01-25,106.27,107.3,103.68,106.12,2698600,-0.0014,-0.0248,286375432.0,256316831.5
2022-01-26,107.14,108.7,103.84,104.73,2347800,-0.0225,-0.0131,245885094.0,248072732.3
2022-01-27,106.37,107.58,101.43,101.64,2034100,-0.0445,-0.0295,206745924.0,252722001.7
2022-01-28,101.6,105.44,99.76,105.27,2062600,0.0361,0.0357,217129902.0,243829554.1
2022-01-31,105.01,109.62,105.0,109.51,2028500,0.0429,0.0403,222141035.0,246066219.5
2022-02-01,110.12,112.54,108.96,111.09,1874900,0.0088,0.0144,208282641.0,252791305.9
2022-02-02,110.67,110.8,107.61,109.45,1534300,-0.011,-0.0148,167929135.0,245390815.8
2022-02-03,107.87,108.93,105.76,105.84,2440200,-0.0188,-0.033,258270768.0,243647722.9
2022-02-04,105.56,109.25,104.73,108.36,1380100,0.0265,0.0238,149547636.0,251946528.1
2022-02-07,108.61,111.52,108.61,111.02,1489500,0.0222,0.0245,165364290.0,242810069.5
2022-02-08,111.9,116.82,111.0,116.59,1941200,0.0419,0.0502,226324508.0,212767185.7
2022-02-09,117.43,118.84,116.72,118.02,1617800,0.005,0.0123,190932756.0,206762093.3
2022-02-10,117.05,121.12,116.6,118.93,1365300,0.0161,0.0077,162375129.0,201266859.5
2022-02-11,118.74,119.83,114.6,115.75,1453200,-0.0252,-0.0267,168207900.0,196829780.0
2022-02-14,116.13,117.32,114.02,115.27,3392300,-0.0074,-0.0041,391030421.0,191937579.8
2022-02-15,117.15,120.51,116.9,119.75,3857200,0.0222,0.0389,461899700.0,208826518.4
2022-02-16,119.0,120.59,116.58,120.25,3250000,0.0105,0.0042,390812500.0,234188224.3
2022-02-17,119.44,121.33,116.28,116.48,2439800,-0.0248,-0.0314,284187904.0,256476560.8
2022-02-18,116.37,118.1,114.26,117.44,2437600,0.0092,0.0082,286271744.0,259068274.4
2022-02-22,117.73,119.65,115.28,117.05,3382600,-0.0058,-0.0033,395933330.0,272740685.2
2022-02-23,118.01,120.03,113.28,113.4,3730600,-0.0391,-0.0312,423050040.0,295797589.2
2022-02-24,111.36,126.24,111.36,124.39,6427800,0.117,0.0969,799554042.0,315470142.4
2022-02-25,125.26,126.79,121.23,126.04,3431800,0.0062,0.0133,432544072.0,376332271.0
2022-02-28,125.3,125.91,119.81,120.82,4457500,-0.0358,-0.0414,538555150.0,403349165.3
2022-03-01,122.02,122.02,114.79,116.7,3702800,-0.0436,-0.0341,432116760.0,440383890.3
2022-03-02,118.25,122.47,118.04,120.81,2468800,0.0216,0.0352,298255728.0,444492524.2
2022-03-03,121.54,122.71,115.51,116.23,2547300,-0.0437,-0.0379,296072679.0,428128127.0
2022-03-04,114.65,115.7,111.42,114.38,2931900,-0.0024,-0.0159,335350722.0,418654144.9
2022-03-07,114.61,114.88,99.86,100.31,5423600,-0.1248,-0.123,544041316.0,423770426.7
2022-03-08,100.51,109.87,98.01,106.01,4466100,0.0547,0.0568,473451261.0,449547383.9
2022-03-09,109.8,113.19,109.36,109.9,3027100,0.0009,0.0367,332678290.0,457299177.0
2022-03-10,107.71,111.99,106.6,111.56,1790700,0.0357,0.0151,199770492.0,448262002.0
2022-03-11,113.9,114.03,108.47,108.55,2238300,-0.047,-0.027,242967465.0,388283647.0
2022-03-14,108.48,109.9,106.45,108.04,2136700,-0.0041,-0.0047,230849068.0,369325986.3
2022-03-15,108.73,111.95,108.6,111.76,1811700,0.0279,0.0344,202475592.0,338555378.1
2022-03-16,111.95,114.71,107.53,112.01,3255200,0.0005,0.0022,364614952.0,315591261.3
2022-03-17,110.72,112.09,107.41,111.17,2636600,0.0041,-0.0075,293110822.0,322227183.7
2022-03-18,110.59,113.62,110.46,112.98,3015100,0.0216,0.0163,340645998.0,321930998.0
2022-03-21,112.72,114.1,109.55,113.93,2479200,0.0107,0.0084,282455256.0,322460525.6
2022-03-22,114.88,118.44,114.35,117.98,2004800,0.027,0.0355,236526304.0,296301919.6
2022-03-23,116.97,117.95,114.52,115.27,1799400,-0.0145,-0.023,207416838.0,272609423.9
2022-03-24,116.06,117.9,114.21,117.88,1852100,0.0157,0.0226,218325548.0,260083278.7
2022-03-25,118.0,119.0,114.78,116.3,1382100,-0.0144,-0.0134,160738230.0,261938784.3
2022-03-28,116.07,117.74,114.81,117.58,1626300,0.013,0.011,191220354.0,253715860.8
2022-03-29,119.5,121.28,117.1,119.5,1646500,0.0,0.0163,196756750.0,249752989.4
2022-03-30,118.62,119.82,117.13,117.76,1387800,-0.0073,-0.0146,163427328.0,249181105.2
2022-03-31,118.12,119.83,116.85,117.64,1597400,-0.0041,-0.001,187918136.0,229062342.8
2022-04-01,118.56,118.56,114.08,114.37,1730800,-0.0353,-0.0278,197951596.0,218543074.2
2022-04-04,113.86,116.86,113.41,116.17,1685500,0.0203,0.0157,195804535.0,204273634.0
2022-04-05,116.7,117.18,112.83,113.61,1455200,-0.0265,-0.022,165325272.0,195608561.9
2022-04-06,111.91,112.15,108.14,109.58,2611600,-0.0208,-0.0355,286179128.0,188488458.7
2022-04-07,110.19,110.47,106.84,109.61,1450100,-0.0053,0.0003,158945461.0,196364687.7
2022-04-08,109.32,110.02,107.43,107.88,995900,-0.0132,-0.0158,107437692.0,190426679.0
2022-04-11,107.29,109.93,106.58,107.88,1757600,0.0055,0.0,189609888.0,185096625.2
2022-04-12,110.26,111.98,108.07,108.34,1413700,-0.0174,0.0043,153160258.0,184935578.6
2022-04-13,109.13,113.39,108.52,112.96,2393200,0.0351,0.0426,270335872.0,180575929.4
2022-04-14,112.88,114.75,111.26,111.31,1175100,-0.0139,-0.0146,130800381.0,191266783.8
2022-04-18,111.02,111.3,108.24,109.24,1277000,-0.016,-0.0186,139499480.0,185555008.3
2022-04-19,109.37,114.15,108.5,113.74,1740200,0.04,0.0412,197930348.0,179709796.7
2022-04-20,112.36,114.39,111.75,112.2,1367600,-0.0014,-0.0135,153444720.0,179922378.0
2022-04-21,114.84,114.84,106.4,106.76,1886400,-0.0704,-0.0485,201392064.0,178734322.8
2022-04-22,106.33,108.1,105.28,105.91,1188600,-0.0039,-0.008,125884626.0,170255616.4
2022-04-25,105.73,109.74,104.29,109.68,1619500,0.0374,0.0356,177626760.0,166949532.9
2022-04-26,109.69,110.78,107.57,107.61,1951000,-0.019,-0.0189,209947110.0,173968439.7
2022-04-27,107.21,108.28,103.83,106.74,1585100,-0.0044,-0.0081,169193574.0,176002161.9
2022-04-28,107.46,108.76,104.43,107.92,1506300,0.0043,0.0111,162559896.0,177605493.5
2022-04-29,107.51,108.9,104.69,104.88,1389300,-0.0245,-0.0282,145709784.0,166827895.9
2022-05-02,105.33,105.6,101.7,104.84,1643700,-0.0047,-0.0004,172325508.0,168318836.2
2022-05-03,105.59,106.81,98.62,99.43,3433500,-0.0583,-0.0516,341392905.0,171601439.0
2022-05-04,99.43,99.92,92.77,99.37,4895700,-0.0006,-0.0006,486485709.0,185947694.7
2022-05-05,99.37,99.37,93.61,95.13,3385900,-0.0427,-0.0427,322100667.0,219251793.6
2022-05-06,95.6,96.88,85.93,92.51,5398000,-0.0323,-0.0275,499368980.0,231322653.9
2022-05-09,91.82,91.82,83.95,85.37,3802200,-0.0702,-0.0772,324593814.0,268671089.3
2022-05-10,88.34,90.54,85.44,88.14,3432800,-0.0023,0.0324,302566992.0,283367794.7
2022-05-11,87.0,89.55,83.69,84.13,3013900,-0.033,-0.0455,253559407.0,292629782.9
2022-05-12,84.13,87.13,81.68,87.09,4291700,0.0352,0.0352,373764153.0,301066366.2
2022-05-13,88.62,92.66,88.62,91.25,2997700,0.0297,0.0478,273540125.0,322186791.9
2022-05-16,91.08,92.11,86.9,86.97,1752900,-0.0451,-0.0469,152449713.0,334969826.0
2022-05-17,89.57,90.14,84.49,85.69,4623000,-0.0433,-0.0147,396144870.0,332982246.5
2022-05-18,84.87,86.97,83.87,85.39,2618100,0.0061,-0.0035,223559559.0,338457443.0
2022-05-19,84.42,92.66,84.25,90.5,4097500,0.072,0.0598,370823750.0,312164828.0
2022-05-20,90.37,92.28,86.1,89.28,2335500,-0.0121,-0.0135,208513440.0,317037136.3
2022-05-23,89.28,89.73,86.82,89.23,1726500,-0.0006,-0.0006,154055595.0,287951582.3
2022-05-24,87.53,87.91,83.94,84.45,1874600,-0.0352,-0.0536,158309970.0,270897760.4
2022-05-25,83.55,91.19,83.55,91.16,3885100,0.0911,0.0795,354165716.0,256472058.2
2022-05-26,91.19,94.33,90.93,92.89,2057100,0.0186,0.019,191084019.0,266532689.1
2022-05-27,94.53,96.5,93.97,95.49,1820000,0.0102,0.028,173791800.0,248264675.7
2022-05-31,94.93,95.9,93.61,95.05,2363600,0.0013,-0.0046,224660180.0,238289843.2
2022-06-01,95.81,97.34,93.65,94.51,2029800,-0.0136,-0.0057,191836398.0,245510889.9
2022-06-02,93.23,97.73,93.23,97.2,1380300,0.0426,0.0285,134165160.0,225080042.7
2022-06-03,95.71,96.27,94.4,95.3,1295900,-0.0043,-0.0195,123499270.0,216140602.8
2022-06-06,96.57,96.79,94.11,95.16,1802200,-0.0146,-0.0015,171497352.0,191408154.8
2022-06-07,94.72,96.37,94.0,96.11,1579300,0.0147,0.01,151786523.0,187706546.0
2022-06-08,95.53,96.59,94.09,94.9,1250700,-0.0066,-0.0126,118691430.0,187479638.8
2022-06-09,94.28,94.5,92.4,93.92,1344700,-0.0038,-0.0103,126294224.0,183517784.8
2022-06-10,91.82,93.22,90.89,92.31,2592800,0.0053,-0.0171,239341368.0,160730635.6
2022-06-13,88.37,88.7,84.32,84.92,2218400,-0.039,-0.0801,188386528.0,165556370.5
2022-06-14,85.2,86.72,84.13,84.94,1541100,-0.0031,0.0002,130901034.0,167015843.3
2022-06-15,85.5,88.08,85.42,86.68,1589100,0.0138,0.0205,137743188.0,157639928.7
2022-06-16,84.48,85.31,81.21,81.77,1874400,-0.0321,-0.0566,153269688.0,152230607.7
2022-06-17,83.03,86.18,82.2,84.7,4097200,0.0201,0.0358,347032840.0,154141060.5
2022-06-21,85.37,86.79,83.65,83.98,1736200,-0.0163,-0.0085,145806076.0,176494417.5
2022-06-22,82.97,84.37,82.71,83.21,1278500,0.0029,-0.0092,106383985.0,173925289.9
2022-06-23,84.05,84.05,80.24,81.94,2138700,-0.0251,-0.0153,175245078.0,169385036.1
2022-06-24,82.89,87.12,82.51,86.8,2363800,0.0472,0.0593,205177840.0,175040400.9
2022-06-27,87.34,87.89,84.18,85.59,1715000,-0.02,-0.0139,146786850.0,182928762.5
2022-06-28,86.55,88.67,84.23,84.38,1051100,-0.0251,-0.0141,88691818.0,173673310.7
2022-06-29,84.03,84.26,82.23,84.0,1074900,-0.0004,-0.0045,90291600.0,163703839.7
2022-06-30,82.71,84.52,80.53,82.58,1966500,-0.0016,-0.0169,162393570.0,159642896.3
2022-07-01,82.48,84.81,81.88,83.06,1042000,0.007,0.0058,86548520.0,162107934.5
2022-07-05,82.35,85.6,80.83,85.44,961600,0.0375,0.0287,82159104.0,155435817.7
2022-07-06,84.79,86.07,82.81,84.63,1274900,-0.0019,-0.0095,107894787.0,128948444.1
2022-07-07,85.66,86.71,84.28,85.97,1741800,0.0036,0.0158,149742546.0,125157315.2
2022-07-08,85.2,85.7,83.64,84.36,1361100,-0.0099,-0.0187,114822396.0,129493171.3
2022-07-11,83.87,83.93,80.94,82.19,1202400,-0.02,-0.0257,98825256.0,123450903.1
2022-07-12,81.83,83.65,81.74,82.08,1247800,0.0031,-0.0013,102419424.0,112815644.7
2022-07-13,79.95,83.84,79.5,83.26,876300,0.0414,0.0144,72960738.0,108378902.1
2022-07-14,81.3,82.39,80.65,81.95,1102700,0.008,-0.0157,90366265.0,106805794.1
2022-07-15,83.43,85.06,82.34,84.48,846700,0.0126,0.0309,71529216.0,106813260.6
2022-07-18,85.42,87.0,85.42,86.08,1161000,0.0077,0.0189,99938880.0,97726825.2
2022-07-19,87.99,91.3,87.59,91.18,1800800,0.0363,0.0592,164196944.0,99065861.2
2022-07-20,91.18,93.27,90.67,92.75,1449100,0.0172,0.0172,134404025.0,107269645.2
2022-07-21,91.95,92.31,90.08,91.56,1078300,-0.0042,-0.0128,98729148.0,109920569.0
2022-07-22,91.72,92.7,91.08,91.58,1138500,-0.0015,0.0002,104263830.0,104819229.2
2022-07-25,91.7,92.4,90.43,92.24,1185000,0.0059,0.0072,109304400.0,103763372.6
2022-07-26,91.75,91.75,89.43,89.78,1556000,-0.0215,-0.0267,139697680.0,104811287.0
2022-07-27,91.01,93.73,90.28,93.34,1359900,0.0256,0.0397,126933066.0,108539112.6
2022-07-28,91.16,93.15,90.85,93.08,1113100,0.0211,-0.0028,103607348.0,113936345.4
2022-07-29,92.61,94.09,91.07,93.99,1050200,0.0149,0.0098,98708298.0,115260453.7
2022-08-01,93.54,95.38,92.12,95.28,1341700,0.0186,0.0137,127837176.0,117978361.9
2022-08-02,92.8,96.84,92.46,96.03,1219100,0.0348,0.0079,117070173.0,120768191.5
2022-08-03,96.91,98.32,96.09,98.07,1102500,0.012,0.0212,108122175.0,116055514.4
2022-08-04,98.33,98.59,96.62,97.5,2042300,-0.0084,-0.0058,199124250.0,113427329.4
2022-08-05,97.25,98.51,92.75,96.76,2114200,-0.005,-0.0076,204569992.0,123466839.6
2022-08-08,96.97,99.51,95.88,97.06,1725000,0.0009,0.0031,167428500.0,133497455.8
2022-08-09,96.33,96.76,94.75,95.14,961600,-0.0124,-0.0198,91486624.0,139309865.8
2022-08-10,97.71,98.82,96.41,97.87,1925400,0.0016,0.0287,188438898.0,134488760.2
2022-08-11,99.24,99.66,96.36,96.43,1122800,-0.0283,-0.0147,108271604.0,140639343.4
2022-08-12,97.39,98.09,96.44,97.89,811200,0.0051,0.0151,79408368.0,141105769.0
2022-08-15,97.18,98.8,95.71,98.51,1317500,0.0137,0.0063,129786925.0,139175776.0
2022-08-16,98.09,99.63,97.31,99.04,1189500,0.0097,0.0054,117808080.0,139370750.9
2022-08-17,97.44,97.71,96.2,97.48,960200,0.0004,-0.0158,93600296.0,139444541.6
2022-08-18,97.34,97.36,96.14,96.47,1150800,-0.0089,-0.0104,111017676.0,137992353.7
2022-08-19,95.32,95.55,93.49,94.28,1120400,-0.0109,-0.0227,105631312.0,129181696.3
2022-08-22,92.11,92.42,91.05,91.38,1124500,-0.0079,-0.0308,102756810.0,119287828.3
2022-08-23,91.57,93.04,91.57,92.81,749400,0.0135,0.0156,69551814.0,112820659.3
2022-08-24,93.19,94.28,92.9,93.69,614600,0.0054,0.0095,57581874.0,110627178.3
2022-08-25,94.42,95.51,94.12,95.35,615800,0.0098,0.0177,58716530.0,97541475.9
2022-08-26,95.33,96.08,91.76,91.8,1512800,-0.037,-0.0372,138875040.0,92585968.5
2022-08-29,90.34,92.66,90.34,91.91,775000,0.0174,0.0012,71230250.0,98532635.7
2022-08-30,92.58,92.97,90.68,91.3,857200,-0.0138,-0.0066,78262360.0,92676968.2
2022-08-31,91.87,92.93,90.3,90.36,1163800,-0.0164,-0.0103,105160968.0,88722396.2
2022-09-01,89.52,90.26,88.46,90.2,1012300,0.0076,-0.0018,91309460.0,89878463.4
2022-09-02,91.29,92.17,89.06,89.64,792800,-0.0181,-0.0062,71066592.0,87907641.8
2022-09-06,90.19,90.27,87.6,88.93,1124700,-0.014,-0.0079,100019571.0,84451169.8
2022-09-07,88.93,91.6,88.61,91.19,1489800,0.0254,0.0254,135854862.0,84177445.9
2022-09-08,90.41,91.63,89.67,90.73,1339100,0.0035,-0.005,121496543.0,90807750.7
2022-09-09,91.98,93.36,91.77,93.12,1341300,0.0124,0.0263,124901856.0,97199217.6
2022-09-12,93.71,95.52,93.21,95.26,1507200,0.0165,0.023,143575872.0,103817750.2
2022-09-13,91.97,93.45,90.11,90.43,1224700,-0.0167,-0.0507,110749621.0,104287833.4
2022-09-14,90.2,92.41,88.48,92.25,1812800,0.0227,0.0201,167230800.0,108239770.5
2022-09-15,91.95,94.62,91.54,92.09,1807500,0.0015,-0.0017,166452675.0,117136614.5
2022-09-16,90.69,90.76,87.08,87.43,3974100,-0.0359,-0.0506,347455563.0,123265785.2
2022-09-19,86.58,89.63,86.52,86.98,1770100,0.0046,-0.0051,153963298.0,148880395.5
2022-09-20,86.21,87.53,85.96,86.86,1076300,0.0075,-0.0014,93487418.0,157170066.1
2022-09-21,86.56,87.0,81.49,81.55,2252300,-0.0579,-0.0611,183675065.0,156516850.8
2022-09-22,81.42,81.45,77.09,77.48,3918900,-0.0484,-0.0499,303636372.0,161298871.1
2022-09-23,76.35,76.83,73.35,75.27,3640000,-0.0141,-0.0285,273982800.0,179512854.0
2022-09-26,74.79,76.38,73.69,73.78,1607400,-0.0135,-0.0198,118593972.0,194420948.4
2022-09-27,75.32,76.49,73.89,75.03,1830300,-0.0039,0.0169,137327409.0,191922758.4
2022-09-28,75.56,78.68,75.07,77.77,2257300,0.0292,0.0365,175550221.0,194580537.2
2022-09-29,76.49,76.77,74.17,75.26,1688300,-0.0161,-0.0323,127061458.0,195412479.3
2022-09-30,75.06,78.17,74.67,76.04,1929200,0.0131,0.0104,146696368.0,191473357.6
2022-10-03,76.85,78.39,76.1,78.36,2079200,0.0196,0.0305,162926112.0,171397438.1
2022-10-04,80.47,81.65,79.78,80.46,3044700,-0.0001,0.0268,244976562.0,172293719.5
2022-10-05,78.87,80.86,78.65,80.67,1194200,0.0228,0.0026,96336114.0,187442633.9
2022-10-06,80.63,81.82,79.77,79.86,1042700,-0.0095,-0.01,83270022.0,178708738.8
2022-10-07,78.73,79.68,78.01,78.61,1072800,-0.0015,-0.0157,84332808.0,156672103.8
2022-10-10,78.83,78.83,77.0,78.06,853300,-0.0098,-0.007,66608598.0,137707104.6
2022-10-11,78.05,78.82,76.28,77.75,1340800,-0.0038,-0.004,104247200.0,132508567.2
2022-10-12,77.46,77.89,76.44,77.33,992200,-0.0017,-0.0054,76726826.0,129200546.3
2022-10-13,75.55,78.5,74.69,77.94,1138400,0.0316,0.0079,88726896.0,119318206.8
2022-10-14,79.02,79.25,75.68,75.78,1038200,-0.041,-0.0277,78674796.0,115484750.6
2022-10-17,77.36,78.51,77.36,78.03,1636300,0.0087,0.0297,127680489.0,108682593.4
2022-10-18,80.0,81.08,78.53,79.6,971700,-0.005,0.0201,77347320.0,105158031.1
2022-10-19,79.03,80.39,78.55,79.62,909600,0.0075,0.0003,72422352.0,88395106.9
2022-10-20,79.42,80.88,78.51,78.86,838500,-0.0071,-0.0095,66124110.0,86003730.7
2022-10-21,78.72,80.27,77.79,79.53,1309200,0.0103,0.0085,104120676.0,84289139.5
2022-10-24,79.73,79.73,76.81,78.66,1253200,-0.0134,-0.0109,98576712.0,86267926.3
2022-10-25,78.85,81.98,78.85,81.71,1639700,0.0363,0.0388,133979887.0,89464737.7
2022-10-26,81.52,82.87,78.21,78.47,2688200,-0.0374,-0.0397,210943054.0,92438006.4
2022-10-27,79.58,81.09,77.8,78.13,1396700,-0.0182,-0.0043,109124171.0,105859629.2
2022-10-28,78.06,80.13,77.8,80.06,1015200,0.0256,0.0247,81276912.0,107899356.7
2022-10-31,79.9,80.23,78.72,79.61,1317300,-0.0036,-0.0056,104870253.0,108159568.3
2022-11-01,80.91,81.56,79.42,79.43,1220800,-0.0183,-0.0023,96968144.0,105878544.7
2022-11-02,78.75,79.93,76.76,76.78,1511900,-0.025,-0.0334,116083682.0,107840627.1
2022-11-03,75.79,77.29,74.36,76.42,2482400,0.0083,-0.0047,189705008.0,112206760.1
2022-11-04,81.05,81.19,67.53,70.72,10998600,-0.1275,-0.0746,777820992.0,124564849.9
2022-11-07,71.13,73.34,69.79,73.26,3643400,0.0299,0.0359,266915484.0,191934881.5
2022-11-08,73.54,73.91,71.5,72.9,1796800,-0.0087,-0.0049,130986720.0,208768758.7
2022-11-09,71.63,73.71,70.78,72.64,2348400,0.0141,-0.0036,170587776.0,208469442.0
2022-11-10,75.6,77.05,75.1,76.36,1974700,0.0101,0.0512,150788092.0,204433914.2
2022-11-11,77.18,77.31,75.42,76.7,1261300,-0.0062,0.0045,96741710.0,208600306.3
2022-11-14,76.37,76.89,73.42,73.6,1958000,-0.0363,-0.0404,144108800.0,210146786.1
2022-11-15,75.51,77.62,72.87,74.28,2670300,-0.0163,0.0092,198349884.0,214070640.8
2022-11-16,73.51,74.25,72.43,74.01,1534000,0.0068,-0.0036,113531340.0,224208814.8
2022-11-17,72.63,73.32,71.19,71.85,3724500,-0.0107,-0.0292,267605325.0,223953580.6
2022-11-18,73.42,73.84,65.05,66.21,15283500,-0.0982,-0.0785,1011920535.0,231743612.3
2022-11-21,66.46,68.37,66.14,66.94,5230700,0.0072,0.011,350143058.0,255153566.6
2022-11-22,66.68,67.69,65.78,67.49,2559500,0.0121,0.0082,172740655.0,263476324.0
2022-11-23,67.66,68.74,66.85,68.58,1749600,0.0136,0.0162,119987568.0,267651717.5
2022-11-25,68.57,69.15,68.16,68.46,660800,-0.0016,-0.0017,45238368.0,262591696.7
2022-11-28,68.55,70.02,68.25,68.69,2725100,0.002,0.0034,187187119.0,252036724.3
2022-11-29,69.09,71.11,69.09,70.21,2977100,0.0162,0.0221,209022191.0,261081265.2
2022-11-30,70.25,73.07,70.2,72.76,2976100,0.0357,0.0363,216541036.0,267572604.3
2022-12-01,73.28,75.01,73.04,73.55,1990900,0.0037,0.0109,146430695.0,269391719.5
2022-12-02,72.96,74.15,72.47,73.92,1548000,0.0132,0.005,114428160.0,272681655.0
2022-12-05,73.22,74.57,73.06,73.88,7506400,0.009,-0.0005,554572832.0,257363938.5
2022-12-06,73.87,73.95,70.42,70.91,2941800,-0.0401,-0.0402,208603038.0,211629168.2
2022-12-07,70.7,71.45,69.92,71.14,2190100,0.0062,0.0032,155803714.0,197475166.2
2022-12-08,71.0,71.83,70.09,71.47,1670900,0.0066,0.0046,119419223.0,195781472.1
2022-12-09,71.16,73.18,71.16,71.77,1151600,0.0086,0.0042,82650332.0,195724637.6
2022-12-12,71.74,73.66,71.74,73.6,1474800,0.0259,0.0255,108545280.0,199465834.0
2022-12-13,75.75,76.67,73.27,74.17,2607700,-0.0209,0.0077,193413109.0,191601650.1
2022-12-14,73.57,74.53,72.47,73.09,1779500,-0.0065,-0.0146,130063655.0,190040741.9
2022-12-15,72.01,72.75,70.18,70.23,2164500,-0.0247,-0.0391,152012835.0,181393003.8
2022-12-16,69.86,70.55,69.13,69.37,2701800,-0.007,-0.0122,187423866.0,181951217.8
2022-12-19,68.94,69.43,68.05,68.39,1886600,-0.008,-0.0141,129024574.0,189250788.4
2022-12-20,67.87,69.6,67.7,68.68,1579400,0.0119,0.0042,108473192.0,146695962.6
2022-12-21,69.23,70.71,68.92,70.68,1590000,0.0209,0.0291,112381200.0,136682978.0
2022-12-22,69.9,70.61,69.17,70.57,1633500,0.0096,-0.0016,115276095.0,132340726.6
2022-12-23,70.46,71.34,69.79,70.69,918300,0.0033,0.0017,64914627.0,131926413.8
2022-12-27,70.53,70.53,69.19,69.59,1078000,-0.0133,-0.0156,75018020.0,130152843.3
2022-12-28,69.22,70.15,68.06,68.16,847600,-0.0153,-0.0205,57772416.0,126800117.3
2022-12-29,68.8,70.44,68.76,70.15,1185500,0.0196,0.0292,83162825.0,113236048.0
2022-12-30,68.82,69.8,68.71,69.74,1142700,0.0134,-0.0058,79691898.0,108545965.0
2023-01-03,70.81,71.05,68.52,68.86,1296200,-0.0275,-0.0126,89256332.0,101313871.3
2023-01-04,69.33,71.63,69.04,71.01,1717700,0.0242,0.0312,121973877.0,91497117.9
2023-01-05,70.6,72.37,69.9,71.66,1727400,0.015,0.0092,123785484.0,90792048.2
2023-01-06,72.36,73.63,71.8,72.38,1374700,0.0003,0.01,99500786.0,92323277.4
2023-01-09,70.96,72.35,70.45,72.26,4235400,0.0183,-0.0017,306050004.0,91035236.0
2023-01-10,72.35,73.15,70.81,72.56,7929500,0.0029,0.0042,575364520.0,110112626.9
2023-01-11,73.02,74.02,72.42,73.34,2002300,0.0044,0.0107,146848682.0,161157616.2
2023-01-12,73.53,74.13,72.67,73.15,2015000,-0.0052,-0.0026,147397250.0,168340682.4
2023-01-13,72.38,74.79,72.27,74.66,1555900,0.0315,0.0206,116163494.0,177303165.8
2023-01-17,74.66,76.36,74.4,76.12,2115000,0.0196,0.0196,160993800.0,180603232.7
2023-01-18,76.73,76.78,73.47,73.52,1713000,-0.0418,-0.0342,125939760.0,188733422.9
2023-01-19,73.0,73.93,72.41,73.22,1795600,0.003,-0.0041,131473832.0,192401765.7
2023-01-20,74.07,75.29,73.66,75.11,2577700,0.014,0.0258,193611047.0,193351761.2
2023-01-23,75.59,77.11,75.13,75.94,1942100,0.0046,0.0111,147483074.0,200334317.5
2023-01-24,75.0,77.72,75.0,77.0,1863000,0.0267,0.014,143451000.0,205132546.3
2023-01-25,76.15,77.56,75.98,77.53,1263000,0.0181,0.0069,97920390.0,188872645.9
2023-01-26,78.0,79.48,77.34,79.44,1774800,0.0185,0.0246,140990112.0,141128232.9
2023-01-27,79.2,80.6,79.2,80.36,1647100,0.0146,0.0116,132360956.0,140542375.9
2023-01-30,80.02,81.27,79.29,79.44,1615900,-0.0072,-0.0114,128367096.0,139038746.5
2023-01-31,79.67,80.53,79.09,80.49,1542100,0.0103,0.0132,124123629.0,140259106.7
2023-02-01,80.06,81.54,78.41,81.32,1944800,0.0157,0.0103,158151136.0,136572089.6
2023-02-02,82.0,83.1,81.05,81.52,1918500,-0.0059,0.0025,156396120.0,139793227.2
2023-02-03,80.14,80.89,79.66,79.8,1314100,-0.0042,-0.0211,104865180.0,142285456.0
2023-02-06,78.91,80.51,78.47,79.78,1372400,0.011,-0.0003,109490072.0,133410869.3
2023-02-07,79.38,80.78,78.67,80.68,1057000,0.0164,0.0113,85278760.0,129611569.1
2023-02-08,80.52,81.56,79.59,81.39,2351200,0.0108,0.0088,191364168.0,123794345.1
2023-02-09,82.38,82.98,79.97,80.16,2039700,-0.0269,-0.0151,163502352.0,133138722.9
2023-02-10,79.07,79.58,75.92,76.41,3704400,-0.0336,-0.0468,283053204.0,135389946.9
2023-02-13,76.48,77.88,76.16,77.0,2337900,0.0068,0.0077,180018300.0,150459171.7
2023-02-14,76.5,78.14,76.0,78.08,1256500,0.0207,0.014,98107520.0,155624292.1
2023-02-15,77.82,79.15,77.69,78.97,1067000,0.0148,0.0114,84260990.0,153022681.2
2023-02-16,78.06,79.22,77.66,78.21,1263900,0.0019,-0.0096,98849619.0,145633666.6
2023-02-17,77.96,78.24,75.4,76.39,2458400,-0.0201,-0.0233,187797176.0,139879016.5
2023-02-21,75.23,75.83,74.75,75.05,1444400,-0.0024,-0.0175,108402220.0,148172216.1
2023-02-22,75.15,76.8,74.82,75.44,1636700,0.0039,0.0052,123472648.0,148063430.9
2023-02-23,75.69,77.02,74.89,76.49,2659000,0.0106,0.0139,203386910.0,151882819.7
2023-02-24,75.25,75.44,68.21,68.78,7341200,-0.086,-0.1008,504927736.0,153085093.9
2023-02-27,69.26,72.32,69.26,71.83,3325300,0.0371,0.0443,238856299.0,187227632.3
2023-02-28,71.82,72.95,71.62,72.06,2108900,0.0033,0.0032,151967334.0,182807941.8
2023-03-01,71.56,72.48,71.42,72.01,1744900,0.0063,-0.0007,125650249.0,180002845.2
2023-03-02,71.4,73.05,70.72,72.46,1659900,0.0148,0.0062,120276354.0,182757118.1
2023-03-03,72.91,73.46,72.47,72.97,1510500,0.0008,0.007,110221185.0,186358654.5
2023-03-06,73.54,73.86,72.53,72.6,1729700,-0.0128,-0.0051,125576220.0,187495811.1
2023-03-07,72.36,73.05,70.04,70.25,1876900,-0.0292,-0.0324,131852225.0,181273715.5
2023-03-08,70.39,70.71,69.72,70.25,1331600,-0.002,0.0,93544900.0,183618716.0
2023-03-09,70.18,70.66,68.04,68.15,1827600,-0.0289,-0.0299,124550940.0,180625941.2
2023-03-10,68.05,68.12,66.4,66.65,1952500,-0.0206,-0.022,130134125.0,172742344.2
2023-03-13,66.56,68.5,65.86,66.97,3013200,0.0062,0.0048,201794004.0,135262983.1
2023-03-14,68.0,68.52,66.92,67.63,1664300,-0.0054,0.0099,112556609.0,131556753.6
2023-03-15,66.61,67.19,65.25,67.03,2923300,0.0063,-0.0089,195948799.0,127615681.1
2023-03-16,66.67,67.98,65.85,67.66,1835900,0.0148,0.0094,124216994.0,134645536.1
2023-03-17,67.55,67.55,65.82,66.34,2340800,-0.0179,-0.0195,155288672.0,135039600.1
2023-03-20,66.71,68.74,66.46,68.03,1882500,0.0198,0.0255,128066475.0,139546348.8
2023-03-21,68.9,69.39,68.52,69.23,1663200,0.0048,0.0176,115143336.0,139795374.3
2023-03-22,69.2,69.28,66.23,66.24,2241300,-0.0428,-0.0432,148463712.0,138124485.4
2023-03-23,66.76,67.44,64.59,65.34,1597100,-0.0213,-0.0136,104354514.0,143616366.6
2023-03-24,64.7,66.18,64.25,65.95,1911100,0.0193,0.0093,126037045.0,141596724.0
2023-03-27,66.7,67.61,66.44,67.09,1362100,0.0058,0.0173,91383289.0,141187016.0
2023-03-28,66.91,67.87,66.8,67.85,1937200,0.014,0.0113,131439020.0,130145944.5
2023-03-29,68.67,68.95,67.99,68.61,1460300,-0.0009,0.0112,100191183.0,132034185.6
2023-03-30,69.21,69.76,68.21,69.2,1591600,-0.0001,0.0086,110138720.0,122458424.0
2023-03-31,70.0,70.33,69.51,70.0,1412400,0.0,0.0116,98868000.0,121050596.6
2023-04-03,69.83,69.98,68.71,69.31,1287200,-0.0074,-0.0099,89215832.0,115408529.4
2023-04-04,69.42,69.64,68.03,69.39,1396700,-0.0004,0.0012,96917013.0,111523465.1
2023-04-05,68.7,69.11,68.2,68.8,1318500,0.0015,-0.0085,90712800.0,109700832.8
2023-04-06,68.72,69.13,68.34,69.13,1462200,0.006,0.0048,101081886.0,103925741.6
2023-04-10,68.51,69.9,68.35,69.73,1087700,0.0178,0.0087,75845321.0,103598478.8
2023-04-11,69.91,70.8,69.67,70.18,1379800,0.0039,0.0065,96834364.0,98579306.4
2023-04-12,71.01,71.18,69.9,69.9,1550600,-0.0156,-0.004,108386940.0,99124413.9
2023-04-13,70.43,71.12,70.3,70.54,980300,0.0016,0.0092,69150362.0,96819205.9
2023-04-14,70.34,70.71,68.69,68.96,1211100,-0.0196,-0.0224,83517456.0,93715123.8
2023-04-17,68.73,69.0,67.88,68.43,1529400,-0.0044,-0.0077,104656842.0,91052997.4
2023-04-18,68.86,68.86,67.63,67.71,1853600,-0.0167,-0.0105,125507256.0,91631881.6
2023-04-19,67.05,67.98,66.6,67.75,1228900,0.0104,0.0006,83257975.0,95261024.0
2023-04-20,67.1,67.47,66.63,66.88,1343700,-0.0033,-0.0128,89866656.0,93895120.2
2023-04-21,67.04,67.14,66.34,66.98,853700,-0.0009,0.0015,57180826.0,93810505.8
2023-04-24,67.44,67.51,66.61,67.2,1051600,-0.0036,0.0033,70667520.0,89420399.8
2023-04-25,66.95,66.96,65.93,66.4,1311200,-0.0082,-0.0119,87063680.0,88902619.7
2023-04-26,66.42,66.82,64.96,65.42,1357100,-0.0151,-0.0148,88781482.0,87925551.3
2023-04-27,65.68,67.63,65.2,67.36,1628400,0.0256,0.0297,109689024.0,85965005.5
2023-04-28,67.14,68.27,66.91,67.78,1725800,0.0095,0.0062,116974724.0,90018871.7
2023-05-01,67.83,69.36,67.75,68.4,1357900,0.0084,0.0091,92880360.0,93364598.5
2023-05-02,68.01,68.33,66.39,67.75,1603200,-0.0038,-0.0095,108616800.0,92186950.3
2023-05-03,67.65,68.47,67.23,67.27,1371500,-0.0056,-0.0071,92260805.0,90497904.7
2023-05-04,67.01,67.43,66.38,67.07,1734400,0.0009,-0.003,116326208.0,91398187.7
2023-05-05,74.19,79.07,73.7,77.16,6701000,0.04,0.1504,517049160.0,94044142.9
2023-05-08,77.16,78.24,76.69,77.82,2323600,0.0086,0.0086,180822552.0,140030976.3
2023-05-09,77.99,78.95,77.0,77.63,2266000,-0.0046,-0.0024,175909580.0,151046479.5
2023-05-10,78.2,78.86,77.65,78.56,1663000,0.0046,0.012,130645280.0,159931069.5
2023-05-11,78.17,78.61,77.09,77.76,1656800,-0.0052,-0.0102,128832768.0,164117449.3
2023-05-12,77.82,78.23,76.78,78.15,1329400,0.0042,0.005,103892610.0,166031823.7
2023-05-15,77.94,80.61,77.63,80.39,2511100,0.0314,0.0287,201867329.0,164723612.3
2023-05-16,80.27,81.12,79.64,80.75,1575500,0.006,0.0045,127221625.0,175622309.2
2023-05-17,81.44,82.58,81.01,82.05,1934600,0.0075,0.0161,158733930.0,177482791.7
2023-05-18,82.32,85.0,82.04,84.5,2806400,0.0265,0.0299,237140800.0,184130104.2
2023-05-19,84.75,84.9,83.78,84.73,1421500,-0.0002,0.0027,120443695.0,196211563.4
2023-05-22,84.55,85.71,84.3,84.75,2181800,0.0024,0.0002,184907550.0,156551016.9
2023-05-23,84.01,84.59,82.0,82.06,2674100,-0.0232,-0.0317,219436646.0,156959516.7
2023-05-24,81.72,82.4,81.19,82.08,1667200,0.0044,0.0002,136843776.0,161312223.3
2023-05-25,82.25,82.25,81.07,81.69,1433400,-0.0068,-0.0048,117094446.0,161932072.9
2023-05-26,82.15,82.79,81.63,82.15,1729000,0.0,0.0056,142037350.0,160758240.7
2023-05-30,82.74,82.74,80.11,80.23,2565400,-0.0303,-0.0234,205822042.0,164572714.7
2023-05-31,80.2,80.75,79.71,79.94,3077300,-0.0032,-0.0036,245999362.0,164968186.0
2023-06-01,80.24,81.4,79.37,81.13,1572400,0.0111,0.0149,127568812.0,176845959.7
2023-06-02,82.17,82.94,81.64,82.83,1292500,0.008,0.021,107057775.0,173729447.9
2023-06-05,82.51,82.93,81.54,82.5,1215600,-0.0001,-0.004,100287000.0,160721145.4
2023-06-06,82.4,83.45,82.4,82.99,963900,0.0072,0.0059,79994061.0,158705475.9
2023-06-07,83.48,83.89,82.76,82.81,1036600,-0.008,-0.0022,85840846.0,148214127.0
2023-06-08,82.62,83.37,81.59,83.22,1307100,0.0073,0.005,108776862.0,134854547.0
2023-06-09,83.57,84.26,83.17,84.15,1574000,0.0069,0.0112,132452100.0,132047855.6
2023-06-12,84.71,86.26,84.01,85.67,2363600,0.0113,0.0181,202489612.0,133583621.0
2023-06-13,86.26,87.04,86.01,87.03,2442600,0.0089,0.0159,212579478.0,139628847.2
2023-06-14,87.14,87.74,86.51,87.08,2817900,-0.0007,0.0006,245382732.0,140304590.8
2023-06-15,87.29,90.58,87.05,90.34,3347000,0.0349,0.0374,302367980.0,140242927.8
2023-06-16,91.29,91.42,89.82,90.18,3107200,-0.0122,-0.0018,280207296.0,157722844.6
2023-06-20,89.57,90.1,88.8,89.13,1577300,-0.0049,-0.0116,140584749.0,175037796.7
2023-06-21,89.09,89.8,88.37,88.65,1465700,-0.0049,-0.0054,129934305.0,179067571.6
2023-06-22,88.26,89.2,87.78,88.8,1219600,0.0061,0.0017,108300480.0,184061596.0
2023-06-23,87.72,88.71,87.38,87.76,2652700,0.0005,-0.0117,232800952.0,186307559.4
2023-06-26,87.38,88.15,87.14,87.3,921800,-0.0009,-0.0052,80473140.0,198709968.4
2023-06-27,87.93,88.8,87.23,88.07,1423500,0.0016,0.0088,125367645.0,193512072.4
2023-06-28,88.24,89.13,87.73,88.72,1314600,0.0054,0.0074,116631312.0,185799875.7
2023-06-29,88.66,90.28,88.26,89.68,1579500,0.0115,0.0108,141649560.0,176205059.1
2023-06-30,90.41,91.44,90.21,91.11,1402800,0.0077,0.0159,127809108.0,165831741.9
2023-07-03,91.11,91.96,90.85,91.75,768900,0.007,0.007,70546575.0,148375854.7
2023-07-05,91.59,92.81,90.87,92.72,2088400,0.0123,0.0106,193636448.0,127409782.6
2023-07-06,91.91,92.09,90.83,91.64,1960800,-0.0029,-0.0116,179687712.0,132714952.5
2023-07-07,91.45,93.32,91.45,91.76,1649100,0.0034,0.0013,151321416.0,137690293.2
2023-07-10,91.67,93.23,91.57,92.03,2011800,0.0039,0.0029,185145954.0,141992386.8
2023-07-11,92.01,93.49,91.78,92.88,1842400,0.0095,0.0092,171122112.0,137226887.0
2023-07-12,93.52,93.84,91.65,91.75,2748600,-0.0189,-0.0122,252184050.0,146291784.2
2023-07-13,92.34,93.57,92.32,93.12,1714300,0.0084,0.0149,159635616.0,158973424.7
