Date,Open,High,Low,Close,Volume,% Day Change,% Previous Change,$ Volume,Previous 10D $ Volume
2012-11-02,32.05,33.15,30.32,31.1,6838100,-0.0296,,212664910.0,
2012-11-05,31.19,33.34,30.86,33.3,570300,0.0676,0.0707,18990990.0,
2012-11-06,33.4,33.9,32.2,33.3,462100,-0.003,0.0,15387930.0,
2012-11-07,32.55,33.08,32.03,32.45,111700,-0.0031,-0.0255,3624665.0,
2012-11-08,32.03,33.51,32.0,33.08,200200,0.0328,0.0194,6622616.0,
2012-11-09,32.52,32.52,31.5,32.13,335700,-0.012,-0.0287,10786041.0,
2012-11-12,32.13,32.65,31.64,32.24,237400,0.0034,0.0034,7653776.0,
2012-11-13,31.9,32.5,31.74,32.41,161800,0.016,0.0053,5243938.0,
2012-11-14,32.75,33.8,32.55,33.39,215600,0.0195,0.0302,7198884.0,
2012-11-15,32.7,33.96,32.7,33.63,242600,0.0284,0.0072,8158638.0,
2012-11-16,33.82,35.18,33.72,34.45,183400,0.0186,0.0244,6318130.0,29633238.8
2012-11-19,34.8,35.28,34.32,34.57,141700,-0.0066,0.0035,4898569.0,8998560.8
2012-11-20,34.7,35.63,34.53,35.08,70300,0.011,0.0148,2466124.0,7589318.7
2012-11-21,35.45,35.45,34.93,35.12,61200,-0.0093,0.0011,2149344.0,6297138.1
2012-11-23,35.4,35.55,35.29,35.49,80000,0.0025,0.0105,2839200.0,6149606.0
2012-11-26,35.5,38.33,35.41,37.99,469700,0.0701,0.0704,17843903.0,5771264.4
2012-11-27,37.5,37.64,35.3,35.78,613700,-0.0459,-0.0582,21958186.0,6477050.6
2012-11-28,35.75,36.93,35.61,36.9,156400,0.0322,0.0313,5771160.0,7907491.6
2012-11-29,37.0,37.14,36.5,37.0,71600,0.0,0.0027,2649200.0,7960213.8
2012-11-30,37.0,37.81,36.69,36.9,88000,-0.0027,-0.0027,3247200.0,7505245.4
2012-12-03,37.4,37.4,36.53,36.74,117400,-0.0176,-0.0043,4313276.0,7014101.6
2012-12-04,36.36,36.7,35.86,36.7,179100,0.0094,-0.0011,6572970.0,6813616.2
2012-12-05,36.3,37.2,35.77,36.0,111700,-0.0083,-0.0191,4021200.0,6981056.3
2012-12-06,36.25,37.0,35.49,36.72,223800,0.013,0.02,8217936.0,7136563.9
2012-12-07,37.2,37.31,36.65,36.74,200800,-0.0124,0.0005,7377392.0,7743423.1
2012-12-10,37.16,37.47,36.32,36.5,327400,-0.0178,-0.0065,11950100.0,8197242.3
2012-12-11,36.7,36.92,35.82,36.06,158400,-0.0174,-0.0121,5711904.0,7607862.0
2012-12-12,36.44,37.02,35.72,36.69,311000,0.0069,0.0175,11410590.0,5983233.8
2012-12-13,33.5,36.32,33.2,34.9,1878900,0.0418,-0.0488,65573610.0,6547176.8
2012-12-14,34.5,35.74,34.45,34.51,176800,0.0003,-0.0112,6101368.0,12839617.8
2012-12-17,33.61,34.92,33.61,33.72,170900,0.0033,-0.0229,5762748.0,13125034.6
2012-12-18,33.86,33.95,31.72,32.7,647000,-0.0343,-0.0302,21156900.0,13269981.8
2012-12-19,31.56,33.24,31.56,32.97,270800,0.0447,0.0083,8928276.0,14728374.8
2012-12-20,32.86,32.95,31.68,32.0,300600,-0.0262,-0.0294,9619200.0,15219082.4
2012-12-21,31.15,31.74,30.92,31.49,816500,0.0109,-0.0159,25711585.0,15359208.8
2012-12-24,31.59,32.88,31.36,32.35,112300,0.0241,0.0273,3632905.0,17192628.1
2012-12-26,32.43,32.64,32.1,32.37,149500,-0.0019,0.0006,4839315.0,16360908.6
2012-12-27,32.29,32.88,32.19,32.76,107600,0.0146,0.012,3524976.0,16273649.7
2012-12-28,32.7,34.5,32.6,33.89,229100,0.0364,0.0345,7764199.0,15485088.3
2012-12-31,33.89,34.26,33.5,33.73,102400,-0.0047,-0.0047,3453952.0,9704147.2
2013-01-02,33.8,34.2,33.14,33.23,207900,-0.0169,-0.0148,6908517.0,9439405.6
2013-01-03,33.41,34.49,33.23,34.39,155400,0.0293,0.0349,5344206.0,9553982.5
2013-01-04,34.36,34.88,33.68,34.29,231400,-0.002,-0.0029,7934706.0,7972713.1
2013-01-07,34.23,35.44,32.92,32.97,172300,-0.0368,-0.0385,5680731.0,7873356.1
2013-01-08,32.85,33.55,31.94,32.19,170000,-0.0201,-0.0237,5472300.0,7479509.2
2013-01-09,32.07,33.5,31.93,33.05,85900,0.0306,0.0267,2838995.0,5455580.7
2013-01-10,33.4,33.92,32.51,32.78,106900,-0.0186,-0.0082,3504182.0,5376189.7
2013-01-11,32.95,33.18,32.45,32.82,79600,-0.0039,0.0012,2612472.0,5242676.4
2013-01-14,33.05,33.05,32.25,32.8,67700,-0.0076,-0.0006,2220560.0,5151426.0
2013-01-15,32.56,33.21,32.24,32.55,82500,-0.0003,-0.0076,2685375.0,4597062.1
2013-01-16,32.59,32.59,31.6,32.3,81700,-0.0089,-0.0077,2638910.0,4520204.4
2013-01-17,32.59,34.0,32.36,33.98,142300,0.0427,0.052,4835354.0,4093243.7
2013-01-18,33.79,35.55,33.59,35.16,204300,0.0405,0.0347,7183188.0,4042358.5
2013-01-22,35.0,36.22,35.0,35.73,50400,0.0209,0.0162,1800792.0,3967206.7
2013-01-23,35.86,36.05,35.2,35.7,56600,-0.0045,-0.0008,2020620.0,3579212.8
2013-01-24,35.88,36.24,35.53,36.23,28100,0.0098,0.0148,1018063.0,3234044.8
2013-01-25,36.4,36.7,35.77,36.08,58000,-0.0088,-0.0041,2092640.0,3051951.6
2013-01-28,36.0,36.33,35.75,35.84,45200,-0.0044,-0.0067,1619968.0,2910797.4
2013-01-29,35.87,36.75,35.76,36.09,76500,0.0061,0.007,2760885.0,2811547.0
2013-01-30,36.3,36.3,35.75,36.13,25100,-0.0047,0.0011,906863.0,2865579.5
2013-01-31,36.45,36.69,35.34,36.0,69900,-0.0123,-0.0036,2516400.0,2687728.3
2013-02-01,36.25,36.31,35.33,36.23,77500,-0.0006,0.0064,2807825.0,2675477.3
2013-02-04,36.11,36.88,35.88,36.39,46100,0.0078,0.0044,1677579.0,2472724.4
2013-02-05,36.58,39.46,36.43,37.51,157800,0.0254,0.0308,5919078.0,1922163.5
2013-02-06,37.43,39.39,37.43,38.92,77000,0.0398,0.0376,2996840.0,2333992.1
2013-02-07,39.0,39.17,38.56,38.95,66800,-0.0013,0.0008,2601860.0,2431614.1
2013-02-08,39.04,39.25,38.85,39.08,69600,0.001,0.0033,2719968.0,2589993.8
2013-02-11,39.22,39.99,38.57,39.17,64000,-0.0013,0.0023,2506880.0,2652726.6
2013-02-12,39.35,39.77,39.26,39.53,140500,0.0046,0.0092,5553965.0,2741417.8
2013-02-13,39.72,39.96,39.38,39.44,80800,-0.007,-0.0023,3186752.0,3020725.8
2013-02-14,39.28,39.42,38.56,38.84,105600,-0.0112,-0.0152,4101504.0,3248714.7
2013-02-15,39.15,39.15,38.09,38.34,68700,-0.0207,-0.0129,2633958.0,3407225.1
2013-02-19,38.48,39.33,38.32,38.83,39300,0.0091,0.0128,1526019.0,3389838.4
2013-02-20,39.07,39.23,38.01,38.06,66800,-0.0259,-0.0198,2542408.0,3374682.4
2013-02-21,38.12,38.17,36.33,36.78,211500,-0.0352,-0.0336,7778970.0,3037015.4
2013-02-22,36.87,37.17,36.34,37.01,64900,0.0038,0.0063,2401949.0,3515228.4
2013-02-25,36.93,36.93,35.23,35.65,113800,-0.0347,-0.0367,4056970.0,3495237.3
2013-02-26,35.71,36.95,35.6,36.21,157200,0.014,0.0157,5692212.0,3628937.5
2013-02-27,36.16,36.52,35.9,36.45,38600,0.008,0.0066,1406970.0,3947470.7
2013-02-28,36.41,38.68,36.25,38.61,89800,0.0604,0.0593,3467178.0,3532771.2
2013-03-01,38.28,38.28,36.7,37.56,95100,-0.0188,-0.0272,3571956.0,3560813.8
2013-03-04,37.4,39.48,37.3,39.44,75300,0.0545,0.0501,2969832.0,3507859.0
2013-03-05,39.44,39.88,38.54,39.55,152300,0.0028,0.0028,6023465.0,3541446.4
2013-03-06,39.49,39.92,38.54,39.58,33000,0.0023,0.0008,1306140.0,3991191.0
2013-03-07,39.5,39.73,39.28,39.55,30700,0.0013,-0.0008,1214185.0,3867564.2
2013-03-08,40.0,40.45,38.15,38.57,204900,-0.0357,-0.0248,7902993.0,3211085.7
2013-03-11,38.58,39.18,37.99,38.75,90900,0.0044,0.0047,3522375.0,3761190.1
2013-03-12,38.94,38.94,38.24,38.31,65400,-0.0162,-0.0114,2505474.0,3707730.6
2013-03-13,38.3,38.47,36.86,37.85,156800,-0.0117,-0.012,5934880.0,3389056.8
2013-03-14,37.99,38.48,37.79,38.3,60100,0.0082,0.0119,2301830.0,3841847.8
2013-03-15,39.55,39.55,36.63,37.0,135900,-0.0645,-0.0339,5028300.0,3725313.0
2013-03-18,36.95,36.95,36.21,36.66,54900,-0.0078,-0.0092,2012634.0,3870947.4
2013-03-19,37.21,37.37,35.68,35.79,65200,-0.0382,-0.0237,2333508.0,3775227.6
2013-03-20,35.79,36.23,34.44,34.75,165100,-0.0291,-0.0291,5737225.0,3406231.9
2013-03-21,34.59,35.15,34.38,34.92,52300,0.0095,0.0049,1826316.0,3849340.4
2013-03-22,34.76,35.17,34.4,34.96,68400,0.0058,0.0011,2391264.0,3910553.5
2013-03-25,34.91,36.26,34.48,35.1,106700,0.0054,0.004,3745170.0,3359380.6
2013-03-26,35.19,35.88,34.6,35.53,81100,0.0097,0.0123,2881483.0,3381660.1
2013-03-27,35.31,35.45,34.78,34.95,43100,-0.0102,-0.0163,1506345.0,3419261.0
2013-03-28,35.13,35.63,33.76,35.0,175500,-0.0037,0.0014,6142500.0,2976407.5
2013-04-01,35.19,36.27,34.91,35.03,110500,-0.0045,0.0009,3870815.0,3360474.5
2013-04-02,35.03,36.49,35.03,36.07,94500,0.0297,0.0297,3408615.0,3244726.0
2013-04-03,35.86,36.18,33.87,34.45,127600,-0.0393,-0.0449,4395820.0,3384324.1
2013-04-04,34.56,34.95,33.55,34.45,82900,-0.0032,0.0,2855905.0,3590555.3
2013-04-05,34.1,34.67,33.31,33.78,66600,-0.0094,-0.0194,2249748.0,3302423.3
2013-04-08,33.54,34.47,33.02,34.1,187000,0.0167,0.0095,6376700.0,3344766.5
2013-04-09,34.23,34.4,33.86,34.15,116100,-0.0023,0.0015,3964815.0,3743310.1
2013-04-10,34.43,35.75,34.1,34.93,152900,0.0145,0.0228,5340797.0,3765274.6
2013-04-11,35.0,35.23,34.07,34.17,118000,-0.0237,-0.0218,4032060.0,4011206.0
2013-04-12,34.38,35.09,33.95,34.94,118500,0.0163,0.0225,4140390.0,4263777.5
2013-04-15,35.62,35.62,34.5,34.69,147700,-0.0261,-0.0072,5123713.0,4063566.5
2013-04-16,34.92,35.49,34.39,34.73,115800,-0.0054,0.0012,4021734.0,4188856.3
2013-04-17,34.76,34.76,33.48,34.35,53000,-0.0118,-0.0109,1820550.0,4250168.2
2013-04-18,34.31,35.01,32.02,32.75,291900,-0.0455,-0.0466,9559725.0,3992641.2
2013-04-19,35.43,41.31,35.43,38.0,1439400,0.0725,0.1603,54697200.0,4663023.2
2013-04-22,37.6,38.96,37.13,38.77,156400,0.0311,0.0203,6063628.0,9907768.4
2013-04-23,38.93,38.93,38.1,38.77,69800,-0.0041,0.0,2706146.0,9876461.2
2013-04-24,38.74,38.74,38.07,38.28,37000,-0.0119,-0.0126,1416360.0,9750594.3
2013-04-25,38.37,38.88,38.11,38.33,59300,-0.001,0.0013,2272969.0,9358150.6
2013-04-26,38.23,38.57,38.2,38.25,42500,0.0005,-0.0021,1625625.0,9182241.5
2013-04-29,37.79,38.49,36.85,38.32,123300,0.014,0.0018,4724856.0,8930765.0
2013-04-30,38.12,39.08,38.12,38.95,133900,0.0218,0.0164,5215405.0,8890879.3
2013-05-01,38.89,39.2,38.19,38.73,136700,-0.0041,-0.0056,5294391.0,9010246.4
2013-05-02,38.73,39.2,38.73,39.0,48600,0.007,0.007,1895400.0,9357630.5
2013-05-03,38.99,39.19,38.34,38.79,60000,-0.0051,-0.0054,2327400.0,8591198.0
2013-05-06,38.65,39.61,38.65,39.6,31200,0.0246,0.0209,1235520.0,3354218.0
2013-05-07,39.76,39.82,39.41,39.55,33900,-0.0053,-0.0013,1340745.0,2871407.2
2013-05-08,39.64,40.31,39.45,39.62,81900,-0.0005,0.0018,3244878.0,2734867.1
2013-05-09,39.51,40.28,39.51,40.25,44700,0.0187,0.0159,1799175.0,2917718.9
2013-05-10,40.35,52.48,40.35,47.87,940500,0.1864,0.1893,45021735.0,2870339.5
2013-05-13,47.0,51.81,47.0,51.13,442900,0.0879,0.0681,22645477.0,7209950.5
2013-05-14,51.39,52.67,50.5,52.45,505100,0.0206,0.0258,26492495.0,9002012.6
2013-05-15,52.09,53.93,51.79,53.05,4085900,0.0184,0.0114,216756995.0,11129721.6
2013-05-16,52.85,53.64,50.17,52.0,377800,-0.0161,-0.0198,19645600.0,32275982.0
2013-05-17,52.31,54.42,52.0,54.15,520400,0.0352,0.0413,28179660.0,34051002.0
2013-05-20,53.89,57.36,53.89,55.95,467000,0.0382,0.0332,26128650.0,36636228.0
2013-05-21,55.94,56.19,53.72,55.35,267800,-0.0105,-0.0107,14822730.0,39125541.0
2013-05-22,55.28,56.0,53.2,53.62,155800,-0.03,-0.0313,8353996.0,40473739.5
2013-05-23,52.0,54.91,51.98,54.68,188300,0.0515,0.0198,10296244.0,40984651.3
2013-05-24,54.2,55.18,53.28,54.75,353900,0.0101,0.0013,19376025.0,41834358.2
2013-05-28,54.94,55.34,53.2,53.87,308400,-0.0195,-0.0161,16613508.0,39269787.2
2013-05-29,53.71,54.0,52.39,52.96,147200,-0.014,-0.0169,7795712.0,38666590.3
2013-05-30,53.07,55.48,52.66,55.32,200200,0.0424,0.0446,11075064.0,36796912.0
2013-05-31,54.78,56.73,54.0,55.87,235500,0.0199,0.0099,13157385.0,16228718.9
2013-06-03,55.59,55.95,54.42,55.95,266200,0.0065,0.0014,14893890.0,15579897.4
2013-06-04,55.7,57.43,55.25,57.19,209600,0.0268,0.0222,11987024.0,14251320.4
2013-06-05,57.18,57.77,56.45,56.7,212900,-0.0084,-0.0086,12071430.0,12837157.8
2013-06-06,56.88,57.6,55.93,56.55,196500,-0.0058,-0.0026,11112075.0,12562027.8
2013-06-07,56.56,57.3,56.55,56.71,148800,0.0027,0.0028,8438448.0,12837835.7
2013-06-10,56.72,57.16,55.8,55.99,232700,-0.0129,-0.0127,13028873.0,12652056.1
2013-06-11,56.25,56.96,55.85,56.36,239000,0.002,0.0066,13470040.0,12017340.9
2013-06-12,56.75,58.91,56.62,57.5,512700,0.0132,0.0202,29480250.0,11702994.1
2013-06-13,57.86,60.0,57.32,58.96,736100,0.019,0.0254,43400456.0,13871447.9
2013-06-14,67.17,70.48,66.96,68.47,3146800,0.0194,0.1613,215461396.0,17103987.1
2013-06-17,69.75,72.3,68.3,71.92,1061300,0.0311,0.0504,76328696.0,37334388.2
2013-06-18,70.15,70.87,67.66,70.68,1343100,0.0076,-0.0172,94930308.0,43477868.8
2013-06-19,70.26,71.73,70.03,71.07,545800,0.0115,0.0055,38790006.0,51772197.2
2013-06-20,70.86,72.02,69.83,71.07,686700,0.003,0.0,48803769.0,54444054.8
2013-06-21,70.79,71.53,69.69,71.28,1553600,0.0069,0.003,110740608.0,58213224.2
2013-06-24,70.75,72.54,68.57,72.29,542700,0.0218,0.0142,39231783.0,68443440.2
2013-06-25,73.09,74.62,72.57,72.9,507300,-0.0026,0.0084,36982170.0,71063731.2
2013-06-26,73.98,74.25,72.51,74.03,312100,0.0007,0.0155,23104763.0,73414944.2
2013-06-27,74.11,74.44,73.1,74.27,283900,0.0022,0.0032,21085253.0,72777395.5
2013-06-28,74.29,75.77,73.48,75.0,1256700,0.0096,0.0098,94252500.0,70545875.2
2013-07-01,75.19,76.14,74.51,75.67,232000,0.0064,0.0089,17555440.0,58424985.6
2013-07-02,75.69,76.47,75.0,75.43,175000,-0.0034,-0.0032,13200250.0,52547660.0
2013-07-03,75.0,75.93,74.93,75.93,88200,0.0124,0.0066,6697026.0,44374654.2
2013-07-05,75.96,75.96,73.93,74.65,272800,-0.0172,-0.0169,20364520.0,41165356.2
2013-07-08,75.01,77.25,74.55,75.76,216000,0.01,0.0149,16364160.0,38321431.3
2013-07-09,76.16,77.36,76.11,77.18,195200,0.0134,0.0187,15065536.0,28883786.5
2013-07-10,76.33,76.95,74.53,75.24,318000,-0.0143,-0.0251,23926320.0,26467161.8
2013-07-11,75.4,75.75,70.92,71.33,996900,-0.054,-0.052,71108877.0,25161576.8
2013-07-12,69.63,69.92,68.15,68.6,5141500,-0.0148,-0.0383,352706900.0,29961988.2
2013-07-15,69.0,69.99,68.77,69.85,1262700,0.0123,0.0182,88199595.0,63124152.9
2013-07-16,69.92,69.92,68.78,69.3,653500,-0.0089,-0.0079,45287550.0,62518862.4
2013-07-17,69.25,69.76,68.15,68.66,812600,-0.0085,-0.0092,55793116.0,65292073.4
2013-07-18,67.75,69.0,66.0,68.21,751200,0.0068,-0.0066,51239352.0,69551360.0
2013-07-19,68.1,68.28,67.24,67.67,1113700,-0.0063,-0.0079,75364079.0,74005592.6
2013-07-22,68.0,68.49,67.4,68.35,479800,0.0051,0.01,32794330.0,79505548.5
2013-07-23,68.3,68.75,67.0,67.84,1279700,-0.0067,-0.0075,86814848.0,81148565.5
2013-07-24,67.97,68.34,66.59,66.72,496100,-0.0184,-0.0165,33099792.0,88323496.7
2013-07-25,66.5,67.58,66.13,67.48,436000,0.0147,0.0114,29421280.0,89240843.9
2013-07-26,67.0,67.74,66.37,66.68,359700,-0.0048,-0.0119,23984796.0,85072084.2
2013-07-29,65.7,65.74,63.81,65.28,1430000,-0.0064,-0.021,93350400.0,52199873.8
2013-07-30,65.23,67.0,64.33,66.45,639300,0.0187,0.0179,42481485.0,52714954.3
2013-07-31,66.45,67.5,66.11,66.82,481000,0.0056,0.0056,32140420.0,52434347.8
2013-08-01,67.07,69.47,66.77,69.19,1325800,0.0316,0.0355,91732102.0,50069078.2
2013-08-02,68.87,69.23,67.16,68.86,324100,-0.0001,-0.0048,22317526.0,54118353.2
2013-08-05,68.57,69.75,68.01,69.35,328900,0.0114,0.0071,22809215.0,48813697.9
2013-08-06,68.97,69.13,66.76,67.56,186700,-0.0204,-0.0258,12613452.0,47815186.4
2013-08-07,66.9,67.3,64.89,65.8,454700,-0.0164,-0.0261,29919260.0,40395046.8
2013-08-08,65.92,66.32,65.38,66.18,223100,0.0039,0.0058,14764758.0,40076993.6
2013-08-09,66.22,66.5,65.37,66.48,281600,0.0039,0.0045,18720768.0,38611341.4
2013-08-12,66.51,68.1,65.87,67.93,367500,0.0214,0.0218,24964275.0,38084938.6
2013-08-13,67.5,68.4,66.14,67.89,346800,0.0058,-0.0006,23544252.0,31246326.1
2013-08-14,67.64,68.44,67.01,68.0,251000,0.0053,0.0016,17068000.0,29352602.8
2013-08-15,67.24,67.24,65.8,66.73,295800,-0.0076,-0.0187,19738734.0,27845360.8
2013-08-16,66.4,67.63,65.92,67.45,336100,0.0158,0.0108,22669945.0,20646024.0
2013-08-19,67.17,69.18,66.82,68.37,536700,0.0179,0.0136,36694179.0,20681265.9
2013-08-20,68.68,69.55,67.98,68.4,380300,-0.0041,0.0004,26012520.0,22069762.3
2013-08-21,68.23,68.87,67.43,68.77,359000,0.0079,0.0054,24688430.0,23409669.1
2013-08-22,69.0,70.9,68.92,70.15,526500,0.0167,0.0201,36933975.0,22886586.1
2013-08-23,70.01,70.44,68.28,70.37,540500,0.0051,0.0031,38034985.0,25103507.8
2013-08-26,70.4,73.48,70.12,71.76,747000,0.0193,0.0198,53604720.0,27034929.5
2013-08-27,70.49,71.51,68.45,69.54,460000,-0.0135,-0.0309,31988400.0,29898974.0
2013-08-28,69.69,70.19,68.51,69.2,419900,-0.007,-0.0049,29057080.0,30743388.8
2013-08-29,69.36,71.15,69.1,70.32,292200,0.0138,0.0162,20547504.0,31942296.8
2013-08-30,70.07,70.46,68.52,69.53,171700,-0.0077,-0.0112,11938301.0,32023173.8
2013-09-03,70.44,70.5,68.7,69.64,287000,-0.0114,0.0016,19986680.0,30950009.4
2013-09-04,70.54,71.5,69.65,70.3,349800,-0.0034,0.0095,24590940.0,29279259.5
2013-09-05,70.7,72.96,70.6,71.88,427400,0.0167,0.0225,30721512.0,29137101.5
2013-09-06,72.5,75.23,71.41,74.62,880100,0.0292,0.0381,65673062.0,29740409.7
2013-09-09,75.5,78.29,75.18,76.8,1276600,0.0172,0.0292,98042880.0,32614318.4
2013-09-10,78.47,78.5,75.24,76.06,1884000,-0.0307,-0.0096,143297040.0,38615107.9
2013-09-11,73.62,73.62,65.83,67.04,4228800,-0.0894,-0.1186,283498752.0,47584339.9
2013-09-12,67.01,69.28,65.42,68.66,1486500,0.0246,0.0242,102063090.0,72735375.1
2013-09-13,68.9,69.94,68.67,69.71,690300,0.0118,0.0153,48120813.0,80035976.1
2013-09-16,70.0,70.5,68.28,68.74,618200,-0.018,-0.0139,42495068.0,82793307.0
2013-09-17,67.76,69.6,67.76,68.4,340500,0.0094,-0.0049,23290200.0,85848983.7
2013-09-18,68.32,68.32,64.72,65.88,1484500,-0.0357,-0.0368,97798860.0,86179335.7
2013-09-19,65.43,65.96,64.43,64.65,722400,-0.0119,-0.0187,46703160.0,93500127.7
2013-09-20,64.65,65.18,62.11,62.85,1594000,-0.0278,-0.0278,100182900.0,95098292.5
2013-09-23,62.98,62.98,61.39,61.92,609400,-0.0168,-0.0148,37734048.0,98549276.3
2013-09-24,61.91,64.52,61.7,64.41,758600,0.0404,0.0402,48861426.0,92518393.1
2013-09-25,64.51,65.58,63.79,65.26,620700,0.0116,0.0132,40506882.0,83074831.7
2013-09-26,65.52,66.12,65.14,65.99,468500,0.0072,0.0112,30916315.0,58775644.7
2013-09-27,65.48,67.25,64.84,65.48,582700,0.0,-0.0077,38155196.0,51660967.2
2013-09-30,64.45,64.97,63.08,63.35,490800,-0.0171,-0.0325,31092180.0,50664405.5
2013-10-01,61.46,62.67,60.66,62.56,4087900,0.0179,-0.0125,255739024.0,49524116.7
2013-10-02,62.44,65.68,62.2,64.98,2578900,0.0407,0.0387,167576922.0,72768999.1
2013-10-03,64.66,66.13,64.23,64.93,1217000,0.0042,-0.0008,79019810.0,79746805.3
2013-10-04,64.98,65.86,64.54,65.74,784300,0.0117,0.0125,51559882.0,82978470.3
2013-10-07,65.4,65.69,63.05,64.18,616800,-0.0187,-0.0237,39586224.0,78116168.5
2013-10-08,62.71,63.02,58.75,60.66,3360400,-0.0327,-0.0548,203841864.0,78301386.1
2013-10-09,60.64,60.87,58.21,60.52,1138500,-0.002,-0.0023,68902020.0,93799429.9
2013-10-10,61.32,61.95,60.49,61.91,1472000,0.0096,0.023,91131520.0,96638943.7
2013-10-11,61.46,63.7,61.01,63.01,1275700,0.0252,0.0178,80381857.0,102660464.2
2013-10-14,62.43,63.62,61.11,63.46,821100,0.0165,0.0071,52107006.0,106883130.3
2013-10-15,63.05,63.76,60.42,61.32,1021500,-0.0274,-0.0337,62638380.0,108984612.9
2013-10-16,61.82,64.42,61.15,63.68,1141600,0.0301,0.0385,72697088.0,89674548.5
2013-10-17,63.25,65.25,63.25,65.03,1023900,0.0281,0.0212,66584217.0,80186565.1
2013-10-18,65.39,66.0,64.29,65.83,966200,0.0067,0.0123,63604946.0,78943005.8
2013-10-21,65.82,65.97,63.75,64.31,704500,-0.0229,-0.0231,45306395.0,80147512.2
2013-10-22,64.4,65.44,63.75,65.35,717600,0.0148,0.0162,46895160.0,80719529.3
2013-10-23,65.21,67.28,64.58,66.9,1400700,0.0259,0.0237,93706830.0,65024858.9
2013-10-24,66.89,70.49,66.6,70.21,1316500,0.0496,0.0495,92431465.0,67505339.9
2013-10-25,70.49,70.49,69.54,70.0,527800,-0.007,-0.003,36946000.0,67635334.4
2013-10-28,69.83,70.83,69.67,70.15,534300,0.0046,0.0021,37481145.0,63291748.7
2013-10-29,70.13,71.16,69.75,70.83,352500,0.01,0.0097,24967575.0,61829162.6
2013-10-30,70.62,71.6,69.75,71.44,513000,0.0116,0.0086,36648720.0,58062082.1
2013-10-31,71.49,71.6,69.64,69.74,474300,-0.0245,-0.0238,33077682.0,54457245.3
2013-11-01,69.86,70.59,68.03,68.59,496400,-0.0182,-0.0165,34048076.0,51106591.8
2013-11-04,68.98,70.63,68.0,70.47,454700,0.0216,0.0274,32042709.0,48150904.8
2013-11-05,70.37,70.91,69.62,70.57,232800,0.0028,0.0014,16428696.0,46824536.2
2013-11-06,70.71,71.0,67.6,70.33,625000,-0.0054,-0.0034,43956250.0,43777889.8
2013-11-07,70.62,70.98,68.96,70.01,650700,-0.0086,-0.0045,45555507.0,38802831.8
2013-11-08,69.82,72.75,69.37,72.64,552500,0.0404,0.0376,40133600.0,34115236.0
2013-11-11,72.7,75.0,71.91,74.33,693000,0.0224,0.0233,51510690.0,34433996.0
2013-11-12,74.33,74.33,71.78,73.48,628200,-0.0114,-0.0114,46160136.0,35836950.5
2013-11-13,73.3,75.01,72.76,74.77,302300,0.0201,0.0176,22602971.0,37956206.6
2013-11-14,74.95,75.01,73.81,74.61,261500,-0.0045,-0.0021,19510515.0,36551631.7
2013-11-15,74.46,75.82,74.1,75.22,1009800,0.0102,0.0082,75957156.0,35194915.0
2013-11-18,75.55,75.6,72.39,73.07,585500,-0.0328,-0.0286,42782485.0,39385823.0
2013-11-19,73.11,73.83,72.46,72.99,369500,-0.0016,-0.0011,26969805.0,40459800.6
2013-11-20,73.44,73.8,70.03,70.65,467100,-0.038,-0.0321,33000615.0,41513911.5
2013-11-21,71.17,74.89,71.16,74.77,824200,0.0506,0.0583,61625434.0,40418348.0
2013-11-22,74.99,75.75,74.02,75.55,453100,0.0075,0.0104,34231705.0,42025340.7
2013-11-25,75.75,75.94,72.63,73.57,527400,-0.0288,-0.0262,38800818.0,41435151.2
2013-11-26,73.65,76.14,73.05,75.57,693100,0.0261,0.0272,52377567.0,40164164.0
2013-11-27,75.38,76.68,74.66,76.25,311200,0.0115,0.009,23729000.0,40785907.1
2013-11-29,76.05,76.51,75.25,75.5,138800,-0.0072,-0.0098,10479400.0,40898510.0
2013-12-02,75.3,75.68,72.67,73.03,429300,-0.0301,-0.0327,31351779.0,39995398.5
2013-12-03,73.71,74.39,72.65,73.16,517800,-0.0075,0.0018,37882248.0,35534860.8
2013-12-04,73.18,74.36,72.75,73.96,410700,0.0107,0.0109,30375372.0,35044837.1
2013-12-05,73.7,74.84,73.7,74.02,248000,0.0043,0.0008,18356960.0,35385393.8
2013-12-06,74.48,74.48,72.06,72.52,598400,-0.0263,-0.0203,43395968.0,33921028.3
2013-12-09,72.35,72.5,67.12,67.39,2141200,-0.0686,-0.0707,144295468.0,32098081.7
2013-12-10,67.06,69.22,67.0,68.79,1162100,0.0258,0.0208,79940859.0,43104458.0
2013-12-11,68.78,69.06,65.91,66.04,1296400,-0.0398,-0.04,85614256.0,47218462.1
2013-12-12,65.7,66.96,64.97,65.27,4273300,-0.0065,-0.0117,278918291.0,50542131.0
2013-12-13,60.62,65.6,60.15,65.25,7481000,0.0764,-0.0003,488135250.0,76061060.1
2013-12-16,66.79,67.84,63.3,64.06,1789400,-0.0409,-0.0182,114628964.0,123826645.1
2013-12-17,63.43,64.34,63.0,63.59,1135500,0.0025,-0.0073,72206445.0,132154363.6
2013-12-18,63.96,65.1,62.37,65.05,1413800,0.017,0.023,91967690.0,135586783.3
2013-12-19,64.33,65.2,64.05,64.83,988700,0.0078,-0.0034,64097421.0,141746015.1
2013-12-20,65.43,67.98,65.11,67.65,1329800,0.0339,0.0435,89960970.0,146320061.2
2013-12-23,68.0,68.12,65.34,65.59,964200,-0.0354,-0.0305,63241878.0,150976561.4
2013-12-24,65.82,65.95,65.21,65.7,374600,-0.0018,0.0017,24611220.0,142871202.4
2013-12-26,65.82,66.56,65.16,65.37,412500,-0.0068,-0.005,26965125.0,137338238.5
2013-12-27,65.64,66.25,64.17,64.64,319800,-0.0152,-0.0112,20671872.0,131473325.4
2013-12-30,64.34,65.76,64.15,65.08,507800,0.0115,0.0068,33047624.0,105648683.5
2013-12-31,65.0,67.47,64.82,67.3,486600,0.0354,0.0341,32748180.0,60139920.9
2014-01-02,67.0,68.81,66.78,67.32,609200,0.0048,0.0003,41011344.0,51951842.5
2014-01-03,67.11,68.42,67.11,68.3,464800,0.0177,0.0146,31745840.0,48832332.4
2014-01-06,68.33,68.61,67.65,67.68,685500,-0.0095,-0.0091,46394640.0,42810147.4
2014-01-07,67.72,68.05,66.97,67.41,466600,-0.0046,-0.004,31453506.0,41039869.3
2014-01-08,67.2,67.64,65.64,65.91,666100,-0.0192,-0.0223,43902651.0,35189122.9
2014-01-09,65.11,66.11,63.89,64.3,1053700,-0.0124,-0.0244,67752910.0,33255200.2
2014-01-10,64.53,64.68,63.02,63.49,623000,-0.0161,-0.0126,39554270.0,37569369.2
2014-01-13,63.36,63.91,61.0,61.61,1753000,-0.0276,-0.0296,108002330.0,38828283.7
2014-01-14,61.65,62.3,60.65,61.44,671400,-0.0034,-0.0028,41250816.0,47561329.5
2014-01-15,61.8,61.8,57.31,57.78,2225100,-0.065,-0.0596,128566278.0,48381648.7
2014-01-16,57.9,58.36,55.14,57.15,2460200,-0.013,-0.0109,140600430.0,57963458.5
2014-01-17,57.27,58.04,56.15,57.74,1000600,0.0082,0.0103,57774644.0,67922367.1
2014-01-21,58.08,58.61,57.76,58.01,1228500,-0.0012,0.0047,71265285.0,70525247.5
2014-01-22,57.73,58.74,57.53,58.56,754700,0.0144,0.0095,44195232.0,73012312.0
2014-01-23,58.38,58.71,57.8,58.64,460800,0.0045,0.0014,27021312.0,74286484.6
2014-01-24,58.35,59.28,57.89,58.97,1064900,0.0106,0.0056,62797153.0,72598350.7
2014-01-27,58.83,59.45,57.9,58.26,969800,-0.0097,-0.012,56500548.0,72102775.0
2014-01-28,58.17,59.15,57.07,57.44,894700,-0.0125,-0.0141,51391568.0,73797402.8
2014-01-29,56.47,56.99,54.8,54.96,1253800,-0.0267,-0.0432,68908848.0,68136326.6
2014-01-30,55.41,56.76,55.4,56.39,2035000,0.0177,0.026,114753650.0,70902129.8
2014-01-31,55.75,58.1,55.61,56.74,780600,0.0178,0.0062,44291244.0,69520867.0
2014-02-03,56.63,57.08,54.73,54.85,1103700,-0.0314,-0.0333,60537945.0,59889948.4
2014-02-04,55.0,56.89,55.0,56.27,705700,0.0231,0.0259,39709739.0,60166278.5
2014-02-05,56.48,56.99,54.61,55.96,912600,-0.0092,-0.0055,51069096.0,57010723.9
2014-02-06,56.21,57.43,55.86,56.09,591800,-0.0021,0.0023,33194062.0,57698110.3
2014-02-07,56.5,60.03,56.34,59.77,1375200,0.0579,0.0656,82195704.0,58315385.3
2014-02-10,60.08,60.68,59.28,60.54,640500,0.0077,0.0129,38775870.0,60255240.4
2014-02-11,60.42,61.79,60.18,61.03,859700,0.0101,0.0081,52467491.0,58482772.6
2014-02-12,61.3,61.3,58.39,58.82,579000,-0.0405,-0.0362,34056780.0,58590364.9
2014-02-13,58.33,59.4,58.01,58.78,483800,0.0077,-0.0007,28437764.0,55105158.1
2014-02-14,58.79,59.13,57.19,57.65,553700,-0.0194,-0.0192,31920805.0,46473569.5
2014-02-18,57.69,59.02,57.19,57.34,351000,-0.0061,-0.0054,20126340.0,45236525.6
2014-02-19,57.32,62.47,57.31,60.17,1352200,0.0497,0.0494,81361874.0,41195365.1
2014-02-20,60.11,60.99,59.97,60.71,492300,0.01,0.009,29887533.0,45360578.6
2014-02-21,60.97,64.9,60.97,63.56,1452300,0.0425,0.0469,92308188.0,43242422.3
2014-02-24,63.95,65.24,63.09,63.67,723600,-0.0044,0.0017,46071612.0,49153834.9
2014-02-25,63.86,64.74,63.27,64.07,552200,0.0033,0.0063,35379454.0,45541425.7
2014-02-26,64.37,67.26,64.0,65.9,739200,0.0238,0.0286,48713280.0,45201784.1
2014-02-27,65.59,67.3,65.43,65.75,498900,0.0024,-0.0023,32802675.0,44826363.0
2014-02-28,65.84,67.84,65.52,67.72,602800,0.0286,0.03,40821616.0,44700952.5
2014-03-03,66.6,67.34,63.98,64.21,845400,-0.0359,-0.0518,54283134.0,45939337.7
2014-03-04,65.26,65.72,64.48,65.18,598200,-0.0012,0.0151,38990676.0,48175570.6
2014-03-05,65.06,66.74,65.02,66.47,546300,0.0217,0.0198,36312561.0,50062004.2
2014-03-06,66.5,67.03,65.15,65.5,374700,-0.015,-0.0146,24542850.0,45557072.9
2014-03-07,65.9,66.07,64.17,64.66,681700,-0.0188,-0.0128,44078722.0,45022604.6
2014-03-10,64.88,66.48,63.68,65.06,756900,0.0028,0.0062,49243914.0,40199658.0
2014-03-11,65.02,67.49,64.9,65.7,774100,0.0105,0.0098,50858370.0,40516888.2
2014-03-12,65.58,67.66,65.12,66.37,589100,0.012,0.0102,39098567.0,42064779.8
2014-03-13,67.25,68.54,66.08,66.31,1272100,-0.014,-0.0009,84352951.0,41103308.5
2014-03-14,65.98,66.82,65.24,65.63,739300,-0.0053,-0.0103,48520259.0,46258336.1
2014-03-17,65.89,67.37,65.89,66.47,554400,0.0088,0.0128,36850968.0,47028200.4
2014-03-18,66.74,67.02,65.5,65.9,496800,-0.0126,-0.0086,32739120.0,45284983.8
2014-03-19,66.0,66.0,63.78,64.44,567900,-0.0236,-0.0222,36595476.0,44659828.2
2014-03-20,64.15,65.0,63.97,64.78,470300,0.0098,0.0053,30466034.0,44688119.7
2014-03-21,64.89,65.28,63.93,64.35,747700,-0.0083,-0.0066,48114495.0,45280438.1
2014-03-24,64.67,64.79,61.08,63.06,911000,-0.0249,-0.02,57447660.0,45684015.4
2014-03-25,63.66,64.09,62.35,62.65,683600,-0.0159,-0.0065,42827540.0,46504390.0
2014-03-26,62.82,65.54,62.77,63.46,950600,0.0102,0.0129,60325076.0,45701307.0
2014-03-27,64.08,64.38,61.5,63.81,2702600,-0.0042,0.0055,172452906.0,47823957.9
2014-03-28,70.0,72.69,69.25,71.93,5999500,0.0276,0.1273,431544035.0,56633953.4
2014-03-31,72.56,73.97,72.01,73.59,1285100,0.0142,0.0231,94570509.0,94936331.0
2014-04-01,73.75,76.1,73.5,75.16,1645400,0.0191,0.0213,123668264.0,100708285.1
2014-04-02,75.0,75.17,72.2,73.02,2151300,-0.0264,-0.0285,157087926.0,109801199.5
2014-04-03,73.07,73.67,71.01,71.49,1112700,-0.0216,-0.021,79546923.0,121850444.5
2014-04-04,71.68,72.61,69.9,71.23,925000,-0.0063,-0.0036,65887750.0,126758533.4
2014-04-07,70.67,71.37,66.52,67.54,1462200,-0.0443,-0.0518,98756988.0,128535858.9
2014-04-08,67.26,68.87,66.39,67.92,880000,0.0098,0.0056,59769600.0,132666791.7
2014-04-09,68.27,69.01,66.51,68.83,840600,0.0082,0.0134,57858498.0,134360997.7
2014-04-10,68.5,69.31,65.71,65.72,1029400,-0.0406,-0.0452,67652168.0,134114339.9
2014-04-11,65.05,68.22,64.98,66.87,1129100,0.028,0.0175,75502917.0,123634266.1
2014-04-14,67.32,68.05,63.45,65.13,1025900,-0.0325,-0.026,66816867.0,88030154.3
2014-04-15,65.25,65.66,62.79,63.72,1258100,-0.0234,-0.0216,80166132.0,85254790.1
2014-04-16,64.32,65.44,63.41,65.37,596200,0.0163,0.0259,38973594.0,80904576.9
2014-04-17,65.41,65.41,63.39,63.67,570500,-0.0266,-0.026,36323735.0,69093143.7
2014-04-21,63.65,63.99,62.03,62.65,721300,-0.0157,-0.016,45189445.0,64770824.9
2014-04-22,62.65,64.13,62.05,63.5,839500,0.0136,0.0136,53308250.0,62700994.4
2014-04-23,63.33,65.18,62.47,62.57,708400,-0.012,-0.0146,44324588.0,58156120.6
2014-04-24,62.82,63.27,60.99,62.62,595000,-0.0032,0.0008,37258900.0,56611619.4
2014-04-25,62.26,62.42,61.01,61.75,838900,-0.0082,-0.0139,51802075.0,54551659.6
2014-04-28,61.82,62.17,59.37,59.95,1253400,-0.0302,-0.0291,75141330.0,52966650.3
2014-04-29,59.96,61.48,59.31,60.55,930900,0.0098,0.01,56365995.0,52930491.6
2014-04-30,60.61,62.41,59.81,62.39,949400,0.0294,0.0304,59233066.0,51885404.4
2014-05-01,62.18,64.44,61.42,63.67,980000,0.024,0.0205,62396600.0,49792097.8
2014-05-02,63.84,64.95,62.83,63.35,1018600,-0.0077,-0.005,64528310.0,52134398.4
2014-05-05,62.89,65.05,62.3,64.59,748000,0.027,0.0196,48313320.0,54954855.9
2014-05-06,64.26,64.82,62.42,62.81,833200,-0.0226,-0.0276,52333292.0,55267243.4
2014-05-07,62.8,63.17,60.01,61.7,874900,-0.0175,-0.0177,53981330.0,55169747.6
2014-05-08,61.8,62.74,60.74,61.3,428700,-0.0081,-0.0065,26279310.0,56135421.8
2014-05-09,61.26,62.48,60.94,62.01,469500,0.0122,0.0116,29113695.0,55037462.8
2014-05-12,62.13,65.38,62.13,64.73,601200,0.0418,0.0439,38915676.0,52768624.8
2014-05-13,64.65,65.7,63.27,64.25,400800,-0.0062,-0.0074,25751400.0,49146059.4
2014-05-14,64.17,64.61,62.76,63.01,318300,-0.0181,-0.0193,20056083.0,46084599.9
2014-05-15,62.84,63.0,60.83,62.3,501000,-0.0086,-0.0113,31212300.0,42166901.6
2014-05-16,62.3,64.95,61.72,64.59,727200,0.0368,0.0368,46969848.0,39048471.6
2014-05-19,64.3,64.56,62.3,63.61,1057300,-0.0107,-0.0152,67254853.0,37292625.4
2014-05-20,63.42,64.06,62.73,62.84,360000,-0.0091,-0.0121,22622400.0,39186778.7
2014-05-21,62.78,63.44,62.03,62.54,455500,-0.0038,-0.0048,28486970.0,36215689.5
2014-05-22,63.28,66.59,63.09,65.74,868300,0.0389,0.0512,57082042.0,33666253.5
2014-05-23,65.93,66.96,65.05,66.72,682300,0.012,0.0149,45523056.0,36746526.7
2014-05-27,67.38,68.14,65.02,66.15,546000,-0.0183,-0.0085,36117900.0,38387462.8
2014-05-28,66.0,66.7,62.92,66.08,1322300,0.0012,-0.0011,87377584.0,38107685.2
2014-05-29,66.51,66.67,65.27,65.96,458400,-0.0083,-0.0018,30236064.0,44270303.6
2014-05-30,66.14,66.75,64.0,66.48,1320900,0.0051,0.0079,87813432.0,45288301.7
2014-06-02,66.42,66.49,63.77,64.09,1826800,-0.0351,-0.036,117079612.0,50948414.9
2014-06-03,63.51,66.41,63.26,66.22,1211400,0.0427,0.0332,80218908.0,57959391.3
2014-06-04,66.07,68.59,65.2,67.3,537800,0.0186,0.0163,36193940.0,59255796.8
2014-06-05,67.44,68.66,65.22,66.93,1298000,-0.0076,-0.0055,86875140.0,60612950.8
2014-06-06,67.04,68.87,66.8,68.24,590500,0.0179,0.0196,40295720.0,66451767.8
2014-06-09,68.32,70.43,68.32,70.05,979900,0.0253,0.0265,68641995.0,64773135.6
2014-06-10,69.89,69.89,67.44,69.39,1241800,-0.0072,-0.0094,86168502.0,67085029.5
2014-06-11,69.89,72.23,68.18,71.35,3306200,0.0209,0.0282,235897370.0,72090089.7
2014-06-12,83.7,83.75,78.75,80.4,7391100,-0.0394,0.1268,594244440.0,86942068.3
2014-06-13,80.61,81.07,79.37,80.72,1493900,0.0014,0.004,120587608.0,143342905.9
2014-06-16,80.57,83.58,80.31,83.52,1307300,0.0366,0.0347,109185696.0,146620323.5
2014-06-17,82.82,86.47,81.33,86.25,1820200,0.0414,0.0327,156992250.0,145830931.9
2014-06-18,85.94,87.95,84.38,85.99,1655700,0.0006,-0.003,142373643.0,153508266.1
2014-06-19,86.94,89.08,86.46,88.51,2415400,0.0181,0.0293,213787054.0,164126236.4
2014-06-20,88.55,90.4,87.84,90.2,2001800,0.0186,0.0191,180562360.0,176817427.8
2014-06-23,90.28,90.34,88.2,89.58,1258200,-0.0078,-0.0069,112709556.0,190844091.8
2014-06-24,89.65,90.08,86.15,87.06,1628400,-0.0289,-0.0281,141768504.0,195250847.9
2014-06-25,88.34,90.89,87.66,89.3,1748100,0.0109,0.0257,156105330.0,200810848.1
2014-06-26,89.3,91.57,88.85,91.24,1080800,0.0217,0.0217,98612192.0,192831644.1
2014-06-27,91.07,93.54,90.85,92.37,3098800,0.0143,0.0124,286236156.0,143268419.3
2014-06-30,92.09,94.5,91.59,93.05,1041500,0.0104,0.0074,96911575.0,159833274.1
2014-07-01,93.54,93.7,91.22,91.25,1186400,-0.0245,-0.0193,108259000.0,158605862.0
2014-07-02,91.64,92.08,88.5,88.71,1123100,-0.032,-0.0278,99630201.0,153732537.0
2014-07-03,89.74,90.44,88.59,89.92,692200,0.002,0.0136,62242624.0,149458192.8
2014-07-07,89.69,90.16,86.66,86.84,1018800,-0.0318,-0.0343,88472592.0,134303749.8
2014-07-08,87.12,89.05,85.6,87.33,951400,0.0024,0.0056,83085762.0,125094773.0
2014-07-09,87.18,88.13,86.13,86.56,637000,-0.0071,-0.0088,55138720.0,122132393.6
2014-07-10,85.06,86.31,83.57,84.78,928000,-0.0033,-0.0206,78675840.0,113469415.2
2014-07-11,85.2,85.22,84.05,85.18,456900,-0.0002,0.0047,38918742.0,105726466.2
2014-07-14,85.22,86.25,83.33,85.25,745900,0.0004,0.0008,63587975.0,99757121.2
2014-07-15,85.06,85.5,83.83,84.62,681700,-0.0052,-0.0074,57685454.0,77492303.1
2014-07-16,84.78,87.72,84.13,86.73,958300,0.023,0.0249,83113359.0,73569691.0
2014-07-17,87.0,87.0,82.4,82.77,1332800,-0.0486,-0.0457,110315856.0,71055126.9
2014-07-18,82.84,86.28,82.84,85.27,755300,0.0293,0.0302,64404431.0,72123692.4
2014-07-21,83.87,85.66,83.3,84.51,481300,0.0076,-0.0089,40674663.0,72339873.1
2014-07-22,84.65,87.71,84.09,85.36,957800,0.0084,0.0101,81757808.0,67560080.2
2014-07-23,85.17,88.54,84.67,87.81,1009400,0.031,0.0287,88635414.0,67427284.8
2014-07-24,87.92,87.99,86.14,87.28,637500,-0.0073,-0.006,55641000.0,70776954.2
2014-07-25,86.66,87.1,84.05,84.28,517200,-0.0275,-0.0344,43589616.0,68473470.2
2014-07-28,84.08,85.87,82.42,84.73,727700,0.0077,0.0053,61658021.0,68940557.6
2014-07-29,85.05,85.62,83.96,84.81,475200,-0.0028,0.0009,40301712.0,68747562.2
2014-07-30,85.13,86.99,83.76,84.01,828100,-0.0132,-0.0094,69568681.0,67009188.0
2014-07-31,83.19,84.2,81.17,81.79,1159300,-0.0168,-0.0264,94819147.0,65654720.2
2014-08-01,82.05,83.93,81.06,82.14,768400,0.0011,0.0043,63116376.0,64105049.3
2014-08-04,82.62,83.6,82.24,82.86,600500,0.0029,0.0088,49757430.0,63976243.8
2014-08-05,82.4,83.46,81.12,81.88,918700,-0.0063,-0.0118,75223156.0,64884520.5
2014-08-06,81.86,82.13,80.54,81.9,583300,0.0005,0.0002,47772270.0,64231055.3
2014-08-07,82.29,82.89,80.91,81.65,597200,-0.0078,-0.0031,48761380.0,60144740.9
2014-08-08,81.76,84.66,81.5,83.45,570200,0.0207,0.022,47583190.0,59456778.9
2014-08-11,83.91,85.92,83.45,84.33,891800,0.005,0.0105,75205494.0,59856136.3
2014-08-12,84.37,84.55,82.05,82.75,629400,-0.0192,-0.0187,52082850.0,61210883.6
2014-08-13,82.73,83.5,82.05,83.46,444300,0.0088,0.0086,37081278.0,62388997.4
2014-08-14,83.5,87.23,83.5,84.94,1066700,0.0172,0.0177,90605498.0,59140257.1
2014-08-15,85.25,85.5,82.23,82.7,1378400,-0.0299,-0.0264,113993680.0,58718892.2
2014-08-18,83.48,84.8,82.42,83.92,682100,0.0053,0.0148,57241832.0,63806622.6
2014-08-19,84.44,87.98,84.33,87.23,1689300,0.033,0.0394,147357639.0,64555062.8
2014-08-20,87.33,87.85,85.89,87.55,805700,0.0025,0.0037,70539035.0,71768511.1
2014-08-21,87.97,89.77,86.63,86.87,847800,-0.0125,-0.0078,73648386.0,74045187.6
2014-08-22,86.63,90.71,86.63,88.46,1297600,0.0211,0.0183,114785696.0,76533888.2
2014-08-25,88.85,89.54,86.0,88.0,881900,-0.0096,-0.0052,77607200.0,83254138.8
2014-08-26,88.38,88.68,86.85,88.39,917700,0.0001,0.0044,81115503.0,83494309.4
2014-08-27,88.5,89.32,87.65,87.67,752600,-0.0094,-0.0081,65980442.0,86397574.7
2014-08-28,84.85,85.72,81.48,84.55,2581900,-0.0035,-0.0356,218299645.0,89287491.1
2014-08-29,84.51,85.0,82.7,83.87,934200,-0.0076,-0.008,78351354.0,102056905.8
2014-09-02,83.76,83.81,82.52,82.94,1209900,-0.0098,-0.0111,100349106.0,98492673.2
2014-09-03,83.52,83.75,81.83,82.01,894600,-0.0181,-0.0112,73366146.0,102803400.6
2014-09-04,82.37,82.5,80.2,80.74,1239800,-0.0198,-0.0155,100101452.0,95404251.3
2014-09-05,80.5,82.07,79.11,81.71,1060800,0.015,0.012,86677968.0,98360493.0
2014-09-08,82.01,82.5,80.69,81.3,1039000,-0.0087,-0.005,84470700.0,99663451.2
2014-09-09,82.29,83.78,81.16,82.01,1563500,-0.0034,0.0087,128222635.0,96631951.6
2014-09-10,81.96,83.42,80.92,82.05,3784800,0.0011,0.0005,310542840.0,101693495.1
2014-09-11,78.92,81.95,78.02,79.99,5448900,0.0136,-0.0251,435857511.0,124636228.8
2014-09-12,80.0,81.73,79.43,80.65,1978700,0.0081,0.0083,159582155.0,161623935.7
2014-09-15,81.0,81.07,76.93,77.05,1562500,-0.0488,-0.0446,120390625.0,155752186.7
2014-09-16,76.5,78.04,75.5,77.82,1361000,0.0173,0.01,105913020.0,159956113.8
2014-09-17,77.73,78.7,77.22,77.96,685300,0.003,0.0018,53425988.0,160512505.2
2014-09-18,77.98,78.42,76.93,77.58,1338300,-0.0051,-0.0049,103825314.0,158518489.4
2014-09-19,78.29,79.35,76.49,77.57,1366200,-0.0092,-0.0001,105976134.0,158890875.6
2014-09-22,77.11,77.44,76.0,77.4,958800,0.0038,-0.0022,74211120.0,160820692.2
2014-09-23,77.58,80.75,77.28,79.75,1246900,0.028,0.0304,99440275.0,159794734.2
2014-09-24,80.1,81.85,79.46,81.76,745900,0.0207,0.0252,60984784.0,156916498.2
2014-09-25,81.26,81.52,78.79,80.25,764900,-0.0124,-0.0185,61383225.0,131960692.6
2014-09-26,80.27,80.62,79.25,80.31,691800,0.0005,0.0007,55558458.0,94513264.0
2014-09-29,79.24,80.97,78.56,80.76,509800,0.0192,0.0056,41171448.0,84110894.3
2014-09-30,80.79,80.79,78.73,79.55,755000,-0.0153,-0.015,60060250.0,76188976.6
2014-10-01,79.01,79.89,76.42,77.72,1255800,-0.0163,-0.023,97600776.0,71603699.6
2014-10-02,77.67,79.96,76.43,79.3,918800,0.021,0.0203,72860840.0,76021178.4
2014-10-03,80.04,82.03,79.69,82.0,825300,0.0245,0.034,67674600.0,72924731.0
2014-10-06,81.99,82.83,81.2,81.5,610300,-0.006,-0.0061,49739450.0,69094577.6
2014-10-07,81.1,81.69,79.75,79.81,800900,-0.0159,-0.0207,63919829.0,66647410.6
2014-10-08,79.9,82.38,79.58,82.32,692700,0.0303,0.0314,57023064.0,63095366.0
2014-10-09,82.55,83.0,80.12,80.8,842200,-0.0212,-0.0185,68049760.0,62699194.0
2014-10-10,80.32,81.37,77.55,77.6,893500,-0.0339,-0.0396,69335600.0,63365847.5
2014-10-13,77.5,77.5,73.03,73.31,1454400,-0.0541,-0.0553,106622064.0,64743561.7
2014-10-14,74.61,74.88,72.01,72.63,1218400,-0.0265,-0.0093,88492392.0,71288623.3
2014-10-15,72.0,75.55,69.8,74.98,1569200,0.0414,0.0324,117658616.0,74131837.5
2014-10-16,74.7,78.0,74.7,76.42,884100,0.023,0.0192,67562922.0,76137621.5
2014-10-17,77.68,78.36,73.67,74.54,992300,-0.0404,-0.0246,73966042.0,75607829.7
2014-10-20,74.5,76.7,74.5,75.73,1039500,0.0165,0.016,78721335.0,76236973.9
2014-10-21,76.0,78.82,76.0,78.06,699900,0.0271,0.0308,54634194.0,79135162.4
2014-10-22,78.5,78.63,75.29,75.34,610500,-0.0403,-0.0348,45995070.0,78206598.9
2014-10-23,75.88,77.95,75.64,76.77,726500,0.0117,0.019,55773405.0,77103799.5
2014-10-24,76.58,78.11,75.7,77.45,935000,0.0114,0.0089,72415750.0,75876164.0
2014-10-27,77.03,78.86,76.34,76.89,595700,-0.0018,-0.0072,45803373.0,76184179.0
2014-10-28,76.98,78.43,76.53,78.26,703200,0.0166,0.0178,55032432.0,70102309.9
2014-10-29,78.43,78.83,76.15,76.94,506000,-0.019,-0.0169,38931640.0,66756313.9
2014-10-30,76.86,78.0,75.6,77.68,464400,0.0107,0.0096,36074592.0,58883616.3
2014-10-31,78.97,80.48,78.47,80.32,502000,0.0171,0.034,40320640.0,55734783.3
2014-11-03,80.71,80.79,79.39,80.21,439900,-0.0062,-0.0014,35284379.0,52370243.1
2014-11-04,79.97,80.32,77.85,78.36,403100,-0.0201,-0.0231,31586916.0,48026547.5
2014-11-05,78.87,79.37,77.71,78.29,425100,-0.0074,-0.0009,33281079.0,45721819.7
2014-11-06,78.05,79.64,77.65,78.0,641100,-0.0006,-0.0037,50005800.0,44450420.6
2014-11-07,78.21,78.48,76.92,77.6,787400,-0.0078,-0.0051,61102240.0,43873660.1
2014-11-10,77.81,78.5,76.63,77.87,484600,0.0008,0.0035,37735802.0,42742309.1
2014-11-11,77.87,79.28,77.5,79.23,266100,0.0175,0.0175,21083103.0,41935552.0
2014-11-12,78.42,82.85,78.37,82.07,650900,0.0465,0.0358,53419363.0,38540619.1
2014-11-13,82.26,83.69,81.16,82.03,331500,-0.0028,-0.0005,27192945.0,39989391.4
2014-11-14,81.87,82.81,80.85,82.73,333000,0.0105,0.0085,27549090.0,39101226.7
2014-11-17,82.52,83.39,81.89,82.99,551000,0.0057,0.0031,45727490.0,37824071.7
2014-11-18,82.84,83.38,81.26,81.3,441100,-0.0186,-0.0204,35861430.0,38868382.8
2014-11-19,81.81,84.23,80.25,81.88,706000,0.0009,0.0071,57807280.0,39295834.2
2014-11-20,82.96,88.46,82.96,87.48,1657600,0.0545,0.0684,145006848.0,41748454.3
2014-11-21,88.93,89.07,83.98,84.74,1231300,-0.0471,-0.0313,104340362.0,51248559.1
2014-11-24,84.73,85.93,83.51,85.4,1130400,0.0079,0.0078,96536160.0,55572371.3
2014-11-25,85.85,85.98,83.83,84.51,461400,-0.0156,-0.0104,38992914.0,61452407.1
2014-11-26,84.46,84.46,82.56,83.74,486800,-0.0085,-0.0091,40764632.0,63243388.2
2014-11-28,83.6,85.22,82.94,84.47,341100,0.0104,0.0087,28812717.0,61977915.1
2014-12-01,84.38,84.94,82.61,82.93,530400,-0.0172,-0.0182,43986072.0,62139892.3
2014-12-02,83.28,84.95,83.23,84.14,735900,0.0103,0.0146,61918626.0,63783590.5
2014-12-03,83.91,85.0,83.57,84.25,616200,0.0041,0.0013,51914850.0,65402704.1
2014-12-04,84.61,85.25,82.71,82.98,626600,-0.0193,-0.0151,51995268.0,67008046.1
2014-12-05,83.44,86.36,83.33,85.18,607400,0.0209,0.0265,51738332.0,66426844.9
2014-12-08,85.09,86.62,84.33,86.28,745300,0.014,0.0129,64304484.0,57099993.3
2014-12-09,85.77,87.12,84.39,86.4,1156000,0.0073,0.0014,99878400.0,53096405.5
2014-12-10,86.44,87.43,84.79,86.18,2428000,-0.003,-0.0025,209245040.0,53430629.5
2014-12-11,94.0,99.44,92.75,93.99,6182500,-0.0001,0.0906,581093175.0,70455842.1
2014-12-12,93.5,98.39,92.79,93.59,2604100,0.001,-0.0043,243717719.0,124488696.4
2014-12-15,93.92,97.0,93.81,95.0,1715700,0.0115,0.0151,162991500.0,145979196.6
2014-12-16,94.55,96.3,93.0,95.09,1489400,0.0057,0.0009,141627046.0,157879739.4
2014-12-17,95.58,97.0,94.3,96.57,1249600,0.0104,0.0156,120673872.0,165850581.4
2014-12-18,97.69,100.66,97.66,99.07,1502000,0.0141,0.0259,148803140.0,172726483.6
2014-12-19,99.6,99.87,96.4,96.4,1226300,-0.0321,-0.027,118215320.0,182407270.8
2014-12-22,96.5,97.23,95.02,95.95,964300,-0.0057,-0.0047,92524585.0,189054969.6
2014-12-23,96.14,98.22,95.89,97.13,567300,0.0103,0.0123,55101849.0,191876979.7
2014-12-24,97.16,98.74,96.74,96.97,321800,-0.002,-0.0016,31204946.0,187399324.6
2014-12-26,97.03,97.4,95.8,96.0,299400,-0.0106,-0.01,28742400.0,169595315.2
2014-12-29,96.0,98.49,95.63,97.94,509400,0.0202,0.0202,49890636.0,114360237.7
2014-12-30,97.47,98.35,96.05,96.76,404600,-0.0073,-0.012,39149096.0,94977529.4
2014-12-31,97.01,97.07,95.78,96.01,626800,-0.0103,-0.0078,60179068.0,82593289.0
2015-01-02,96.19,97.62,94.12,95.14,961400,-0.0109,-0.0091,91467596.0,74448491.2
2015-01-05,94.24,96.5,92.56,95.29,951500,0.0111,0.0016,90668435.0,71527863.6
2015-01-06,95.29,95.36,90.21,91.91,1063400,-0.0355,-0.0355,97737094.0,65714393.1
2015-01-07,92.64,94.19,92.37,93.69,669800,0.0113,0.0194,62753562.0,63666570.5
2015-01-08,94.58,96.68,93.74,94.85,824000,0.0029,0.0124,78156400.0,60689468.2
2015-01-09,94.85,95.18,92.67,93.62,548400,-0.013,-0.013,51341208.0,62994923.3
2015-01-12,93.65,95.29,92.07,94.14,554700,0.0052,0.0056,52219458.0,65008549.5
2015-01-13,95.45,97.76,91.47,93.45,809100,-0.021,-0.0073,75610395.0,67356255.3
2015-01-14,92.63,93.52,91.31,93.17,502700,0.0058,-0.003,46836559.0,69928231.2
2015-01-15,93.3,93.88,88.72,89.19,790400,-0.0441,-0.0427,70495776.0,70696977.5
2015-01-16,88.69,91.19,86.69,90.8,841600,0.0238,0.0181,76417280.0,71728648.3
2015-01-20,91.75,92.4,89.07,90.52,464900,-0.0134,-0.0031,42082748.0,70223616.7
2015-01-21,90.37,92.28,89.48,91.85,483900,0.0164,0.0147,44446215.0,65365048.0
2015-01-22,91.85,92.3,88.5,90.58,869100,-0.0138,-0.0138,78723078.0,60035960.1
2015-01-23,90.85,91.74,90.07,91.63,597800,0.0086,0.0116,54776414.0,61632911.7
2015-01-26,91.74,93.78,91.07,93.2,655700,0.0159,0.0171,61111240.0,59294913.1
2015-01-27,93.0,93.0,91.31,92.05,394100,-0.0102,-0.0123,36276905.0,60271916.3
2015-01-28,92.45,93.86,91.56,91.91,488500,-0.0058,-0.0015,44898035.0,58677661.0
2015-01-29,92.03,93.28,89.79,92.99,416900,0.0104,0.0118,38767531.0,55606425.0
2015-01-30,92.04,92.58,86.9,87.53,1056500,-0.049,-0.0587,92475445.0,54799522.2
2015-02-02,88.03,89.12,86.25,89.09,623200,0.012,0.0178,55520888.0,56997489.1
2015-02-03,89.32,92.04,88.45,91.95,663300,0.0294,0.0321,60990435.0,54907849.9
2015-02-04,91.83,94.38,91.09,92.72,569300,0.0097,0.0084,52785496.0,56798618.6
2015-02-05,94.15,96.88,86.83,87.41,2597500,-0.0716,-0.0573,227047475.0,57632546.7
2015-02-06,87.86,89.97,86.05,86.74,895400,-0.0127,-0.0077,77666996.0,72464986.4
2015-02-09,86.24,87.59,85.0,85.54,881100,-0.0081,-0.0138,75369294.0,74754044.6
2015-02-10,85.98,88.99,85.9,87.61,972000,0.019,0.0242,85156920.0,76179850.0
2015-02-11,87.04,89.99,85.98,89.87,1208600,0.0325,0.0258,108616882.0,81067851.5
2015-02-12,89.99,90.2,87.3,88.32,725700,-0.0186,-0.0172,64093824.0,87439736.2
2015-02-13,88.05,88.58,86.35,86.77,475900,-0.0145,-0.0175,41293843.0,89972365.5
2015-02-17,86.92,87.57,85.12,85.73,624100,-0.0137,-0.012,53504093.0,84854205.3
2015-02-18,86.21,88.94,86.18,86.62,710700,0.0048,0.0104,61560834.0,84652525.8
2015-02-19,86.68,88.08,84.99,85.07,821300,-0.0186,-0.0179,69867991.0,84709565.7
2015-02-20,84.94,87.17,84.9,87.13,544100,0.0258,0.0242,47407433.0,86417815.2
2015-02-23,86.94,88.11,85.16,85.64,566100,-0.015,-0.0171,48480804.0,68453811.0
2015-02-24,85.97,86.44,84.93,85.18,778600,-0.0092,-0.0054,66321148.0,65535191.8
2015-02-25,85.07,86.23,84.26,84.85,593900,-0.0026,-0.0039,50392415.0,64630377.2
2015-02-26,84.68,86.07,84.39,85.97,693000,0.0152,0.0132,59577210.0,61153926.7
2015-02-27,86.0,88.88,85.53,88.1,751700,0.0244,0.0248,66224770.0,56249959.5
2015-03-02,88.29,90.7,88.29,90.21,1028600,0.0217,0.024,92790006.0,56463054.1
2015-03-03,90.2,90.43,88.61,88.77,730100,-0.0159,-0.016,64810977.0,61612670.4
2015-03-04,88.31,91.52,87.3,91.43,913200,0.0353,0.03,83493876.0,62743358.8
2015-03-05,91.81,92.48,90.03,90.59,760500,-0.0133,-0.0092,68893695.0,64936663.0
2015-03-06,90.0,91.33,89.48,89.94,876500,-0.0007,-0.0072,78832410.0,64839233.4
2015-03-09,89.84,91.13,89.61,90.72,343900,0.0098,0.0087,31198608.0,67981731.1
2015-03-10,89.88,90.62,87.5,87.91,780600,-0.0219,-0.031,68622546.0,66253511.5
2015-03-11,87.85,88.95,86.71,88.66,507500,0.0092,0.0085,44994950.0,66483651.3
2015-03-12,89.25,91.05,89.05,90.98,458500,0.0194,0.0262,41714330.0,65943904.8
2015-03-13,90.99,92.8,90.86,92.5,631400,0.0166,0.0167,58404500.0,64157616.8
2015-03-16,92.95,93.05,91.06,92.21,553600,-0.008,-0.0031,51047456.0,63375589.8
2015-03-17,91.97,92.93,91.53,92.19,308100,0.0024,-0.0002,28403739.0,59201334.8
2015-03-18,92.18,92.53,90.11,91.71,395000,-0.0051,-0.0052,36225450.0,55560611.0
2015-03-19,90.64,91.71,89.59,90.74,908100,0.0011,-0.0106,82400994.0,50833768.4
2015-03-20,91.32,94.54,90.68,93.75,1062800,0.0266,0.0332,99637500.0,52184498.3
2015-03-23,94.0,95.79,92.8,92.87,840300,-0.012,-0.0094,78038661.0,54265007.3
2015-03-24,93.12,94.0,92.0,93.86,667300,0.0079,0.0107,62632778.0,58949012.6
2015-03-25,94.84,95.06,90.44,92.21,981600,-0.0277,-0.0176,90513336.0,58350035.8
2015-03-26,91.61,94.4,91.0,93.14,2500900,0.0167,0.0101,232933826.0,62901874.4
2015-03-27,90.72,97.03,89.55,96.92,3159400,0.0683,0.0406,306209048.0,82023824.0
2015-03-30,99.28,102.0,98.52,99.07,1698400,-0.0021,0.0222,168260488.0,106804278.8
2015-03-31,99.01,100.36,98.69,99.19,755500,0.0018,0.0012,74938045.0,118525582.0
2015-04-01,98.56,98.98,94.55,95.72,938800,-0.0288,-0.035,89861936.0,123179012.6
2015-04-02,96.07,96.36,93.59,95.03,668800,-0.0108,-0.0072,63556064.0,128542661.2
2015-04-06,94.85,95.15,93.68,94.02,425600,-0.0088,-0.0106,40014912.0,126658168.2
2015-04-07,94.71,95.0,93.68,93.81,414200,-0.0095,-0.0022,38856102.0,120695909.4
2015-04-08,94.16,94.54,92.5,93.91,769300,-0.0027,0.0011,72244963.0,116777653.5
2015-04-09,93.98,94.46,92.21,92.43,737900,-0.0165,-0.0158,68204097.0,117738872.0
2015-04-10,93.02,93.43,91.62,92.08,683500,-0.0101,-0.0038,62936680.0,115507948.1
2015-04-13,92.44,93.32,91.92,93.11,624400,0.0072,0.0112,58137884.0,98508233.5
2015-04-14,93.3,93.47,92.0,92.7,424200,-0.0064,-0.0044,39323340.0,73701117.1
2015-04-15,93.11,94.07,92.02,92.89,545500,-0.0024,0.002,50671495.0,60807402.3
2015-04-16,92.48,93.58,91.79,91.8,380900,-0.0074,-0.0117,34966620.0,58380747.3
2015-04-17,91.25,91.44,88.93,89.52,1063200,-0.019,-0.0248,95177664.0,52891215.7
2015-04-20,89.86,90.44,89.0,89.79,460800,-0.0008,0.003,41375232.0,56053375.7
2015-04-21,90.33,91.34,89.65,90.45,382000,0.0013,0.0074,34551900.0,56189407.7
2015-04-22,90.51,90.96,89.21,90.37,456500,-0.0015,-0.0009,41253905.0,55758987.5
2015-04-23,90.16,92.32,90.06,91.69,648100,0.017,0.0146,59424289.0,52659881.7
2015-04-24,91.72,92.56,90.89,91.89,390800,0.0019,0.0022,35910612.0,51781900.9
2015-04-27,92.01,93.86,90.98,91.62,588100,-0.0042,-0.0029,53881722.0,49079294.1
2015-04-28,91.4,91.44,89.05,90.92,689800,-0.0053,-0.0076,62716616.0,48653677.9
2015-04-29,90.65,90.7,87.5,87.56,777500,-0.0341,-0.037,68077900.0,50993005.5
2015-04-30,87.25,87.76,85.82,86.17,754800,-0.0124,-0.0159,65041116.0,52733646.0
2015-05-01,86.25,87.78,85.86,87.35,703500,0.0128,0.0137,61450725.0,55741095.6
2015-05-04,87.61,89.25,87.28,88.07,561700,0.0053,0.0082,49468919.0,52368401.7
2015-05-05,87.6,88.11,86.49,86.93,492100,-0.0076,-0.0129,42778253.0,53177770.4
2015-05-06,87.41,87.7,86.21,87.31,420800,-0.0011,0.0044,36740048.0,54000405.7
2015-05-07,87.38,88.49,87.17,87.98,616100,0.0069,0.0077,54204478.0,53549020.0
2015-05-08,88.89,90.56,88.8,89.28,699300,0.0044,0.0148,62433504.0,53027038.9
2015-05-11,89.29,91.33,89.16,89.77,518200,0.0054,0.0055,46518814.0,55679328.1
2015-05-12,89.15,89.19,86.94,88.14,571100,-0.0113,-0.0182,50336754.0,54943037.3
2015-05-13,88.5,89.3,87.44,88.72,437900,0.0025,0.0066,38850488.0,53705051.1
2015-05-14,88.85,89.44,87.71,88.15,534400,-0.0079,-0.0064,47107360.0,50782309.9
2015-05-15,88.05,89.94,87.75,89.3,453900,0.0142,0.013,40533270.0,48988934.3
2015-05-18,89.16,90.86,87.8,90.68,502300,0.017,0.0155,45548564.0,46897188.8
2015-05-19,90.83,92.31,89.52,90.09,431500,-0.0081,-0.0065,38873835.0,46505153.3
2015-05-20,89.94,92.2,89.25,91.8,558100,0.0207,0.019,51233580.0,46114711.5
2015-05-21,92.45,92.45,90.77,92.04,426400,-0.0044,0.0026,39245856.0,47564064.7
2015-05-22,92.02,92.83,91.0,92.05,394900,0.0003,0.0001,36350545.0,46068202.5
2015-05-26,91.63,92.51,90.28,90.67,334900,-0.0105,-0.015,30365383.0,43459906.6
2015-05-27,90.81,92.35,90.56,91.89,369300,0.0119,0.0135,33934977.0,41844563.5
2015-05-28,91.56,92.76,91.02,92.58,362800,0.0111,0.0075,33588024.0,40204385.8
2015-05-29,92.3,92.95,90.17,90.96,589500,-0.0145,-0.0175,53620920.0,39678139.4
2015-06-01,91.48,92.5,90.38,91.28,403000,-0.0022,0.0035,36785840.0,40329495.4
2015-06-02,90.53,92.2,90.53,91.76,305500,0.0136,0.0053,28032680.0,39954752.4
2015-06-03,91.8,92.95,91.29,92.24,366000,0.0048,0.0052,33759840.0,38203164.0
2015-06-04,92.95,92.95,91.5,91.8,380700,-0.0124,-0.0048,34948260.0,37691764.5
2015-06-05,91.67,91.96,90.55,91.91,353200,0.0026,0.0012,32462612.0,36063232.5
2015-06-08,92.34,93.88,92.01,93.78,680400,0.0156,0.0203,63807912.0,35384908.1
2015-06-09,93.77,94.26,92.3,94.15,1314200,0.0041,0.0039,123731930.0,38130644.8
2015-06-10,94.65,96.36,94.34,95.82,972100,0.0124,0.0177,93146622.0,47467299.5
2015-06-11,95.9,97.1,93.5,94.83,2181800,-0.0112,-0.0103,206900094.0,53388464.0
2015-06-12,97.48,98.99,95.3,96.22,2853900,-0.0129,0.0147,274602258.0,70719671.0
2015-06-15,95.0,96.2,91.61,95.92,1332000,0.0097,-0.0031,127765440.0,92817804.8
2015-06-16,95.02,96.33,94.36,95.24,961700,0.0023,-0.0071,91592308.0,101915764.8
2015-06-17,95.46,96.0,93.66,94.5,633600,-0.0101,-0.0078,59875200.0,108271727.6
2015-06-18,93.1,95.91,93.1,95.89,1142600,0.03,0.0147,109563914.0,110883263.6
2015-06-19,96.0,96.41,95.26,96.23,765800,0.0024,0.0035,73692934.0,118344829.0
2015-06-22,96.84,97.0,95.68,96.05,636400,-0.0082,-0.0019,61126220.0,122467861.2
2015-06-23,96.01,96.5,95.17,95.46,636500,-0.0057,-0.0061,60760290.0,122199692.0
2015-06-24,95.48,96.41,95.07,96.07,466600,0.0062,0.0064,44826262.0,115902528.0
2015-06-25,96.15,96.45,95.44,95.7,459800,-0.0047,-0.0039,44002860.0,111070492.0
2015-06-26,97.99,100.8,97.38,99.35,1764700,0.0139,0.0381,175322945.0,94780768.6
2015-06-29,98.52,99.21,95.99,96.0,677800,-0.0256,-0.0337,65068800.0,84852837.3
2015-06-30,97.2,98.11,95.86,97.63,896700,0.0044,0.017,87544821.0,78583173.3
2015-07-01,98.76,100.62,97.05,98.0,678800,-0.0077,0.0038,66522400.0,78178424.6
2015-07-02,98.05,98.97,97.29,97.51,513900,-0.0055,-0.005,50110389.0,78843144.6
2015-07-06,96.75,100.15,96.51,99.27,733900,0.026,0.018,72854253.0,72897792.1
2015-07-07,99.03,99.12,96.13,97.85,670000,-0.0119,-0.0143,65559500.0,72813924.0
2015-07-08,97.31,98.04,95.8,96.6,515800,-0.0073,-0.0128,49826280.0,73257252.0
2015-07-09,97.92,98.48,96.76,97.42,379000,-0.0051,0.0085,36922180.0,72163851.0
2015-07-10,97.91,98.74,96.12,98.29,453500,0.0039,0.0089,44574515.0,71373442.8
2015-07-13,98.85,99.75,98.47,99.1,381900,0.0025,0.0082,37846290.0,71430608.3
2015-07-14,100.05,100.19,98.93,99.12,441000,-0.0093,0.0002,43711920.0,57682942.8
2015-07-15,98.89,99.88,98.36,99.48,414000,0.006,0.0036,41184720.0,55547254.8
2015-07-16,99.72,104.33,99.01,103.73,1503500,0.0402,0.0427,155958055.0,50911244.7
2015-07-17,103.77,105.14,103.13,104.13,1007600,0.0035,0.0039,104921388.0,59854810.2
2015-07-20,103.74,104.0,102.79,103.12,864300,-0.006,-0.0097,89126616.0,65335910.1
2015-07-21,102.64,103.55,102.04,102.83,569500,0.0019,-0.0028,58561685.0,66963146.4
2015-07-22,102.79,105.79,102.79,105.63,748500,0.0276,0.0272,79064055.0,66263364.9
2015-07-23,105.15,105.98,104.37,104.78,646400,-0.0035,-0.008,67729792.0,69187142.4
2015-07-24,104.75,105.38,103.7,104.02,459500,-0.007,-0.0073,47797190.0,72267903.6
2015-07-27,103.01,103.36,102.25,103.29,493100,0.0027,-0.007,50932299.0,72590171.1
2015-07-28,103.8,104.31,100.64,102.71,962900,-0.0105,-0.0056,98899459.0,73898772.0
2015-07-29,102.8,103.26,101.06,102.45,645400,-0.0034,-0.0025,66121230.0,79417525.9
2015-07-30,102.59,102.61,100.37,101.33,657100,-0.0123,-0.0109,66583943.0,81911176.9
2015-07-31,101.17,102.85,98.69,101.46,601500,0.0029,0.0013,61028190.0,72973765.7
2015-08-03,101.39,102.34,100.51,101.8,530500,0.004,0.0034,54004900.0,68584445.9
2015-08-04,102.19,104.47,101.27,103.2,746200,0.0099,0.0138,77007840.0,65072274.3
2015-08-05,103.56,104.29,103.14,103.69,329700,0.0013,0.0047,34186593.0,66916889.8
2015-08-06,103.85,103.99,99.37,100.87,681600,-0.0287,-0.0272,68752992.0,62429143.6
2015-08-07,100.28,101.46,98.56,99.56,612300,-0.0072,-0.013,60960588.0,62531463.6
2015-08-10,100.05,101.26,99.6,100.11,632400,0.0006,0.0055,63309564.0,63847803.4
2015-08-11,99.72,100.8,99.09,99.72,737200,0.0,-0.0039,73513584.0,65085529.9
2015-08-12,99.59,100.12,96.13,99.4,703500,-0.0019,-0.0032,69927900.0,62546942.4
2015-08-13,99.76,101.4,99.33,100.51,675200,0.0075,0.0112,67864352.0,62927609.4
2015-08-14,101.0,103.0,100.61,102.38,495000,0.0137,0.0186,50678100.0,63055650.3
2015-08-17,101.74,102.74,100.28,100.45,365300,-0.0127,-0.0189,36694385.0,62020641.3
2015-08-18,100.93,101.56,99.68,100.01,424700,-0.0091,-0.0044,42474247.0,60289589.8
2015-08-19,99.05,100.08,98.72,99.05,489700,0.0,-0.0096,48504785.0,56836230.5
2015-08-20,98.13,98.41,96.59,96.68,549000,-0.0148,-0.0239,53077320.0,58268049.7
2015-08-21,95.22,96.66,93.48,94.97,1035200,-0.0026,-0.0177,98312944.0,56700482.5
2015-08-24,88.98,95.19,86.0,91.61,1524500,0.0296,-0.0354,139659445.0,60435718.1
2015-08-25,94.87,96.24,92.5,92.83,859100,-0.0215,0.0133,79750253.0,68070706.2
2015-08-26,95.37,95.61,90.11,93.77,1079500,-0.0168,0.0101,101224715.0,68694373.1
2015-08-27,93.58,95.34,91.75,92.9,920100,-0.0073,-0.0093,85477290.0,71824054.6
2015-08-28,91.95,93.06,90.83,91.93,704900,-0.0002,-0.0104,64801457.0,73585348.4
2015-08-31,91.0,92.64,90.83,92.48,693400,0.0163,0.006,64125632.0,74997684.1
2015-09-01,91.47,92.67,90.75,91.33,631200,-0.0015,-0.0124,57647496.0,77740808.8
2015-09-02,91.86,93.41,91.41,93.38,549700,0.0165,0.0224,51330986.0,79258133.7
2015-09-03,93.1,95.12,92.3,92.66,660200,-0.0047,-0.0077,61174132.0,79540753.8
2015-09-04,90.95,92.49,90.58,91.97,544600,0.0112,-0.0074,50086862.0,80350435.0
2015-09-08,93.68,94.69,92.41,94.16,541600,0.0051,0.0238,50997056.0,75527826.8
2015-09-09,95.04,95.33,91.99,92.53,1078500,-0.0264,-0.0173,99793605.0,66661587.9
2015-09-10,92.06,93.06,90.28,91.06,2358200,-0.0109,-0.0159,214737692.0,68665923.1
2015-09-11,94.5,99.98,93.5,99.55,4449000,0.0534,0.0932,442897950.0,80017220.8
2015-09-14,99.44,99.44,97.86,98.06,1003700,-0.0139,-0.015,98422822.0,115759286.8
2015-09-15,97.6,99.01,97.47,98.69,792600,0.0112,0.0064,78221694.0,119121423.3
2015-09-16,98.66,99.78,97.83,99.6,597300,0.0095,0.0092,59491080.0,120531029.5
2015-09-17,99.81,102.48,99.0,101.19,857600,0.0138,0.016,86780544.0,120715387.9
2015-09-18,99.28,101.53,99.28,100.11,924600,0.0084,-0.0107,92561706.0,124260343.7
2015-09-21,100.88,102.47,99.68,100.53,837400,-0.0035,0.0042,84183822.0,127399101.1
2015-09-22,99.85,100.65,98.5,99.86,615400,0.0001,-0.0067,61453844.0,130808797.1
2015-09-23,100.03,101.75,99.75,101.31,653400,0.0128,0.0145,66195954.0,131854475.9
2015-09-24,100.95,100.95,98.0,99.65,611800,-0.0129,-0.0164,60965870.0,128494710.8
2015-09-25,99.85,100.6,96.9,97.07,777200,-0.0278,-0.0259,75442804.0,113117528.6
2015-09-28,97.05,97.49,92.23,92.71,1355100,-0.0447,-0.0449,125631321.0,76372014.0
2015-09-29,92.77,94.15,91.0,92.32,834700,-0.0049,-0.0042,77059504.0,79092863.9
2015-09-30,93.14,94.72,91.68,93.31,791600,0.0018,0.0107,73864196.0,78976644.9
2015-10-01,92.87,93.88,90.87,92.91,710100,0.0004,-0.0043,65975391.0,80413956.5
2015-10-02,91.67,93.56,89.76,93.51,835300,0.0201,0.0065,78108903.0,78333441.2
2015-10-05,94.18,96.06,93.12,95.34,915500,0.0123,0.0196,87283770.0,76888160.9
2015-10-06,94.92,94.92,92.58,93.48,887500,-0.0152,-0.0195,82963500.0,77198155.7
2015-10-07,94.15,96.09,93.16,95.66,1127500,0.016,0.0233,107856650.0,79349121.3
2015-10-08,95.83,97.06,94.42,96.94,602600,0.0116,0.0134,58416044.0,83515190.9
2015-10-09,96.57,98.06,95.77,96.01,678900,-0.0058,-0.0096,65181189.0,83260208.3
2015-10-12,96.81,98.73,96.0,97.67,643400,0.0089,0.0173,62840878.0,82234046.8
2015-10-13,97.79,100.09,97.29,97.78,619400,-0.0001,0.0011,60564932.0,75955002.5
2015-10-14,98.19,98.41,95.73,96.73,530400,-0.0149,-0.0107,51305592.0,74305545.3
2015-10-15,96.96,100.03,96.85,99.93,629300,0.0306,0.0331,62885949.0,72049684.9
2015-10-16,100.31,102.8,100.01,101.28,848900,0.0097,0.0135,85976592.0,71740740.7
2015-10-19,102.17,102.71,101.27,101.63,697600,-0.0053,0.0035,70897088.0,72527509.6
2015-10-20,101.39,102.4,99.77,100.25,600700,-0.0112,-0.0136,60220175.0,70888841.4
2015-10-21,100.75,100.75,97.64,98.08,597200,-0.0265,-0.0216,58573376.0,68614508.9
2015-10-22,98.3,99.45,97.26,98.37,493000,0.0007,0.003,48496410.0,63686181.5
2015-10-23,99.34,100.33,96.93,97.4,509500,-0.0195,-0.0099,49625300.0,62694218.1
2015-10-26,97.23,100.37,96.84,99.96,691700,0.0281,0.0263,69142332.0,61138629.2
2015-10-27,99.78,100.58,98.86,99.35,606700,-0.0043,-0.0061,60275645.0,61768774.6
2015-10-28,99.22,102.41,98.99,102.38,642200,0.0318,0.0305,65748436.0,61739845.9
2015-10-29,102.45,103.0,101.23,101.89,739600,-0.0055,-0.0048,75357844.0,63184130.3
2015-10-30,101.9,103.99,101.55,103.09,647200,0.0117,0.0118,66719848.0,64431319.8
2015-11-02,103.52,105.73,102.65,105.64,726900,0.0205,0.0247,76789716.0,62505645.4
2015-11-03,105.34,106.23,104.27,105.44,545800,0.0009,-0.0019,57549152.0,63094908.2
2015-11-04,105.53,106.49,104.18,104.72,706000,-0.0077,-0.0068,73932320.0,62827805.9
2015-11-05,105.02,105.46,104.33,105.01,517400,-0.0001,0.0028,54332174.0,64363700.3
2015-11-06,104.44,104.98,102.48,102.77,526500,-0.016,-0.0213,54108405.0,64947276.7
2015-11-09,103.26,103.5,100.32,101.84,704800,-0.0138,-0.009,71776832.0,65395587.2
2015-11-10,101.21,102.38,100.08,101.37,511100,0.0016,-0.0046,51810207.0,65659037.2
2015-11-11,102.27,102.31,100.21,100.71,460000,-0.0153,-0.0065,46326600.0,64812493.4
2015-11-12,100.03,100.7,98.95,99.09,382200,-0.0094,-0.0161,37872198.0,62870309.8
2015-11-13,98.26,98.64,91.9,92.57,1844200,-0.0579,-0.0658,170717594.0,59121745.2
2015-11-16,91.89,91.95,90.16,91.49,1349700,-0.0044,-0.0117,123484053.0,69521519.8
2015-11-17,92.55,92.55,88.4,89.72,1779900,-0.0306,-0.0193,159692628.0,74190953.5
2015-11-18,89.66,91.4,88.7,91.29,1061400,0.0182,0.0175,96895206.0,84405301.1
2015-11-19,91.53,92.94,90.19,90.26,870500,-0.0139,-0.0113,78571330.0,86701589.7
2015-11-20,87.75,90.41,87.04,90.04,2508000,0.0261,-0.0024,225820320.0,89125505.3
2015-11-23,89.8,92.55,89.26,92.43,1101800,0.0293,0.0265,101839374.0,106296696.8
2015-11-24,91.49,94.0,90.79,92.89,825900,0.0153,0.005,76717851.0,109302951.0
2015-11-25,93.31,94.34,92.8,93.25,455300,-0.0006,0.0039,42456725.0,111793715.4
2015-11-27,93.33,93.75,92.57,93.36,242500,0.0003,0.0012,22639800.0,111406727.9
2015-11-30,92.83,92.95,89.69,89.87,912700,-0.0319,-0.0374,82024349.0,109883488.1
2015-12-01,89.98,90.73,87.59,90.47,1091000,0.0054,0.0067,98702770.0,101014163.6
2015-12-02,90.69,92.55,89.7,90.79,520300,0.0011,0.0035,47238037.0,98536035.3
2015-12-03,90.78,91.93,88.05,88.46,801000,-0.0256,-0.0257,70856460.0,87290576.2
2015-12-04,88.78,92.63,88.7,92.38,1026000,0.0405,0.0443,94781880.0,84686701.6
2015-12-07,92.2,93.31,90.84,93.17,1032600,0.0105,0.0086,96207342.0,86307756.6
2015-12-08,92.9,94.88,91.86,92.34,1405200,-0.006,-0.0089,129756168.0,73346458.8
2015-12-09,92.21,92.33,86.0,88.2,2573500,-0.0435,-0.0448,226982700.0,76138138.2
2015-12-10,88.62,88.78,86.1,87.59,3358600,-0.0116,-0.0069,294179774.0,91164623.1
2015-12-11,86.0,89.78,83.61,83.81,5471800,-0.0255,-0.0432,458591558.0,116336928.0
2015-12-14,83.59,84.01,76.42,78.65,5336300,-0.0591,-0.0616,419699995.0,159932103.8
2015-12-15,78.75,80.93,78.7,79.56,2067500,0.0103,0.0116,164490300.0,193699668.4
2015-12-16,80.38,81.24,79.0,80.81,1476200,0.0053,0.0157,119291722.0,200278421.4
2015-12-17,81.5,84.3,81.07,83.07,1707700,0.0193,0.028,141858639.0,207483789.9
2015-12-18,82.93,82.95,79.94,80.17,2025700,-0.0333,-0.0349,162400369.0,214584007.8
2015-12-21,80.76,80.8,79.08,79.54,754400,-0.0151,-0.0079,60004976.0,221345856.7
2015-12-22,79.61,79.85,78.07,79.16,1168300,-0.0057,-0.0048,92482628.0,217725620.1
2015-12-23,79.85,80.4,79.04,80.13,750900,0.0035,0.0123,60169617.0,213998266.1
2015-12-24,80.29,80.51,79.53,79.99,239800,-0.0037,-0.0017,19181602.0,197316957.8
2015-12-28,79.92,80.55,78.44,79.71,644900,-0.0026,-0.0035,51404979.0,169817140.6
2015-12-29,79.81,81.72,79.81,80.54,485600,0.0091,0.0104,39110224.0,129098482.7
2015-12-30,80.32,81.45,79.58,79.74,529700,-0.0072,-0.0099,42238278.0,91039505.6
2015-12-31,79.69,80.52,78.85,79.45,650500,-0.003,-0.0036,51682225.0,78814303.4
2016-01-04,77.78,78.48,76.1,78.05,1022300,0.0035,-0.0176,79790515.0,72053353.7
2016-01-05,78.96,78.96,76.54,77.98,1162200,-0.0124,-0.0009,90628356.0,65846541.3
2016-01-06,76.8,77.56,73.82,75.24,1439000,-0.0203,-0.0351,108270360.0,58669340.0
2016-01-07,73.92,75.86,72.5,72.66,1488400,-0.017,-0.0343,108147144.0,63495878.4
2016-01-08,72.91,73.99,69.52,69.72,1849600,-0.0438,-0.0405,128954112.0,65062330.0
2016-01-11,70.52,71.55,67.7,69.09,1964100,-0.0203,-0.009,135699669.0,71940779.5
2016-01-12,70.29,72.16,68.16,68.83,1513200,-0.0208,-0.0038,104153556.0,83592586.2
2016-01-13,68.83,70.03,64.47,66.24,1378900,-0.0376,-0.0376,91338336.0,88867443.9
2016-01-14,65.82,65.82,61.61,62.99,2551600,-0.043,-0.0491,160725284.0,94090255.1
2016-01-15,61.17,64.92,60.81,64.2,1968900,0.0495,0.0192,126403380.0,105938955.7
2016-01-19,64.54,64.88,61.09,62.8,1517000,-0.027,-0.0218,95267600.0,113411071.2
2016-01-20,61.66,61.84,56.9,61.5,3033300,-0.0026,-0.0207,186547950.0,114958779.7
2016-01-21,61.32,63.35,60.87,61.55,1404000,0.0038,0.0008,86416200.0,124550739.1
2016-01-22,62.21,65.52,62.18,63.74,1942700,0.0246,0.0356,123827698.0,122365323.1
2016-01-25,63.78,64.44,61.01,61.08,1159600,-0.0423,-0.0417,70828368.0,123933378.5
2016-01-26,61.27,62.57,60.3,61.8,1195600,0.0087,0.0118,73888080.0,118120804.1
2016-01-27,61.79,62.55,60.88,61.99,1464200,0.0032,0.0031,90765758.0,111939645.2
2016-01-28,62.5,63.55,60.01,60.22,1414700,-0.0365,-0.0286,85193234.0,110600865.4
2016-01-29,60.42,62.45,59.86,61.62,1345400,0.0199,0.0232,82903548.0,109986355.2
2016-02-01,60.22,60.23,57.88,59.49,2116700,-0.0121,-0.0346,125922483.0,102204181.6
2016-02-02,59.04,59.04,55.62,56.35,1682900,-0.0456,-0.0528,94831415.0,102156091.9
2016-02-03,56.37,57.5,54.65,55.41,2214000,-0.017,-0.0167,122677740.0,102112473.4
2016-02-04,55.23,56.82,54.09,56.08,1737900,0.0154,0.0121,97461432.0,95725452.4
2016-02-05,56.0,56.63,51.61,51.71,2537100,-0.0766,-0.0779,131193441.0,96829975.6
2016-02-08,51.4,53.16,50.09,51.21,2376900,-0.0037,-0.0097,121721049.0,97566549.9
2016-02-09,50.5,53.1,49.68,50.81,1518000,0.0061,-0.0078,77129580.0,102655818.0
2016-02-10,51.28,51.63,49.4,49.43,1016600,-0.0361,-0.0272,50250538.0,102979968.0
2016-02-11,48.55,49.18,46.93,47.2,1658800,-0.0278,-0.0451,78295360.0,98928446.0
2016-02-12,47.59,48.26,45.24,47.22,3070300,-0.0078,0.0004,144979566.0,98238658.6
2016-02-16,47.9,52.37,47.58,51.93,1953500,0.0841,0.0997,101445255.0,104446260.4
2016-02-17,52.49,55.52,52.03,54.3,2576400,0.0345,0.0456,139898520.0,101998537.6
2016-02-18,54.45,54.54,51.42,51.83,1177100,-0.0481,-0.0455,61009093.0,106505248.1
2016-02-19,51.65,51.89,50.28,51.53,898300,-0.0023,-0.0058,46289399.0,100338383.4
2016-02-22,52.13,52.62,50.52,51.29,1338400,-0.0161,-0.0047,68646536.0,95221180.1
2016-02-23,51.54,52.4,49.68,51.26,839000,-0.0054,-0.0006,43007140.0,88966489.6
2016-02-24,50.99,52.05,49.05,51.92,1506100,0.0182,0.0129,78196712.0,81095098.7
2016-02-25,40.11,40.63,37.0,38.49,16867300,-0.0404,-0.2587,649222377.0,81201811.9
2016-02-26,39.46,41.1,38.28,40.43,6378300,0.0246,0.0504,257874669.0,141098995.8
2016-02-29,40.4,40.83,37.93,37.99,4092600,-0.0597,-0.0604,155477874.0,159056926.7
2016-03-01,38.04,38.4,36.72,37.1,3617200,-0.0247,-0.0234,134198120.0,160106757.5
2016-03-02,37.19,39.28,36.4,38.97,3681800,0.0479,0.0504,143479746.0,163382044.0
2016-03-03,38.97,40.07,38.7,39.12,1807500,0.0038,0.0038,70709400.0,163740166.6
2016-03-04,39.44,39.66,38.23,39.41,3654000,-0.0008,0.0074,144004140.0,164710197.3
2016-03-07,39.44,39.99,38.39,38.97,2150000,-0.0119,-0.0112,83785500.0,174481671.4
2016-03-08,39.0,39.0,37.91,38.3,1681100,-0.0179,-0.0172,64386130.0,175995567.8
2016-03-09,38.5,38.5,37.04,38.04,2169000,-0.0119,-0.0068,82508760.0,178133466.8
2016-03-10,38.26,39.7,37.8,38.71,2198300,0.0118,0.0176,85096193.0,178564671.6
2016-03-11,39.26,40.4,38.97,40.03,1942000,0.0196,0.0341,77738260.0,122152053.2
2016-03-14,40.1,40.3,38.98,40.25,2454800,0.0037,0.0055,98805700.0,104138412.3
2016-03-15,40.06,40.2,39.16,39.62,1773500,-0.011,-0.0157,70266070.0,98471194.9
2016-03-16,39.08,39.52,38.0,38.85,1576200,-0.0059,-0.0194,61235370.0,92077989.9
2016-03-17,38.02,38.2,36.21,36.65,3011000,-0.036,-0.0566,110353150.0,83853552.3
2016-03-18,35.88,38.35,35.03,37.24,5478200,0.0379,0.0161,204008168.0,87817927.3
2016-03-21,37.33,38.9,37.18,38.53,2312600,0.0321,0.0346,89104478.0,93818330.1
2016-03-22,38.28,38.55,37.52,37.92,1540400,-0.0094,-0.0158,58411968.0,94350227.9
2016-03-23,37.94,38.16,36.59,36.8,1449900,-0.03,-0.0295,53356320.0,93752811.7
2016-03-24,36.65,37.2,36.36,37.13,1386200,0.0131,0.009,51469606.0,90837567.7
2016-03-28,37.12,39.42,37.01,38.59,2415800,0.0396,0.0393,93225722.0,87474909.0
2016-03-29,38.52,39.66,37.87,39.01,3444900,0.0127,0.0109,134385549.0,89023655.2
2016-03-30,38.64,43.5,38.64,40.56,10795300,0.0497,0.0397,437857368.0,92581640.1
2016-03-31,40.6,43.42,40.57,41.9,3784500,0.032,0.033,158570550.0,129340769.9
2016-04-01,41.6,44.07,41.6,43.77,3501500,0.0522,0.0446,153260655.0,139074287.9
2016-04-04,43.77,44.5,41.8,42.05,2418900,-0.0393,-0.0393,101714745.0,143365038.4
2016-04-05,43.01,43.98,42.6,43.36,4908600,0.0081,0.0312,212836896.0,133135696.1
2016-04-06,43.5,44.23,43.03,43.57,8120900,0.0016,0.0048,353827613.0,145508937.9
2016-04-07,43.25,43.3,41.65,41.9,3207100,-0.0312,-0.0383,134377490.0,175050502.4
2016-04-08,42.24,42.55,41.42,41.51,1795400,-0.0173,-0.0093,74527054.0,183152619.4
2016-04-11,41.73,42.75,41.28,41.69,1447200,-0.001,0.0043,60333768.0,185458364.2
2016-04-12,41.68,43.98,41.4,43.64,2037000,0.047,0.0468,88894680.0,182169168.8
2016-04-13,43.73,46.35,43.73,45.78,3301500,0.0469,0.049,151142670.0,177620081.9
2016-04-14,45.27,45.49,43.86,44.04,1802600,-0.0272,-0.038,79386504.0,148948612.1
2016-04-15,44.13,44.55,43.66,43.99,1068100,-0.0032,-0.0011,46985719.0,141030207.5
2016-04-18,43.71,45.31,43.48,44.3,1029000,0.0135,0.007,45584700.0,130402713.9
2016-04-19,44.28,44.98,43.74,44.16,777800,-0.0027,-0.0032,34347648.0,124789709.4
2016-04-20,44.17,44.9,44.01,44.31,790500,0.0032,0.0034,35027055.0,106940784.6
2016-04-21,44.42,45.17,44.27,44.52,954500,0.0023,0.0047,42494340.0,75060728.8
2016-04-22,44.42,45.17,44.41,44.89,805500,0.0106,0.0083,36158895.0,65872413.8
2016-04-25,44.77,44.99,43.1,43.3,1760800,-0.0328,-0.0354,76242640.0,62035597.9
2016-04-26,43.55,45.94,43.4,45.58,1348200,0.0466,0.0527,61450956.0,63626485.1
2016-04-27,45.47,46.87,45.09,46.13,1356500,0.0145,0.0121,62575345.0,60882112.7
2016-04-28,45.67,46.4,43.94,44.06,1291000,-0.0353,-0.0449,56881460.0,52025380.2
2016-04-29,44.05,44.47,42.71,43.27,1263300,-0.0177,-0.0179,54662991.0,49774875.8
2016-05-02,43.6,44.0,42.53,42.77,1098600,-0.019,-0.0116,46987122.0,50542603.0
2016-05-03,42.15,42.36,40.1,41.42,1482000,-0.0173,-0.0316,61384440.0,50682845.2
2016-05-04,40.92,41.21,39.0,39.42,1797200,-0.0367,-0.0483,70845624.0,53386524.4
2016-05-05,39.63,39.9,38.23,38.64,1237200,-0.025,-0.0198,47805408.0,56968381.3
2016-05-06,38.6,39.18,37.5,38.04,907400,-0.0145,-0.0155,34517496.0,57499488.1
2016-05-09,38.09,38.16,37.15,37.4,994400,-0.0181,-0.0168,37190560.0,57335348.2
2016-05-10,37.94,37.96,36.5,37.25,1801900,-0.0182,-0.004,67120775.0,53430140.2
2016-05-11,37.04,37.05,34.21,34.6,2816900,-0.0659,-0.0711,97464740.0,53997122.1
2016-05-12,34.79,35.14,34.25,35.04,1801200,0.0072,0.0127,63114048.0,57486061.6
2016-05-13,34.65,34.91,33.08,33.09,1877800,-0.045,-0.0557,62136402.0,58109320.4
2016-05-16,33.25,33.56,32.6,33.06,1304300,-0.0057,-0.0009,43120158.0,58856661.5
2016-05-17,33.06,33.77,32.6,32.75,1414500,-0.0094,-0.0094,46324875.0,58469965.1
2016-05-18,32.75,32.77,30.83,31.83,3205100,-0.0281,-0.0281,102018333.0,56964008.6
2016-05-19,32.0,32.35,30.88,31.01,1539800,-0.0309,-0.0258,47749198.0,60081279.5
2016-05-20,31.01,32.05,31.01,31.92,1692700,0.0293,0.0293,54030984.0,60075658.5
2016-05-23,31.94,32.63,31.56,31.6,1199000,-0.0106,-0.01,37888400.0,62027007.3
2016-05-24,31.45,32.26,31.08,32.15,1432400,0.0223,0.0174,46051660.0,62096791.3
2016-05-25,32.4,33.3,32.12,33.02,1388000,0.0191,0.0271,45831760.0,59989879.8
2016-05-26,33.57,33.74,32.33,32.78,1419800,-0.0235,-0.0073,46541044.0,54826581.8
2016-05-27,32.83,33.97,32.7,33.54,1052300,0.0216,0.0232,35294142.0,53169281.4
2016-05-31,33.82,33.95,32.76,33.26,1147100,-0.0166,-0.0083,38152546.0,50485055.4
2016-06-01,33.26,34.22,32.61,34.06,1191800,0.0241,0.0241,40592708.0,49988294.2
2016-06-02,33.9,34.77,33.64,34.56,1342400,0.0195,0.0147,46393344.0,49415077.5
2016-06-03,34.48,34.48,33.09,34.03,1310800,-0.0131,-0.0153,44606524.0,43852578.6
2016-06-06,34.0,35.23,33.56,35.08,1271900,0.0318,0.0309,44618252.0,43538311.2
2016-06-07,35.28,35.98,34.53,35.38,1815600,0.0028,0.0086,64235928.0,42597038.0
2016-06-08,35.59,36.65,34.88,36.07,6699600,0.0135,0.0195,241654572.0,45231790.8
2016-06-09,36.07,36.07,28.33,28.41,29946300,-0.2124,-0.2124,850774383.0,64792082.0
2016-06-10,28.06,28.14,26.5,26.56,8704000,-0.0535,-0.0651,231178240.0,145286344.3
2016-06-13,26.27,26.5,25.58,25.68,6360700,-0.0225,-0.0331,163342776.0,163750063.9
2016-06-14,25.52,25.99,24.75,25.88,5400500,0.0141,0.0078,139764940.0,176554927.3
2016-06-15,26.06,26.95,25.92,26.25,4487200,0.0073,0.0143,117789000.0,186716166.7
2016-06-16,26.1,26.19,25.25,25.97,2791600,-0.005,-0.0107,72497852.0,194435795.9
2016-06-17,26.04,26.91,25.75,25.99,5396900,-0.0019,0.0008,140265431.0,197046246.7
2016-06-20,26.33,26.81,25.87,26.12,2737800,-0.008,0.005,71511336.0,206612137.4
2016-06-21,26.25,26.41,25.54,25.77,2723800,-0.0183,-0.0134,70192326.0,209301445.8
2016-06-22,26.02,28.24,25.99,27.62,5894900,0.0615,0.0718,162817138.0,209897085.6
2016-06-23,27.69,28.09,27.31,27.92,2841300,0.0083,0.0109,79329096.0,202013342.2
2016-06-24,26.67,27.7,26.61,27.56,4023400,0.0334,-0.0129,110884904.0,124868813.5
2016-06-27,27.52,27.62,25.11,25.39,3036400,-0.0774,-0.0787,77094196.0,112839479.9
2016-06-28,25.5,26.11,25.1,25.82,2300300,0.0125,0.0169,59393746.0,104214621.9
2016-06-29,26.3,28.19,26.3,28.05,3766000,0.0665,0.0864,105636300.0,96177502.5
2016-06-30,28.01,28.77,27.79,28.68,2689900,0.0239,0.0225,77146332.0,94962232.5
2016-07-01,28.69,30.2,28.68,30.0,3671700,0.0457,0.046,110151000.0,95427080.5
2016-07-05,29.58,29.69,28.28,29.55,2635500,-0.001,-0.015,77879025.0,92415637.4
2016-07-06,29.48,30.34,29.22,29.76,3103700,0.0095,0.0071,92366112.0,93052406.3
2016-07-07,29.71,30.32,28.7,28.84,2540600,-0.0293,-0.0309,73270904.0,95269784.9
2016-07-08,29.05,29.87,28.75,29.62,2355700,0.0196,0.027,69775834.0,86315161.5
2016-07-11,29.95,31.28,29.75,30.27,3475200,0.0107,0.0219,105194304.0,85359835.3
2016-07-12,30.6,31.34,30.6,30.71,1470800,0.0036,0.0145,45168268.0,84790775.3
2016-07-13,30.97,31.98,28.55,28.77,3525800,-0.071,-0.0632,101437266.0,81598182.5
2016-07-14,28.77,29.45,28.2,28.64,1970600,-0.0045,-0.0045,56437984.0,85802534.5
2016-07-15,28.89,28.89,27.23,27.5,3131600,-0.0481,-0.0398,86119000.0,80882702.9
2016-07-18,28.66,29.86,28.45,29.5,3180100,0.0293,0.0727,93812950.0,81779969.7
2016-07-19,29.47,30.01,28.92,29.01,1611300,-0.0156,-0.0166,46743813.0,80146164.7
2016-07-20,29.23,30.71,29.12,30.51,2932100,0.0438,0.0517,89458371.0,77032643.5
2016-07-21,30.51,31.15,30.3,30.62,2393300,0.0036,0.0036,73282846.0,76741869.4
2016-07-22,30.65,30.71,29.95,30.42,988200,-0.0075,-0.0065,30061044.0,76743063.6
2016-07-25,30.53,31.21,30.41,30.56,1533800,0.001,0.0046,46872928.0,72771584.6
2016-07-26,30.42,30.48,29.29,29.72,1718300,-0.023,-0.0275,51067876.0,66939447.0
2016-07-27,29.8,30.38,29.15,29.56,1210300,-0.0081,-0.0054,35776468.0,67529407.8
2016-07-28,29.62,30.0,29.3,29.84,942600,0.0074,0.0095,28127184.0,60963328.0
2016-07-29,29.83,30.92,29.59,30.81,1625200,0.0329,0.0325,50072412.0,58132248.0
2016-08-01,30.84,31.28,30.07,30.73,1180500,-0.0036,-0.0026,36276765.0,54527589.2
2016-08-02,30.75,30.76,28.67,28.74,1658300,-0.0654,-0.0648,47659542.0,48773970.7
2016-08-03,28.5,29.03,27.5,28.93,1733300,0.0151,0.0066,50144369.0,48865543.6
2016-08-04,29.0,29.07,27.92,28.13,1647500,-0.03,-0.0277,46344175.0,44934143.4
2016-08-05,28.45,29.66,28.27,29.52,1823500,0.0376,0.0494,53829720.0,42240276.3
2016-08-08,29.9,31.16,29.9,30.47,1647600,0.0191,0.0322,50202372.0,44617143.9
2016-08-09,30.19,30.52,29.62,30.35,1299600,0.0053,-0.0039,39442860.0,44950088.3
2016-08-10,30.37,30.52,29.07,29.21,1111200,-0.0382,-0.0376,32458152.0,43787586.7
2016-08-11,29.94,31.19,29.64,30.51,2159800,0.019,0.0445,65895498.0,43455755.1
2016-08-12,30.5,31.65,30.3,31.4,2040900,0.0295,0.0292,64084260.0,47232586.5
2016-08-15,31.43,31.82,31.18,31.72,1360700,0.0092,0.0102,43161404.0,48633771.3
2016-08-16,31.71,31.71,30.76,31.49,1264200,-0.0069,-0.0073,39809658.0,49322235.2
2016-08-17,31.24,31.4,29.65,30.11,2232000,-0.0362,-0.0438,67205520.0,48537246.8
2016-08-18,30.5,30.89,29.86,30.77,1416500,0.0089,0.0219,43585705.0,50243361.9
2016-08-19,33.6,34.37,32.85,34.22,7376000,0.0185,0.1121,252406720.0,49967514.9
2016-08-22,34.18,34.21,33.24,34.03,2101400,-0.0044,-0.0056,71510642.0,69825214.9
2016-08-23,34.3,35.93,34.15,35.55,3159400,0.0364,0.0447,112316670.0,71956041.9
2016-08-24,35.5,35.95,33.5,34.08,2603200,-0.04,-0.0414,88717056.0,79243422.9
2016-08-25,33.95,35.43,33.73,34.65,2995300,0.0206,0.0167,103787145.0,84869313.3
2016-08-26,34.6,34.7,31.82,32.59,3352600,-0.0581,-0.0595,109261234.0,88658478.0
2016-08-29,32.85,34.41,32.81,33.73,2071600,0.0268,0.035,69875068.0,93176175.4
2016-08-30,33.53,34.0,33.41,33.96,1255200,0.0128,0.0068,42626592.0,95847541.8
2016-08-31,33.9,34.32,33.26,33.73,1716500,-0.005,-0.0068,57897545.0,96129235.2
2016-09-01,33.73,33.99,32.94,33.42,1464600,-0.0092,-0.0092,48946932.0,95198437.7
2016-09-02,33.67,34.22,33.28,33.88,1263400,0.0062,0.0138,42803992.0,95734560.4
2016-09-06,33.6,33.93,33.15,33.56,1964100,-0.0012,-0.0094,65915196.0,74774287.6
2016-09-07,33.5,34.99,33.39,34.88,2626600,0.0412,0.0393,91615808.0,74214743.0
2016-09-08,34.62,35.73,33.95,35.29,7056600,0.0194,0.0118,249027414.0,72144656.8
2016-09-09,39.4,39.98,36.3,36.38,11689600,-0.0766,0.0309,425267648.0,88175692.6
2016-09-12,35.77,37.26,34.96,36.18,4669500,0.0115,-0.0055,168942510.0,120323742.9
2016-09-13,35.51,36.79,35.19,35.76,1992300,0.007,-0.0116,71244648.0,126291870.5
2016-09-14,36.09,36.26,34.51,35.44,1788000,-0.018,-0.0089,63366720.0,126428828.5
2016-09-15,35.31,35.51,34.69,35.01,1415000,-0.0085,-0.0121,49539150.0,128502841.3
2016-09-16,34.86,35.87,34.76,35.03,1545900,0.0049,0.0006,54152877.0,127667001.8
2016-09-19,35.1,35.44,33.94,34.26,2094800,-0.0239,-0.022,71767848.0,128187596.3
2016-09-20,34.65,34.67,33.07,33.15,2215700,-0.0433,-0.0324,73450455.0,131083981.9
2016-09-21,33.16,33.53,32.42,33.4,2115000,0.0072,0.0075,70641000.0,131837507.8
2016-09-22,33.9,34.16,32.87,33.24,2066300,-0.0195,-0.0048,68683812.0,129740027.0
2016-09-23,33.18,34.0,32.85,32.88,1305000,-0.009,-0.0108,42908400.0,111705666.8
2016-09-26,32.7,32.75,31.42,31.47,2484300,-0.0376,-0.0429,78180921.0,73469742.0
2016-09-27,31.55,32.57,31.47,32.55,1888700,0.0317,0.0343,61477185.0,64393583.1
2016-09-28,32.3,32.42,31.46,31.74,2460200,-0.0173,-0.0249,78086748.0,63416836.8
2016-09-29,31.77,34.06,31.6,33.06,5521400,0.0406,0.0416,182537484.0,64888839.6
2016-09-30,33.43,34.95,33.3,34.58,3209600,0.0344,0.046,110987968.0,78188673.0
2016-10-03,34.34,34.4,33.42,33.67,1595100,-0.0195,-0.0263,53707017.0,83872182.1
2016-10-04,33.54,34.62,33.26,33.97,1411900,0.0128,0.0089,47962243.0,82066099.0
2016-10-05,33.82,35.26,33.8,34.68,1288900,0.0254,0.0209,44699052.0,79517277.8
2016-10-06,34.37,34.56,33.49,34.21,1188700,-0.0047,-0.0136,40665427.0,76923083.0
2016-10-07,34.95,35.15,33.45,33.67,1433700,-0.0366,-0.0158,48272679.0,74121244.5
2016-10-10,33.8,34.65,33.51,33.52,794300,-0.0083,-0.0045,26624936.0,74657672.4
2016-10-11,33.27,33.53,31.65,31.87,2184500,-0.0421,-0.0492,69620015.0,69502073.9
2016-10-12,32.01,32.41,31.54,31.72,846700,-0.0091,-0.0047,26857324.0,70316356.9
2016-10-13,31.68,31.81,30.61,31.15,1373500,-0.0167,-0.018,42784525.0,65193414.5
2016-10-14,31.4,31.44,29.9,30.05,1986400,-0.043,-0.0353,59691320.0,51218118.6
2016-10-17,30.01,30.24,28.9,29.78,2301300,-0.0077,-0.009,68532714.0,46088453.8
2016-10-18,30.24,30.49,29.52,30.0,1084700,-0.0079,0.0074,32541000.0,47571023.5
2016-10-19,30.07,30.5,30.0,30.22,628500,0.005,0.0073,18993270.0,46028899.2
2016-10-20,30.08,30.37,29.57,29.82,918900,-0.0086,-0.0132,27401598.0,43458321.0
2016-10-21,29.6,29.76,29.19,29.48,1356300,-0.0041,-0.0114,39983724.0,42131938.1
2016-10-24,30.01,30.15,29.64,29.83,590200,-0.006,0.0119,17605666.0,41303042.6
2016-10-25,29.55,29.89,29.04,29.09,648700,-0.0156,-0.0248,18870683.0,40401115.6
2016-10-26,29.0,29.3,28.62,28.91,820600,-0.0031,-0.0062,23723546.0,35326182.4
2016-10-27,29.0,29.57,28.08,28.18,1220500,-0.0283,-0.0253,34393690.0,35012804.6
2016-10-28,28.14,29.72,28.14,29.02,2364700,0.0313,0.0298,68623594.0,34173721.1
2016-10-31,29.11,29.4,28.82,28.97,885100,-0.0048,-0.0017,25641347.0,35066948.5
2016-11-01,29.02,29.67,28.64,29.03,1246300,0.0003,0.0021,36180089.0,30777811.8
2016-11-02,28.86,29.48,28.58,29.46,893100,0.0208,0.0148,26310726.0,31141720.7
2016-11-03,29.49,29.6,27.82,27.95,1909400,-0.0522,-0.0513,53367730.0,31873466.3
2016-11-04,28.25,29.07,27.98,28.49,1330800,0.0085,0.0193,37914492.0,34470079.5
2016-11-07,28.87,29.55,28.66,28.78,824900,-0.0031,0.0102,23740622.0,34263156.3
2016-11-08,28.23,28.82,27.5,28.6,1410700,0.0131,-0.0063,40346020.0,34876651.9
2016-11-09,28.02,29.71,27.7,29.6,1379400,0.0564,0.035,40830240.0,37024185.6
2016-11-10,30.0,32.55,30.0,31.49,3986600,0.0497,0.0639,125538034.0,38734855.0
2016-11-11,31.28,32.16,30.9,32.05,1397400,0.0246,0.0178,44786670.0,47849289.4
2016-11-14,32.17,35.05,32.05,34.69,3535800,0.0783,0.0824,122656902.0,45465597.0
2016-11-15,34.57,35.05,32.85,33.31,1755700,-0.0364,-0.0398,58482367.0,55167152.5
2016-11-16,33.06,34.75,33.0,34.17,1460800,0.0336,0.0258,49915536.0,57397380.3
2016-11-17,34.07,35.1,33.51,34.38,1835100,0.0091,0.0061,63090738.0,59757861.3
2016-11-18,33.71,35.87,33.24,34.51,1816700,0.0237,0.0038,62694317.0,60730162.1
2016-11-21,34.8,35.45,34.3,35.01,1540100,0.006,0.0145,53918901.0,63208144.6
2016-11-22,35.11,37.5,34.94,37.25,3099000,0.061,0.064,115437750.0,66225972.5
2016-11-23,37.35,37.45,36.01,36.57,1154700,-0.0209,-0.0183,42227379.0,73735145.5
2016-11-25,36.81,37.21,36.18,36.48,437200,-0.009,-0.0025,15949056.0,73874859.4
2016-11-28,36.47,36.75,34.77,35.67,1595400,-0.0219,-0.0222,56907918.0,62915961.6
2016-11-29,35.7,37.2,35.57,36.79,2083500,0.0305,0.0314,76651965.0,64128086.4
2016-11-30,36.98,37.79,35.95,36.05,1046900,-0.0251,-0.0201,37740745.0,59527592.7
2016-12-01,35.88,36.65,34.94,35.17,1219200,-0.0198,-0.0244,42879264.0,57453430.5
2016-12-02,35.17,36.02,34.76,35.23,1037700,0.0017,0.0017,36558171.0,56749803.3
2016-12-05,35.95,37.12,35.95,36.82,1560000,0.0242,0.0451,57439200.0,54096546.6
2016-12-06,37.15,37.88,36.25,37.69,1573700,0.0145,0.0236,59312753.0,53571034.9
2016-12-07,37.5,38.18,36.97,37.94,1733300,0.0117,0.0066,65761402.0,54110420.1
2016-12-08,38.64,39.28,37.24,38.99,6198900,0.0091,0.0277,241695111.0,49142785.3
2016-12-09,31.5,33.95,31.0,31.92,17136200,0.0133,-0.1813,546987504.0,69089558.5
2016-12-12,31.34,32.39,30.21,30.41,5101600,-0.0297,-0.0473,155139656.0,122193403.3
2016-12-13,30.53,31.95,30.22,31.61,2881800,0.0354,0.0395,91093698.0,132016577.1
2016-12-14,31.71,32.42,31.32,32.06,2098700,0.011,0.0142,67284322.0,133460750.4
2016-12-15,31.99,33.05,31.79,32.29,1926400,0.0094,0.0072,62203456.0,136415108.1
2016-12-16,32.3,32.86,31.15,31.27,2649600,-0.0319,-0.0316,82852992.0,138347527.3
2016-12-19,31.26,32.7,30.8,32.64,1934300,0.0441,0.0438,63135552.0,142977009.4
2016-12-20,32.59,33.19,32.27,32.69,1404200,0.0031,0.0015,45903298.0,143546644.6
2016-12-21,32.6,33.16,32.35,32.55,1294800,-0.0015,-0.0043,42145740.0,142205699.1
2016-12-22,32.22,32.47,30.18,30.62,2593300,-0.0497,-0.0593,79406846.0,139844132.9
2016-12-23,30.63,31.36,30.12,30.18,1219300,-0.0147,-0.0144,36798474.0,123615306.4
2016-12-27,30.18,31.05,30.13,30.64,1262300,0.0152,0.0152,38676872.0,72596403.4
2016-12-28,30.6,30.88,30.37,30.78,1192100,0.0059,0.0046,36692838.0,60950125.0
2016-12-29,30.75,31.37,30.34,30.35,1374800,-0.013,-0.014,41725180.0,55510039.0
2016-12-30,30.34,30.71,29.95,30.7,1450100,0.0119,0.0115,44518070.0,52954124.8
2017-01-03,30.8,31.88,30.7,31.15,1279000,0.0114,0.0147,39840850.0,51185586.2
2017-01-04,31.15,31.86,31.15,31.68,1275000,0.017,0.017,40392000.0,46884372.0
2017-01-05,31.05,31.27,30.18,30.5,2076600,-0.0177,-0.0372,63336300.0,44610016.8
2017-01-06,30.71,30.74,29.1,29.11,1912800,-0.0521,-0.0456,55681608.0,46353317.0
2017-01-09,29.22,29.62,28.34,28.59,1779600,-0.0216,-0.0179,50878764.0,47706903.8
2017-01-10,28.49,29.24,28.2,29.0,1516600,0.0179,0.0143,43981400.0,44854095.6
2017-01-11,29.0,29.44,28.53,28.84,941600,-0.0055,-0.0055,27155744.0,45572388.2
2017-01-12,28.96,28.96,28.31,28.9,836600,-0.0021,0.0021,24177740.0,44420275.4
2017-01-13,28.89,29.9,28.89,29.38,758700,0.017,0.0166,22290606.0,43168765.6
2017-01-17,29.24,31.08,29.16,30.0,1476400,0.026,0.0211,44292000.0,41225308.2
2017-01-18,29.95,30.38,28.9,30.19,1352000,0.008,0.0063,40816880.0,41202701.2
2017-01-19,29.5,29.77,28.89,29.26,1368100,-0.0081,-0.0308,40030606.0,41300304.2
2017-01-20,29.22,29.61,29.0,29.58,749600,0.0123,0.0109,22173168.0,41264164.8
2017-01-23,29.46,29.77,28.77,28.82,807600,-0.0217,-0.0257,23275032.0,37147851.6
2017-01-24,28.99,29.14,28.08,28.11,1492200,-0.0304,-0.0246,41945742.0,33907194.0
2017-01-25,28.29,29.09,28.17,28.24,2011100,-0.0018,0.0046,56793464.0,33013891.8
2017-01-26,28.28,28.5,26.85,27.09,2515800,-0.0421,-0.0407,68153022.0,34295098.2
2017-01-27,27.08,27.4,25.61,26.09,2156600,-0.0366,-0.0369,56265694.0,38394826.0
2017-01-30,25.9,26.66,25.29,26.54,2059400,0.0247,0.0172,54656476.0,41603621.4
2017-01-31,26.2,27.12,25.84,27.02,1301900,0.0313,0.0181,35177338.0,44840208.4
2017-02-01,27.03,27.21,26.12,26.25,1748700,-0.0289,-0.0285,45903375.0,43928742.2
2017-02-02,26.25,27.13,25.73,26.99,9801100,0.0282,0.0282,264531689.0,44437391.7
2017-02-03,27.25,27.35,26.46,26.5,1895600,-0.0275,-0.0182,50233400.0,66887500.0
2017-02-06,26.5,26.87,26.27,26.32,1210600,-0.0068,-0.0068,31862992.0,69693523.2
2017-02-07,25.36,25.54,24.41,25.08,4600200,-0.011,-0.0471,115373016.0,70552319.2
2017-02-08,25.15,25.5,24.68,25.45,1471600,0.0119,0.0148,37452220.0,77895046.6
2017-02-09,25.45,26.06,25.34,25.85,1568700,0.0157,0.0157,40550895.0,75960922.2
2017-02-10,26.01,26.26,24.54,25.32,2332300,-0.0265,-0.0205,59053836.0,73200709.5
2017-02-13,25.38,25.99,25.21,25.89,1614400,0.0201,0.0225,41796816.0,73479523.7
2017-02-14,25.75,26.82,25.57,26.68,1532800,0.0361,0.0305,40895104.0,72193557.7
2017-02-15,27.56,28.97,27.0,27.82,2570200,0.0094,0.0427,71502964.0,72765334.3
2017-02-16,27.75,28.25,27.0,27.18,1929300,-0.0205,-0.023,52438374.0,75325293.2
2017-02-17,27.28,27.6,26.8,26.82,1257900,-0.0169,-0.0132,33736878.0,54115961.7
2017-02-21,27.29,27.37,26.3,26.39,1324500,-0.033,-0.016,34953555.0,52466309.5
2017-02-22,26.38,26.38,25.72,26.01,1336300,-0.014,-0.0144,34757163.0,52775365.8
2017-02-23,25.94,26.01,25.09,25.19,2493700,-0.0289,-0.0315,62816303.0,44713780.5
2017-02-24,29.15,33.0,28.6,31.34,14830800,0.0751,0.2441,464797272.0,47250188.8
2017-02-27,31.37,32.95,31.07,32.67,3603300,0.0414,0.0424,117719811.0,89674826.5
2017-02-28,32.13,32.4,30.23,30.44,3551700,-0.0526,-0.0683,108113748.0,95541424.0
2017-03-01,30.82,31.4,29.86,30.04,2489900,-0.0253,-0.0131,74796596.0,102173117.2
2017-03-02,30.0,31.35,29.98,31.21,1532200,0.0403,0.0389,47819962.0,105563266.4
2017-03-03,31.02,31.58,30.76,31.2,1575600,0.0058,-0.0003,49158720.0,103194966.2
2017-03-06,31.21,32.13,30.5,31.89,2668500,0.0218,0.0221,85098465.0,102867000.8
2017-03-07,31.65,32.72,31.41,32.39,1898200,0.0234,0.0157,61482698.0,108003159.5
2017-03-08,32.69,33.96,32.65,33.54,2329500,0.026,0.0355,78131430.0,110656073.8
2017-03-09,33.54,33.85,32.7,33.41,1401400,-0.0039,-0.0039,46820774.0,114993500.5
2017-03-10,33.49,35.42,33.1,35.32,2442400,0.0546,0.0572,86265568.0,113393947.6
2017-03-13,35.04,35.41,32.75,33.04,2792900,-0.0571,-0.0646,92277416.0,75540777.2
2017-03-14,32.93,33.84,32.7,33.56,1146500,0.0191,0.0157,38476540.0,72996537.7
2017-03-15,33.67,35.37,33.49,35.09,2315200,0.0422,0.0456,81240368.0,66032816.9
2017-03-16,35.23,36.4,35.16,36.17,1682300,0.0267,0.0308,60848791.0,66677194.1
2017-03-17,36.26,36.49,35.39,36.27,1368700,0.0003,0.0028,49642749.0,67980077.0
2017-03-20,36.08,36.27,35.4,35.78,1244000,-0.0083,-0.0135,44510320.0,68028479.9
2017-03-21,35.72,36.3,34.61,35.23,1661000,-0.0137,-0.0154,58517030.0,63969665.4
2017-03-22,35.37,37.2,35.37,37.08,1788300,0.0483,0.0525,66310164.0,63673098.6
2017-03-23,37.05,37.7,36.75,37.03,2051900,-0.0005,-0.0013,75981857.0,62490972.0
2017-03-24,37.0,37.35,36.18,36.93,1512700,-0.0019,-0.0027,55864011.0,65407080.3
2017-03-27,36.28,36.98,35.62,36.69,1960100,0.0113,-0.0065,71916069.0,62366924.6
2017-03-28,36.69,38.2,36.33,38.0,3253700,0.0357,0.0357,123640600.0,60330789.9
2017-03-29,43.4,44.32,41.57,43.68,7559600,0.0065,0.1495,330203328.0,68847195.9
2017-03-30,42.44,45.31,42.3,44.95,3361200,0.0591,0.0291,151085940.0,93743491.9
2017-03-31,44.7,46.46,44.34,46.26,2794700,0.0349,0.0291,129282822.0,102767206.8
2017-04-03,46.28,46.93,45.62,45.86,1882300,-0.0091,-0.0086,86322278.0,110731214.1
2017-04-04,45.7,47.25,45.31,47.04,2292600,0.0293,0.0257,107843904.0,114912409.9
2017-04-05,47.45,47.61,45.67,45.78,1968500,-0.0352,-0.0268,90117930.0,119845097.3
2017-04-06,46.2,47.42,45.85,47.12,1386800,0.0199,0.0293,65346016.0,122225873.9
2017-04-07,46.64,47.35,46.29,46.98,2230100,0.0073,-0.003,104770098.0,121162289.8
2017-04-10,47.0,48.91,46.98,47.53,1511000,0.0113,0.0117,71817830.0,126052898.5
2017-04-11,47.27,48.49,47.18,47.49,1225100,0.0047,-0.0008,58179999.0,126043074.6
2017-04-12,47.2,47.83,46.69,47.04,1043900,-0.0034,-0.0095,49105056.0,119497014.5
2017-04-13,46.89,47.8,46.54,47.03,703800,0.003,-0.0002,33099714.0,91387187.3
2017-04-17,47.02,47.43,46.67,46.92,1083100,-0.0021,-0.0023,50819052.0,79588564.7
2017-04-18,46.71,47.48,46.6,46.72,1119300,0.0002,-0.0043,52293696.0,71742187.7
2017-04-19,47.14,48.1,47.14,47.59,1007300,0.0095,0.0186,47937407.0,68339329.5
2017-04-20,47.83,48.52,47.34,47.81,1126800,-0.0004,0.0046,53872308.0,62348679.8
2017-04-21,48.1,48.66,47.53,48.64,1001100,0.0112,0.0174,48693504.0,58724117.6
2017-04-24,48.89,49.23,47.75,48.32,1322100,-0.0117,-0.0066,63883872.0,57058866.4
2017-04-25,48.6,49.24,48.03,48.41,924900,-0.0039,0.0019,44774409.0,52970243.8
2017-04-26,48.37,49.59,48.06,48.13,1413300,-0.005,-0.0058,68022129.0,50265901.7
2017-04-27,48.48,49.28,48.23,48.75,1164300,0.0056,0.0129,56759625.0,51250114.7
2017-04-28,49.67,49.75,47.84,47.97,1448500,-0.0342,-0.016,69484545.0,52015571.6
2017-05-01,47.93,48.02,47.19,47.77,622100,-0.0033,-0.0042,29717717.0,55654054.7
2017-05-02,47.62,48.91,47.37,48.62,879700,0.021,0.0178,42771014.0,53543921.2
2017-05-03,48.45,51.78,48.24,51.75,2007900,0.0681,0.0644,103908825.0,52591653.0
2017-05-04,51.72,52.88,51.14,51.86,1107100,0.0027,0.0021,57414206.0,58188794.8
2017-05-05,55.0,58.08,54.08,57.15,3481100,0.0391,0.102,198944865.0,58542984.6
2017-05-08,57.89,59.43,57.71,58.01,1571200,0.0021,0.015,91145312.0,73568120.7
2017-05-09,58.18,59.93,57.63,58.42,1694600,0.0041,0.0071,98998532.0,76294264.7
2017-05-10,58.4,60.11,58.4,59.99,960500,0.0272,0.0269,57620395.0,81716677.0
2017-05-11,56.41,57.34,52.22,57.15,4063200,0.0131,-0.0473,232211880.0,80676503.6
2017-05-12,56.3,57.7,55.81,57.04,1335900,0.0131,-0.0019,76199736.0,98221729.1
2017-05-15,56.92,57.97,56.37,57.03,1534300,0.0019,-0.0002,87501129.0,98893248.2
2017-05-16,56.87,59.29,56.57,59.17,1253800,0.0404,0.0375,74187346.0,104671589.4
2017-05-17,59.17,59.5,57.03,57.11,1169300,-0.0348,-0.0348,66778723.0,107813222.6
2017-05-18,57.67,58.6,57.0,57.14,858000,-0.0092,0.0005,49026120.0,104100212.4
2017-05-19,57.26,58.69,57.04,57.88,772700,0.0108,0.013,44723876.0,103261403.8
2017-05-22,57.92,58.8,57.04,57.81,850300,-0.0019,-0.0012,49155843.0,87839304.9
2017-05-23,57.82,59.71,56.91,58.49,942400,0.0116,0.0118,55120976.0,83640358.0
2017-05-24,57.91,58.35,56.44,56.54,913400,-0.0237,-0.0333,51643636.0,79252602.4
2017-05-25,57.8,58.19,56.45,56.84,794400,-0.0166,0.0053,45153696.0,78654926.5
2017-05-26,56.91,58.14,56.85,57.81,844800,0.0158,0.0171,48837888.0,59949108.1
2017-05-30,57.45,58.05,54.98,55.09,1388100,-0.0411,-0.0471,76470429.0,57212923.3
2017-05-31,55.56,56.14,53.57,56.11,1508900,0.0099,0.0185,84664379.0,56109853.3
2017-06-01,55.43,57.62,55.11,57.25,2876100,0.0328,0.0203,164656725.0,57157556.6
2017-06-02,44.2,45.16,41.52,42.54,18527800,-0.0376,-0.2569,788172612.0,66945356.8
2017-06-05,42.38,46.19,42.2,45.82,6550700,0.0812,0.0771,300153074.0,140860006.0
2017-06-06,45.55,47.15,45.0,45.5,4584900,-0.0011,-0.007,208612950.0,166402925.8
2017-06-07,45.73,47.26,45.69,47.0,3109700,0.0278,0.033,146155900.0,182348636.5
2017-06-08,47.5,50.99,47.38,49.49,3992100,0.0419,0.053,197569029.0,191452128.9
2017-06-09,49.53,51.16,49.34,50.74,1894400,0.0244,0.0253,96121856.0,206044668.2
2017-06-12,50.53,51.51,49.6,51.51,2435600,0.0194,0.0152,125457756.0,211141484.2
2017-06-13,51.5,52.58,51.49,52.21,1674900,0.0138,0.0136,87446529.0,218803471.0
2017-06-14,52.55,53.77,52.1,53.19,2011400,0.0122,0.0188,106986366.0,219901081.0
2017-06-15,52.99,54.67,52.44,52.56,2190800,-0.0081,-0.0118,115148448.0,222133279.7
2017-06-16,51.95,52.82,51.28,52.45,3050800,0.0096,-0.0021,160014460.0,217182452.0
2017-06-19,52.13,54.4,51.8,53.47,2726000,0.0257,0.0194,145759220.0,154366636.8
2017-06-20,53.67,53.71,52.56,52.98,2300300,-0.0129,-0.0092,121869894.0,138927251.4
2017-06-21,53.73,56.5,53.61,54.11,3533400,0.0071,0.0213,191192274.0,130252945.8
2017-06-22,54.3,59.49,54.12,56.65,3303700,0.0433,0.0469,187154605.0,134756583.2
2017-06-23,58.29,60.86,57.75,59.45,3118900,0.0199,0.0494,185418605.0,133715140.8
2017-06-26,59.71,61.8,58.65,61.22,2775400,0.0253,0.0298,169909988.0,142644815.7
2017-06-27,61.26,65.39,61.24,63.8,4771000,0.0415,0.0421,304389800.0,147090038.9
2017-06-28,64.94,67.69,63.99,65.3,2998600,0.0055,0.0235,195808580.0,168784366.0
2017-06-29,64.75,66.24,62.83,64.65,1837300,-0.0015,-0.01,118781445.0,177666587.4
2017-06-30,63.55,65.46,63.26,64.52,1293700,0.0153,-0.002,83469524.0,178029887.1
2017-07-03,65.19,65.48,64.15,65.06,647300,-0.002,0.0084,42113338.0,170375393.5
2017-07-05,65.05,68.11,64.65,67.37,2284900,0.0357,0.0355,153933713.0,160010805.3
2017-07-06,66.23,69.26,66.0,67.68,2703000,0.0219,0.0046,182939040.0,163217187.2
2017-07-07,67.7,67.75,61.83,62.63,4872200,-0.0749,-0.0746,305145886.0,162391863.8
2017-07-10,62.47,63.82,59.12,60.63,4031600,-0.0295,-0.0319,244435908.0,174190991.9
2017-07-11,61.25,63.03,59.78,61.93,3233400,0.0111,0.0214,200244462.0,180092722.2
2017-07-12,61.28,67.89,61.26,67.24,3293900,0.0973,0.0857,221481836.0,183126169.6
2017-07-13,68.43,71.4,67.62,70.39,2906800,0.0286,0.0468,204609652.0,174835373.2
2017-07-14,67.5,67.59,64.61,66.0,2970300,-0.0222,-0.0624,196039800.0,175715480.4
2017-07-17,64.8,69.15,64.7,68.3,2333200,0.054,0.0348,159357560.0,183441315.9
2017-07-18,69.41,75.4,69.1,75.02,3885400,0.0808,0.0984,291482708.0,191030119.5
2017-07-19,75.4,77.55,73.07,77.4,2152300,0.0265,0.0317,166588020.0,215967056.5
2017-07-20,78.0,79.91,76.64,76.72,1535900,-0.0164,-0.0088,117834248.0,217232487.2
2017-07-21,75.62,77.14,72.5,74.09,1832800,-0.0202,-0.0343,135792152.0,210722008.0
2017-07-24,72.73,75.62,72.48,75.24,876100,0.0345,0.0155,65917764.0,193786634.6
2017-07-25,75.14,76.0,72.42,72.7,1164900,-0.0325,-0.0338,84688230.0,175934820.2
2017-07-26,73.01,73.68,69.97,70.99,1092500,-0.0277,-0.0235,77556575.0,164379197.0
2017-07-27,70.81,73.42,70.01,71.5,981200,0.0097,0.0072,70155800.0,149986670.9
2017-07-28,71.64,72.75,69.0,69.87,1003300,-0.0247,-0.0228,70100571.0,136541285.7
2017-07-31,69.8,70.15,65.09,65.13,2206400,-0.0669,-0.0678,143702832.0,123947362.8
2017-08-01,65.13,65.95,62.8,63.11,1765900,-0.031,-0.031,111445949.0,122381890.0
2017-08-02,62.65,63.09,60.44,60.69,1099000,-0.0313,-0.0383,66698310.0,104378214.1
2017-08-03,60.0,60.43,58.51,59.0,1368200,-0.0167,-0.0278,80723800.0,94389243.1
2017-08-04,59.0,59.56,56.92,56.92,3071700,-0.0353,-0.0353,174841164.0,90678198.3
2017-08-07,57.18,59.61,56.71,58.6,1643000,0.0248,0.0295,96279800.0,94583099.5
2017-08-08,58.75,59.04,55.46,57.34,976300,-0.024,-0.0215,55981042.0,97619303.1
2017-08-09,56.19,57.79,56.09,57.33,774400,0.0203,-0.0002,44396352.0,94748584.3
2017-08-10,56.94,57.42,54.98,56.05,984600,-0.0156,-0.0223,55186830.0,91432562.0
2017-08-11,55.75,57.37,55.22,56.0,825000,0.0045,-0.0009,46200000.0,89935665.0
2017-08-14,56.0,57.28,55.89,56.92,828400,0.0164,0.0164,47152528.0,87545607.9
2017-08-15,56.13,56.35,52.12,52.18,1928500,-0.0704,-0.0833,100629130.0,77890577.5
2017-08-16,52.62,52.87,50.88,51.0,1072800,-0.0308,-0.0226,54712800.0,76808895.6
2017-08-17,50.87,52.16,49.47,49.65,1134700,-0.024,-0.0265,56337855.0,75610344.6
2017-08-18,49.33,50.75,49.02,49.91,1872600,0.0118,0.0052,93461466.0,73171750.1
2017-08-21,49.9,49.9,46.7,48.25,1302300,-0.0331,-0.0333,62835975.0,65033780.3
2017-08-22,48.35,50.08,47.86,48.33,665800,-0.0004,0.0017,32178114.0,61689397.8
2017-08-23,48.05,48.05,46.19,46.74,1386700,-0.0273,-0.0329,64814358.0,59309105.0
2017-08-24,47.82,49.69,45.03,45.36,1500300,-0.0514,-0.0295,68053608.0,61350905.6
2017-08-25,45.31,46.19,44.96,45.43,830800,0.0026,0.0015,37743244.0,62637583.4
2017-08-28,45.57,46.18,44.76,45.16,634100,-0.009,-0.0059,28635956.0,61791907.8
2017-08-29,44.56,45.48,44.0,45.21,773300,0.0146,0.0011,34960893.0,59940250.6
2017-08-30,45.19,46.23,45.0,45.5,631400,0.0069,0.0064,28728700.0,53373426.9
2017-08-31,45.64,47.03,44.75,46.79,1329000,0.0252,0.0284,62183910.0,50775016.9
2017-09-01,46.67,48.7,45.74,48.51,2056600,0.0394,0.0368,99765666.0,51359622.4
2017-09-05,49.55,50.79,47.5,49.74,2618500,0.0038,0.0254,130244190.0,51990042.4
2017-09-06,49.86,51.12,49.02,49.42,4895600,-0.0088,-0.0064,241940552.0,58730863.9
2017-09-07,69.71,73.22,68.51,71.54,12096200,0.0263,0.4476,865362148.0,79707107.7
2017-09-08,71.45,73.88,69.81,70.65,4626600,-0.0112,-0.0124,326869290.0,159761886.7
2017-09-11,70.63,70.84,68.0,68.46,1931900,-0.0307,-0.031,132257874.0,185643454.9
2017-09-12,69.3,71.92,67.72,71.16,1776600,0.0268,0.0394,126422856.0,195094917.9
2017-09-13,70.82,74.5,70.82,71.0,2238500,0.0025,-0.0022,158933500.0,204873607.9
2017-09-14,70.61,72.2,69.51,71.2,1131300,0.0084,0.0028,80548560.0,217270868.6
2017-09-15,72.04,74.93,71.8,73.3,3421900,0.0175,0.0295,250825270.0,222452854.6
2017-09-18,74.31,74.46,72.06,72.12,1254100,-0.0295,-0.0161,90445692.0,241316990.6
2017-09-19,72.45,74.75,72.27,73.84,1121000,0.0192,0.0238,82774640.0,240384993.2
2017-09-20,73.43,74.09,72.16,73.47,965000,0.0005,-0.005,70898550.0,235638038.2
2017-09-21,73.43,74.12,71.81,72.8,840300,-0.0086,-0.0091,61173840.0,218533838.0
2017-09-22,72.8,73.27,71.33,72.22,916700,-0.008,-0.008,66204074.0,138115007.2
2017-09-25,72.5,73.04,71.09,71.63,1192700,-0.012,-0.0082,85433101.0,112048485.6
2017-09-26,73.7,75.45,68.39,69.37,2034000,-0.0588,-0.0316,141098580.0,107366008.3
2017-09-27,70.91,72.33,70.12,71.59,1190000,0.0096,0.032,85192100.0,108833580.7
2017-09-28,70.73,72.05,70.22,71.1,1016100,0.0052,-0.0068,72244710.0,101459440.7
2017-09-29,70.97,71.9,69.65,70.32,1096100,-0.0092,-0.011,77077752.0,100629055.7
2017-10-02,70.31,71.99,68.79,71.5,1064300,0.0169,0.0168,76097450.0,83254303.9
2017-10-03,71.16,75.39,71.16,74.25,1163300,0.0434,0.0385,86375025.0,81819479.7
2017-10-04,74.67,77.03,74.4,75.74,925600,0.0143,0.0201,70104944.0,82179518.2
2017-10-05,75.17,76.19,74.84,75.29,673600,0.0016,-0.0059,50715344.0,82100157.6
2017-10-06,75.0,77.56,74.81,76.46,863000,0.0195,0.0155,65984980.0,81054308.0
2017-10-09,75.72,75.97,71.78,72.67,1379900,-0.0403,-0.0496,100277333.0,81032398.6
2017-10-10,72.67,76.5,72.67,74.2,1100400,0.0211,0.0211,81649680.0,82516821.8
2017-10-11,73.86,78.13,73.8,77.25,1414000,0.0459,0.0411,109231500.0,76571931.8
2017-10-12,77.02,77.66,74.92,77.2,1389800,0.0023,-0.0006,107292560.0,78975871.8
2017-10-13,77.1,80.87,77.09,80.08,1113700,0.0387,0.0373,89185096.0,82480656.8
2017-10-16,79.9,83.57,79.36,79.62,1723200,-0.0035,-0.0057,137201184.0,83691391.2
2017-10-17,79.42,81.77,78.5,78.82,671600,-0.0076,-0.01,52935512.0,89801764.6
2017-10-18,78.58,81.61,78.32,79.81,597100,0.0157,0.0126,47654551.0,86457813.3
2017-10-19,78.68,80.54,78.68,80.31,366800,0.0207,0.0063,29457708.0,84212774.0
2017-10-20,81.09,84.7,80.97,83.79,836100,0.0333,0.0433,70056819.0,82087010.4
2017-10-23,84.51,88.54,84.01,84.59,2384500,0.0009,0.0095,201704855.0,82494194.3
2017-10-24,85.0,86.43,83.92,85.27,903600,0.0032,0.008,77049972.0,92636946.5
2017-10-25,85.5,86.43,79.0,83.05,1807700,-0.0287,-0.026,150129485.0,92176975.7
2017-10-26,82.49,87.25,82.49,86.88,1228300,0.0532,0.0461,106714704.0,96266774.2
2017-10-27,86.87,88.09,85.56,86.64,635400,-0.0026,-0.0028,55051056.0,96208988.6
2017-10-30,86.64,91.81,86.4,87.97,1375800,0.0154,0.0154,121029126.0,92795584.6
2017-10-31,88.27,90.48,88.27,89.92,772000,0.0187,0.0222,69418240.0,91178378.8
2017-11-01,90.51,92.18,89.51,91.75,1113700,0.0137,0.0204,102181975.0,92826651.6
2017-11-02,90.78,91.51,85.8,89.24,1662900,-0.017,-0.0274,148397196.0,98279394.0
2017-11-03,90.62,93.64,86.2,86.79,1714900,-0.0423,-0.0275,148836171.0,110173342.8
2017-11-06,87.16,89.7,85.54,86.14,1237100,-0.0117,-0.0075,106563794.0,118051278.0
2017-11-07,87.55,87.68,82.53,83.5,1245400,-0.0463,-0.0306,103990900.0,108537171.9
2017-11-08,83.23,86.6,81.77,85.85,918200,0.0315,0.0281,78827470.0,111231264.7
2017-11-09,84.69,86.75,81.0,82.11,1484900,-0.0305,-0.0436,121925139.0,104101063.2
2017-11-10,82.15,85.91,82.15,85.54,1291300,0.0413,0.0418,110457802.0,105622106.7
2017-11-13,85.04,88.28,84.78,87.69,1078700,0.0312,0.0251,94591203.0,111162781.3
2017-11-14,88.46,91.06,88.13,88.69,1132100,0.0026,0.0114,100405949.0,108518989.0
2017-11-15,89.9,89.91,82.92,83.3,2172300,-0.0734,-0.0608,180952590.0,111617759.9
2017-11-16,100.1,105.99,96.28,104.81,7090400,0.0471,0.2582,743144824.0,119494821.4
2017-11-17,104.95,107.48,101.81,102.26,2200400,-0.0256,-0.0243,225012904.0,178969584.2
2017-11-20,103.05,103.5,99.12,99.12,1048900,-0.0381,-0.0307,103966968.0,186587257.5
2017-11-21,100.49,100.64,96.06,97.85,940500,-0.0263,-0.0128,92027925.0,186327574.9
2017-11-22,97.87,100.59,97.87,99.37,767100,0.0153,0.0155,76226727.0,185131277.4
2017-11-24,100.01,100.99,99.0,99.16,176800,-0.0085,-0.0021,17531488.0,184871203.1
2017-11-27,99.64,100.5,96.68,97.11,994700,-0.0254,-0.0207,96595317.0,174431838.0
2017-11-28,97.26,102.33,97.26,102.09,945800,0.0497,0.0513,96556722.0,173045589.5
2017-11-29,102.49,104.0,97.18,98.97,1274400,-0.0343,-0.0306,126127368.0,173242141.4
2017-11-30,98.99,102.12,98.81,101.39,847900,0.0242,0.0245,85968581.0,175814283.3
2017-12-01,100.48,103.08,96.51,101.97,941300,0.0148,0.0057,95984361.0,166315882.4
2017-12-04,103.97,105.94,100.32,102.39,1143300,-0.0152,0.0041,117062487.0,101599836.1
2017-12-05,103.01,105.88,101.27,103.87,2259400,0.0083,0.0145,234683878.0,90804794.4
2017-12-06,102.07,109.53,95.5,104.7,2188900,0.0258,0.008,229177830.0,103876485.4
2017-12-07,105.11,108.86,103.0,105.78,1007000,0.0064,0.0103,106520460.0,117591475.9
2017-12-08,105.6,109.27,103.91,105.06,1376100,-0.0051,-0.0068,144573066.0,120620849.2
2017-12-11,104.45,105.59,100.59,103.11,928200,-0.0128,-0.0186,95706702.0,133325007.0
2017-12-12,102.73,103.6,96.59,96.88,1205200,-0.0569,-0.0604,116759776.0,133236145.5
2017-12-13,99.53,101.69,98.36,100.84,1203900,0.0132,0.0409,121401276.0,135256450.9
2017-12-14,100.7,100.93,96.97,98.65,1088200,-0.0204,-0.0217,107350930.0,134783841.7
2017-12-15,99.54,100.79,98.66,99.63,1113200,0.0009,0.0099,110908116.0,136922076.6
2017-12-18,100.32,104.3,99.51,104.03,981000,0.037,0.0442,102053430.0,138414452.1
2017-12-19,104.73,104.79,101.47,101.86,477300,-0.0274,-0.0209,48617778.0,136913546.4
2017-12-20,102.42,105.0,101.04,102.39,862500,-0.0003,0.0052,88311375.0,118306936.4
2017-12-21,102.37,102.83,98.17,99.69,786100,-0.0262,-0.0264,78366309.0,104220290.9
2017-12-22,100.02,100.2,92.82,92.92,1211000,-0.071,-0.0679,112526120.0,101404875.8
2017-12-26,93.19,93.67,90.43,91.88,916900,-0.0141,-0.0112,84244772.0,98200181.2
2017-12-27,91.53,93.22,89.9,90.5,975900,-0.0113,-0.015,88318950.0,97053988.2
2017-12-28,90.5,91.02,89.9,90.72,820800,0.0024,0.0024,74462976.0,94209905.6
2017-12-29,90.64,91.41,85.59,86.21,939700,-0.0489,-0.0497,81011537.0,89516075.6
2018-01-02,86.64,89.77,85.5,89.77,1077800,0.0361,0.0413,96754106.0,86882136.3
2018-01-03,89.64,92.0,88.79,91.23,1108200,0.0177,0.0163,101101086.0,85466735.3
2018-01-04,91.48,92.78,88.55,89.92,1188700,-0.0171,-0.0144,106887904.0,85371500.9
2018-01-05,90.77,93.13,89.36,92.97,894700,0.0242,0.0339,83180259.0,91198513.5
2018-01-08,92.61,94.6,91.54,94.34,582300,0.0187,0.0147,54934182.0,90685401.9
2018-01-09,94.16,95.77,94.02,95.23,943200,0.0114,0.0094,89820936.0,88342189.2
2018-01-10,94.96,95.0,90.79,91.48,1199400,-0.0366,-0.0394,109721112.0,86071670.8
2018-01-11,93.55,98.5,93.2,95.39,1262700,0.0197,0.0427,120448953.0,88619304.8
2018-01-12,95.36,96.28,94.15,95.87,807100,0.0053,0.005,77376677.0,91832305.1
2018-01-16,97.04,97.38,91.72,92.78,1315100,-0.0439,-0.0322,122014978.0,92123675.2
2018-01-17,93.47,96.54,93.01,95.37,771000,0.0203,0.0279,73530270.0,96224019.3
2018-01-18,95.28,97.83,93.91,96.62,556000,0.0141,0.0131,53720720.0,93901635.7
2018-01-19,96.39,100.6,96.12,100.27,1305100,0.0403,0.0378,130862377.0,89163599.1
2018-01-22,100.36,105.24,99.8,103.59,1090300,0.0322,0.0331,112944177.0,91561046.4
2018-01-23,103.33,105.13,102.2,104.56,750200,0.0119,0.0094,78440912.0,94537438.2
2018-01-24,104.77,105.46,100.88,103.16,965900,-0.0154,-0.0134,99642244.0,96888111.2
2018-01-25,104.07,104.19,100.7,103.82,700600,-0.0024,0.0064,72736292.0,97870242.0
2018-01-26,103.63,104.63,102.52,103.84,497500,0.002,0.0002,51660400.0,94171760.0
2018-01-29,103.44,104.29,100.75,102.71,723100,-0.0071,-0.0109,74269601.0,87292904.7
2018-01-30,101.43,101.48,98.89,100.93,722100,-0.0049,-0.0173,72881553.0,86982197.1
2018-01-31,101.79,102.96,93.11,93.99,1573300,-0.0766,-0.0688,147874467.0,82068854.6
2018-02-01,93.55,93.84,89.65,92.25,1777500,-0.0139,-0.0185,163974375.0,89503274.3
2018-02-02,91.32,94.6,90.78,92.04,1242700,0.0079,-0.0023,114378108.0,100528639.8
2018-02-05,91.09,93.41,89.57,89.8,910600,-0.0142,-0.0243,81771880.0,98880212.9
2018-02-06,87.63,93.25,87.1,92.55,1184100,0.0561,0.0306,109588455.0,95762983.2
2018-02-07,92.26,93.74,89.86,90.89,967200,-0.0148,-0.0179,87908808.0,98877737.5
2018-02-08,90.66,91.39,85.93,85.93,1436000,-0.0522,-0.0546,123395480.0,97704393.9
2018-02-09,86.04,88.37,82.98,86.7,938600,0.0077,0.009,81376620.0,102770312.7
2018-02-12,87.11,89.34,84.54,88.85,1042000,0.02,0.0248,92581700.0,105741934.7
2018-02-13,88.15,89.17,86.29,88.8,663200,0.0074,-0.0006,58892160.0,107573144.6
2018-02-14,87.77,94.9,87.62,92.55,1387600,0.0545,0.0422,128422380.0,106174205.3
2018-02-15,93.6,93.85,90.83,91.99,706400,-0.0172,-0.0061,64981736.0,104228996.6
2018-02-16,91.9,94.28,91.66,93.34,482600,0.0157,0.0147,45045884.0,94329732.7
2018-02-20,92.32,93.34,88.97,88.98,883200,-0.0362,-0.0467,78587136.0,87396510.3
2018-02-21,89.05,92.93,89.0,90.49,1171300,0.0162,0.017,105990937.0,87078035.9
2018-02-22,90.4,93.14,88.02,91.37,1016200,0.0107,0.0097,92850194.0,86718284.1
2018-02-23,92.04,92.42,88.32,88.5,765800,-0.0385,-0.0314,67773300.0,87212422.7
2018-02-26,89.0,89.5,85.87,86.3,1249900,-0.0303,-0.0249,107866370.0,81650204.7
2018-02-27,86.68,87.25,83.45,84.99,842200,-0.0195,-0.0152,71578578.0,84299179.7
2018-02-28,85.04,86.6,84.02,84.88,790200,-0.0019,-0.0013,67072176.0,82198867.5
2018-03-01,84.88,86.41,82.49,84.78,810300,-0.0012,-0.0012,68697234.0,83016869.1
2018-03-02,83.05,83.74,76.63,80.25,2945600,-0.0337,-0.0534,236384400.0,77044354.5
2018-03-05,79.87,81.54,76.02,76.15,1516600,-0.0466,-0.0511,115489090.0,94184620.9
2018-03-06,76.6,80.52,76.32,80.12,1036900,0.046,0.0521,83076428.0,101228941.5
2018-03-07,79.0,80.27,77.91,79.32,827900,0.0041,-0.01,65669028.0,101677870.7
2018-03-08,79.52,80.99,78.7,79.68,696400,0.002,0.0045,55489152.0,97645679.8
2018-03-09,80.48,80.69,77.48,77.81,597200,-0.0332,-0.0235,46468132.0,93909575.6
2018-03-12,77.87,78.52,75.81,76.49,1101000,-0.0177,-0.017,84215490.0,91779058.8
2018-03-13,76.5,77.86,75.87,75.98,518800,-0.0068,-0.0067,39418424.0,89413970.8
2018-03-14,78.81,79.64,77.26,77.54,837600,-0.0161,0.0205,64947504.0,86197955.4
2018-03-15,79.01,79.08,75.22,76.55,521700,-0.0311,-0.0128,39936135.0,85985488.2
2018-03-16,76.58,78.79,75.61,78.43,1026400,0.0242,0.0246,80500552.0,83109378.3
2018-03-19,77.72,77.72,74.5,76.02,1091700,-0.0219,-0.0307,82991034.0,67520993.5
2018-03-20,76.06,78.07,75.75,77.56,615800,0.0197,0.0203,47761448.0,64271187.9
2018-03-21,77.84,79.43,76.82,77.55,629400,-0.0037,-0.0001,48809970.0,60739689.9
2018-03-22,76.85,78.33,76.0,77.97,666200,0.0146,0.0054,51943614.0,59053784.1
2018-03-23,78.43,79.13,77.12,77.7,1119000,-0.0093,-0.0035,86946300.0,58699230.3
2018-03-26,79.06,79.41,77.36,78.56,1786000,-0.0063,0.0111,140308160.0,62747047.1
2018-03-27,78.6,78.6,74.71,75.31,2565600,-0.0419,-0.0414,193215336.0,68356314.1
2018-03-28,87.38,94.8,86.26,92.24,6129900,0.0556,0.2248,565421976.0,83736005.3
2018-03-29,93.4,96.78,91.73,95.28,2280900,0.0201,0.033,217324152.0,133783452.5
2018-04-02,95.25,97.52,88.64,89.44,1736300,-0.061,-0.0613,155294672.0,151522254.2
2018-04-03,89.51,91.87,87.02,87.15,813800,-0.0264,-0.0256,70922670.0,159001666.2
2018-04-04,85.68,89.1,85.0,88.71,869100,0.0354,0.0179,77097861.0,157794829.8
2018-04-05,89.13,92.34,88.97,91.19,694700,0.0231,0.028,63349693.0,160728471.1
2018-04-06,91.1,94.38,87.0,88.89,1495100,-0.0243,-0.0252,132899439.0,162182443.4
2018-04-09,89.15,90.2,86.91,87.1,740100,-0.023,-0.0201,64462710.0,170278025.9
2018-04-10,87.69,89.04,87.21,87.85,535500,0.0018,0.0086,47043675.0,168029666.9
2018-04-11,87.52,88.73,85.84,86.63,595300,-0.0102,-0.0139,51570839.0,158703218.4
2018-04-12,86.05,87.35,85.6,86.73,371400,0.0079,0.0012,32211522.0,144538768.7
2018-04-13,86.97,87.6,85.16,85.39,478900,-0.0182,-0.0155,40893271.0,91217723.3
2018-04-16,85.54,88.0,84.19,86.7,514000,0.0136,0.0153,44563800.0,73574635.2
2018-04-17,87.56,88.23,86.73,87.22,397300,-0.0039,0.006,34652506.0,62501548.0
2018-04-18,87.16,90.5,87.03,88.51,515400,0.0155,0.0148,45618054.0,58874531.6
2018-04-19,87.82,88.32,85.9,88.0,442000,0.002,-0.0058,38896000.0,55726550.9
2018-04-20,87.84,89.74,87.01,88.4,581900,0.0064,0.0045,51439960.0,53281181.6
2018-04-23,88.42,91.08,86.87,90.24,700700,0.0206,0.0208,63231168.0,45135233.7
2018-04-24,90.35,92.5,86.07,86.25,767800,-0.0454,-0.0442,66222750.0,45012079.5
2018-04-25,86.1,87.64,85.25,86.83,414400,0.0085,0.0067,35982352.0,46929987.0
2018-04-26,86.84,89.17,86.84,88.55,460800,0.0197,0.0198,40803840.0,45371138.3
2018-04-27,88.3,94.35,87.14,93.77,868400,0.0619,0.0589,81429868.0,46230370.1
2018-04-30,94.0,95.77,93.52,95.45,542000,0.0154,0.0179,51733900.0,50284029.8
2018-05-01,95.15,96.17,92.82,95.65,571900,0.0053,0.0021,54702235.0,51001039.8
2018-05-02,95.97,98.74,94.46,98.25,639500,0.0238,0.0272,62830875.0,53006012.7
2018-05-03,97.72,98.1,94.75,95.55,590800,-0.0222,-0.0275,56450940.0,54727294.8
2018-05-04,95.19,101.23,94.75,100.84,960000,0.0594,0.0554,96806400.0,56482788.8
2018-05-07,100.89,101.4,97.7,98.86,800600,-0.0201,-0.0196,79147316.0,61019432.8
2018-05-08,98.59,101.75,98.54,101.25,660600,0.027,0.0242,66885750.0,62611047.6
2018-05-09,101.24,102.41,99.61,101.85,459700,0.006,0.0059,46820445.0,62677347.6
2018-05-10,102.62,103.04,100.9,101.24,406000,-0.0134,-0.006,41103440.0,63761156.9
2018-05-11,101.22,102.29,100.87,101.31,422200,0.0009,0.0007,42773082.0,63791116.9
2018-05-14,101.91,103.02,101.26,101.84,346700,-0.0007,0.0052,35307928.0,59925438.3
2018-05-15,101.3,101.59,98.44,100.28,485800,-0.0101,-0.0153,48716024.0,58282841.1
2018-05-16,100.86,104.42,100.86,102.0,727700,0.0113,0.0172,74225400.0,57684220.0
2018-05-17,102.17,103.39,101.2,101.93,613400,-0.0023,-0.0007,62523862.0,58823672.5
2018-05-18,101.61,103.02,101.39,101.76,500200,0.0015,-0.0017,50900352.0,59430964.7
2018-05-21,102.41,105.6,102.41,103.72,811900,0.0128,0.0193,84210268.0,54840359.9
2018-05-22,104.08,104.62,98.03,98.33,607100,-0.0552,-0.052,59696143.0,55346655.1
2018-05-23,98.45,102.81,97.67,100.63,539400,0.0221,0.0234,54279822.0,54627694.4
2018-05-24,102.15,106.4,101.79,102.34,842900,0.0019,0.017,86262386.0,55373632.1
2018-05-25,101.41,104.99,100.49,104.29,553700,0.0284,0.0191,57745373.0,59889526.7
2018-05-29,103.63,106.04,102.87,105.4,564100,0.0171,0.0106,59456140.0,61386755.8
2018-05-30,105.73,105.97,102.35,102.65,596700,-0.0291,-0.0261,61251255.0,63801577.0
2018-05-31,103.0,103.82,97.11,97.73,834000,-0.0512,-0.0479,81506820.0,65055100.1
2018-06-01,97.78,99.56,96.63,98.27,859600,0.005,0.0055,84472892.0,65783242.1
2018-06-04,98.62,101.93,98.62,101.05,566500,0.0246,0.0283,57244825.0,67978145.1
2018-06-05,101.16,107.0,101.16,105.94,859600,0.0473,0.0484,91066024.0,68612592.4
2018-06-06,106.9,110.38,102.19,109.87,1115200,0.0278,0.0371,122527024.0,69298168.0
2018-06-07,110.25,111.32,107.01,110.52,793800,0.0024,0.0059,87730776.0,75581256.1
2018-06-08,110.32,114.14,109.76,113.28,1299300,0.0268,0.025,147184704.0,78926351.5
2018-06-11,115.46,119.75,115.19,118.73,3920700,0.0283,0.0481,465504711.0,85018583.3
2018-06-12,145.38,164.49,142.47,155.0,14074500,0.0662,0.3055,2181547500.0,125794517.1
2018-06-13,154.48,160.0,152.8,154.92,2890000,0.0028,-0.0005,447718800.0,338003653.1
2018-06-14,156.95,157.5,151.69,154.39,2250800,-0.0163,-0.0034,347501012.0,376650407.6
2018-06-15,155.37,160.95,153.22,160.87,2264100,0.0354,0.042,364225767.0,403249826.8
2018-06-18,155.66,158.5,153.23,154.35,1795100,-0.0084,-0.0405,277073685.0,431225114.3
2018-06-19,152.64,154.46,151.0,151.79,1336300,-0.0056,-0.0166,202836977.0,453208000.3
2018-06-20,151.1,152.53,148.03,151.68,1489200,0.0038,-0.0007,225881856.0,464385095.6
2018-06-21,152.5,154.67,148.82,148.95,1198300,-0.0233,-0.018,178486785.0,474720578.8
2018-06-22,149.91,152.03,148.95,151.35,764300,0.0096,0.0161,115676805.0,483796179.7
2018-06-25,149.31,150.6,143.1,145.93,988600,-0.0226,-0.0358,144266398.0,480645389.8
2018-06-26,147.45,148.35,143.58,145.58,537600,-0.0127,-0.0024,78263808.0,448521558.5
2018-06-27,145.25,147.83,143.95,144.38,611800,-0.006,-0.0082,88331684.0,238193189.3
2018-06-28,143.82,144.58,139.59,141.84,803100,-0.0138,-0.0176,113911704.0,202254477.7
2018-06-29,142.95,145.36,139.5,139.7,636200,-0.0227,-0.0151,88877140.0,178895546.9
2018-07-02,139.34,141.4,137.9,139.21,703700,-0.0009,-0.0035,97962077.0,151360684.2
2018-07-03,140.25,144.38,137.75,138.53,490000,-0.0123,-0.0049,67879700.0,133449523.4
2018-07-05,138.84,139.96,134.51,136.22,627000,-0.0189,-0.0167,85409940.0,119953795.7
2018-07-06,136.19,137.97,134.2,135.76,602300,-0.0032,-0.0034,81768248.0,105906604.1
2018-07-09,136.01,137.97,134.43,136.98,575700,0.0071,0.009,78859386.0,96234750.4
2018-07-10,137.56,139.36,134.46,138.82,849900,0.0092,0.0134,117983118.0,92553008.5
2018-07-11,136.16,137.0,128.2,132.78,1586200,-0.0248,-0.0435,210615636.0,89924680.5
2018-07-12,132.79,135.86,131.7,133.34,648800,0.0041,0.0042,86510992.0,103159863.3
2018-07-13,134.44,145.47,134.44,143.2,1929900,0.0652,0.0739,276361680.0,102977794.1
2018-07-16,142.6,143.2,136.01,137.69,1538700,-0.0344,-0.0385,211863603.0,119222791.7
2018-07-17,136.68,139.5,134.51,138.4,779100,0.0126,0.0052,107827440.0,131521438.0
2018-07-18,138.54,139.32,130.9,133.59,1165600,-0.0357,-0.0348,155712504.0,132507974.3
2018-07-19,132.9,139.78,132.76,138.62,965200,0.043,0.0377,133796024.0,141291254.7
2018-07-20,138.07,138.59,134.0,134.79,541300,-0.0238,-0.0276,72961827.0,146129863.1
2018-07-23,133.87,138.46,133.87,136.66,610200,0.0208,0.0139,83389932.0,145249221.0
2018-07-24,137.38,138.86,134.02,137.66,589800,0.002,0.0073,81191868.0,145702275.6
2018-07-25,137.47,137.99,133.86,136.91,666600,-0.0041,-0.0054,91264206.0,142023150.6
2018-07-26,137.02,143.37,136.37,139.46,746900,0.0178,0.0186,104162674.0,130088007.6
2018-07-27,139.25,142.8,136.17,137.68,449400,-0.0113,-0.0128,61873392.0,131853175.8
2018-07-30,137.8,138.11,133.16,135.44,1207200,-0.0171,-0.0163,163503168.0,110404347.0
2018-07-31,135.21,137.35,132.25,135.86,948400,0.0048,0.0031,128849624.0,105568303.5
2018-08-01,134.88,134.88,132.0,132.45,688100,-0.018,-0.0251,91138845.0,107670521.9
2018-08-02,132.23,133.44,130.0,132.65,492800,0.0032,0.0015,65369920.0,101213156.0
2018-08-03,133.22,135.67,132.51,134.74,524600,0.0114,0.0158,70684604.0,94370545.6
2018-08-06,135.23,139.93,133.71,138.49,495100,0.0241,0.0278,68566399.0,94142823.3
2018-08-07,138.53,141.34,136.87,140.01,363800,0.0107,0.011,50935638.0,92660470.0
2018-08-08,140.0,141.52,138.79,141.22,300200,0.0087,0.0086,42394244.0,89634847.0
2018-08-09,141.81,145.84,141.61,144.54,491500,0.0193,0.0235,71041410.0,84747850.8
2018-08-10,143.24,146.91,142.09,144.4,428900,0.0081,-0.001,61933160.0,81435724.4
2018-08-13,145.0,152.48,144.93,151.62,1073500,0.0457,0.05,162764070.0,81441701.2
2018-08-14,150.08,153.38,148.81,153.1,786000,0.0201,0.0098,120336600.0,81367791.4
2018-08-15,152.18,153.21,146.44,148.65,628600,-0.0232,-0.0291,93441390.0,80516489.0
2018-08-16,150.13,152.32,148.5,149.36,384800,-0.0051,0.0048,57473728.0,80746743.5
2018-08-17,149.12,153.06,147.31,150.95,694800,0.0123,0.0106,104880060.0,79957124.3
2018-08-20,150.97,154.81,149.26,149.7,679100,-0.0084,-0.0083,101661270.0,83376669.9
2018-08-21,150.02,152.47,148.75,150.3,722600,0.0019,0.004,108606780.0,86686157.0
2018-08-22,151.82,157.39,151.82,154.76,987100,0.0194,0.0297,152763596.0,92453271.2
2018-08-23,157.44,159.0,155.25,158.18,945500,0.0047,0.0221,149559190.0,103490206.4
2018-08-24,158.18,161.39,154.54,156.34,1040300,-0.0116,-0.0116,162640502.0,111341984.4
2018-08-27,156.96,158.3,152.26,153.52,447200,-0.0219,-0.018,68654144.0,121412718.6
2018-08-28,155.55,161.07,154.8,159.15,944700,0.0231,0.0367,150349005.0,112001726.0
2018-08-29,159.85,159.85,155.55,158.94,561600,-0.0057,-0.0013,89260704.0,115002966.5
2018-08-30,157.91,159.16,155.21,157.02,628900,-0.0056,-0.0121,98749878.0,114584897.9
2018-08-31,157.56,159.65,156.52,159.0,818300,0.0091,0.0126,130109700.0,118712512.9
2018-09-04,161.78,162.1,147.8,151.28,4464200,-0.0649,-0.0486,675344176.0,121235476.9
2018-09-05,142.84,147.25,130.13,131.51,5759200,-0.0793,-0.1307,757392392.0,178603767.5
2018-09-06,131.0,132.36,122.1,129.57,3489800,-0.0109,-0.0148,452173386.0,243482328.7
2018-09-07,128.37,133.0,124.2,126.15,2388900,-0.0173,-0.0264,301359735.0,273423307.7
2018-09-10,130.47,131.5,125.9,126.0,1610400,-0.0343,-0.0012,202910400.0,288603362.2
2018-09-11,125.78,126.82,122.16,124.12,1419500,-0.0132,-0.0149,176188340.0,292630352.0
2018-09-12,124.15,132.16,123.95,130.85,1892200,0.054,0.0542,247594370.0,303383771.6
2018-09-13,130.89,135.91,128.68,135.28,2194600,0.0335,0.0339,296885488.0,313108308.1
2018-09-14,135.93,140.66,135.18,136.7,1794700,0.0057,0.0105,245335490.0,333870786.5
2018-09-17,136.27,142.6,134.91,136.94,1639900,0.0049,0.0018,224567906.0,348529347.7
2018-09-18,135.74,136.93,133.12,135.11,977400,-0.0046,-0.0134,132056514.0,357975168.3
2018-09-19,135.0,137.7,133.88,135.47,739300,0.0035,0.0027,100152971.0,303646402.1
2018-09-20,136.1,137.68,134.42,136.67,527700,0.0042,0.0089,72120759.0,237922460.0
2018-09-21,136.69,138.74,136.12,136.49,507600,-0.0015,-0.0013,69282324.0,199917197.3
2018-09-24,136.04,138.39,132.08,134.01,962500,-0.0149,-0.0182,128984625.0,176709456.2
2018-09-25,133.75,135.76,131.05,135.29,662600,0.0115,0.0096,89643154.0,169316878.7
2018-09-26,136.15,138.51,134.63,135.28,498400,-0.0064,-0.0001,67423552.0,160662360.1
2018-09-27,133.94,136.44,132.54,132.99,420100,-0.0071,-0.0169,55869099.0,142645278.3
2018-09-28,133.1,134.33,130.94,131.01,898000,-0.0157,-0.0149,117646980.0,118543639.4
2018-10-01,131.17,132.46,124.79,127.0,1125500,-0.0318,-0.0306,142938500.0,105774788.4
2018-10-02,126.23,126.54,118.82,118.97,1209900,-0.0575,-0.0632,143941803.0,97611847.8
2018-10-03,119.2,122.92,119.16,119.4,831800,0.0017,0.0036,99316920.0,98800376.7
2018-10-04,119.08,120.53,116.7,117.31,845300,-0.0149,-0.0175,99162143.0,98716771.6
2018-10-05,117.29,118.91,112.46,114.04,1021500,-0.0277,-0.0279,116491860.0,101420910.0
2018-10-08,113.15,113.49,109.24,110.82,968100,-0.0206,-0.0282,107284842.0,106141863.6
2018-10-09,110.1,114.5,107.92,108.69,1054000,-0.0128,-0.0192,114559260.0,103971885.3
2018-10-10,108.31,110.28,106.01,107.75,1180200,-0.0052,-0.0086,127166550.0,106463495.9
2018-10-11,115.69,120.16,113.7,118.62,2273800,0.0253,0.1009,269718156.0,112437795.7
2018-10-12,122.18,125.13,119.5,124.3,1666200,0.0174,0.0479,207108660.0,133822701.4
2018-10-15,123.16,125.2,121.67,124.88,769900,0.014,0.0047,96145112.0,142768869.4
2018-10-16,125.18,129.97,124.51,129.46,1229400,0.0342,0.0367,159158124.0,138089530.6
2018-10-17,129.0,129.0,123.99,127.12,1089200,-0.0146,-0.0181,138459104.0,139611162.7
2018-10-18,126.59,127.6,123.14,123.66,925700,-0.0231,-0.0272,114472062.0,143525381.1
2018-10-19,123.27,125.19,121.93,122.67,1001600,-0.0049,-0.008,122866272.0,145056373.0
2018-10-22,123.53,123.53,109.0,109.4,2080900,-0.1144,-0.1082,227650460.0,145693814.2
2018-10-23,109.17,114.74,108.95,113.82,1357900,0.0426,0.0404,154556178.0,157730376.0
2018-10-24,113.53,115.66,103.72,104.17,1477900,-0.0824,-0.0848,153952843.0,161730067.8
2018-10-25,104.31,112.25,104.31,109.82,874300,0.0528,0.0542,96015626.0,164408697.1
2018-10-26,107.76,113.54,105.59,111.16,624600,0.0316,0.0122,69430536.0,147038444.1
2018-10-29,114.14,114.38,105.66,107.86,755300,-0.055,-0.0297,81466658.0,133270631.7
2018-10-30,108.0,118.17,108.0,117.84,1169800,0.0911,0.0925,137849232.0,131802786.3
2018-10-31,119.19,121.23,115.18,115.71,813800,-0.0292,-0.0181,94164798.0,129671897.1
2018-11-01,115.65,120.76,112.2,120.67,1447100,0.0434,0.0429,174621557.0,125242466.5
2018-11-02,122.0,125.96,120.89,124.91,830300,0.0239,0.0351,103712773.0,131257416.0
2018-11-05,124.38,125.02,118.21,124.36,1000500,-0.0002,-0.0044,124422180.0,129342066.1
2018-11-06,123.64,128.45,123.64,126.75,613900,0.0252,0.0192,77811825.0,119019238.1
2018-11-07,127.0,132.12,127.0,131.82,727900,0.038,0.04,95951778.0,111344802.8
2018-11-08,129.63,132.52,124.8,125.09,531200,-0.035,-0.0511,66447808.0,105544696.3
2018-11-09,125.72,130.63,122.52,125.39,730200,-0.0026,0.0024,91559778.0,102587914.5
2018-11-12,125.38,126.0,120.85,123.17,482900,-0.0176,-0.0177,59478793.0,104800838.7
2018-11-13,122.8,127.56,121.97,125.44,393500,0.0215,0.0184,49360640.0,102602052.2
2018-11-14,126.34,128.17,122.55,123.86,408700,-0.0196,-0.0126,50621582.0,93753193.0
2018-11-15,122.58,124.06,118.95,119.4,694000,-0.0259,-0.036,82863600.0,89398871.4
2018-11-16,117.29,117.29,110.02,112.99,1155000,-0.0367,-0.0537,130503450.0,80223075.7
2018-11-19,112.54,113.32,106.39,107.4,780000,-0.0457,-0.0495,83772000.0,82902143.4
2018-11-20,105.7,111.24,104.15,107.63,826600,0.0183,0.0021,88966958.0,78837125.4
2018-11-21,108.89,111.88,107.71,109.01,541500,0.0011,0.0128,59028915.0,79952638.7
2018-11-23,108.15,111.33,108.15,110.09,191200,0.0179,0.0099,21049208.0,76260352.4
2018-11-26,111.12,114.84,111.09,114.58,574600,0.0311,0.0408,65837668.0,71720492.4
2018-11-27,114.13,115.83,109.63,110.22,605900,-0.0343,-0.0381,66782298.0,69148281.4
2018-11-28,110.72,118.47,110.51,116.61,976900,0.0532,0.058,113916309.0,69878631.9
2018-11-29,115.42,118.1,114.41,114.58,755800,-0.0073,-0.0174,86599564.0,76334198.8
2018-11-30,114.12,116.96,112.61,116.14,1008300,0.0177,0.0136,117103962.0,79931997.0
2018-12-03,124.5,124.5,116.1,123.65,2836100,-0.0068,0.0647,350683765.0,83356033.2
2018-12-04,145.45,148.54,132.33,137.13,6604000,-0.0572,0.109,905606520.0,105374064.7
2018-12-06,135.07,143.25,132.33,142.39,2085100,0.0542,0.0384,296897389.0,187557516.7
2018-12-07,142.49,143.0,134.74,137.01,1435700,-0.0385,-0.0378,196705257.0,208350559.8
2018-12-10,137.77,140.2,134.72,137.53,1137700,-0.0017,0.0038,156467881.0,222118194.0
2018-12-11,139.82,140.85,134.86,135.22,762300,-0.0329,-0.0168,103078206.0,235660061.3
2018-12-12,136.3,138.58,133.61,136.1,1137700,-0.0015,0.0065,154840970.0,239384115.1
2018-12-13,136.2,137.85,128.17,129.99,1683200,-0.0456,-0.0449,218799168.0,248189982.3
2018-12-14,128.92,132.19,125.84,126.61,1028500,-0.0179,-0.026,130218385.0,258678268.2
2018-12-17,125.4,127.23,122.32,124.4,1034100,-0.008,-0.0175,128642040.0,263040150.3
2018-12-18,125.42,128.38,123.89,125.0,730700,-0.0033,0.0048,91337500.0,264193958.1
2018-12-19,125.12,128.5,120.28,122.69,1159100,-0.0194,-0.0185,142209979.0,238259331.6
2018-12-20,122.69,126.05,118.02,121.79,1085600,-0.0073,-0.0073,132215224.0,161919677.5
2018-12-21,120.91,123.99,112.47,113.29,2390100,-0.063,-0.0698,270774429.0,145451461.0
2018-12-24,111.87,112.0,107.26,108.46,988400,-0.0305,-0.0426,107201864.0,152858378.2
2018-12-26,109.27,119.03,109.01,118.77,1104000,0.0869,0.0951,131122080.0,147931776.5
2018-12-27,116.04,118.64,112.56,118.56,743700,0.0217,-0.0018,88173072.0,150736163.9
2018-12-28,119.36,122.64,116.16,118.96,786500,-0.0034,0.0034,93562040.0,144069374.1
2018-12-31,120.23,122.15,117.0,119.82,893600,-0.0034,0.0072,107071152.0,131545661.3
2019-01-02,117.66,120.61,114.59,117.64,1258800,-0.0002,-0.0182,148085232.0,129230938.0
2019-01-03,117.15,119.13,112.26,114.82,1021500,-0.0199,-0.024,117288630.0,131175257.2
2019-01-04,116.42,120.72,115.5,117.84,879700,0.0122,0.0263,103663848.0,133770370.2
2019-01-07,116.78,126.15,114.61,125.24,1120200,0.0724,0.0628,140293848.0,129915757.1
2019-01-08,127.28,128.7,123.12,126.7,688300,-0.0046,0.0117,87207610.0,130723619.5
2019-01-09,126.49,132.59,125.75,131.36,1057600,0.0385,0.0368,138926336.0,112366937.6
2019-01-10,129.25,130.89,124.63,128.95,644700,-0.0023,-0.0183,83134065.0,115539384.8
2019-01-11,127.5,131.26,127.26,130.18,422500,0.021,0.0095,55001050.0,110740583.3
2019-01-14,128.48,131.71,126.0,131.38,593200,0.0226,0.0092,77934616.0,107423381.1
2019-01-15,130.76,131.55,125.55,127.58,1125400,-0.0243,-0.0289,143578532.0,105860638.7
2019-01-16,128.24,129.5,124.55,126.05,907000,-0.0171,-0.012,114327350.0,109511376.7
2019-01-17,125.01,132.11,123.85,129.63,959200,0.037,0.0284,124341096.0,106135588.5
2019-01-18,129.9,135.5,128.92,135.32,1062000,0.0417,0.0439,143709840.0,106840835.1
2019-01-22,134.32,134.98,128.91,130.16,1416900,-0.031,-0.0381,184423704.0,110845434.3
2019-01-23,130.42,133.9,128.54,130.62,576000,0.0015,0.0035,75237120.0,115258419.9
2019-01-24,130.72,145.79,129.8,130.03,2178700,-0.0053,-0.0045,283296361.0,114061370.9
2019-01-25,132.0,136.52,130.75,135.44,942000,0.0261,0.0416,127584480.0,128498373.4
2019-01-28,133.26,134.92,131.66,132.61,600400,-0.0049,-0.0209,79619044.0,132943414.9
2019-01-29,131.73,133.96,130.52,133.36,701500,0.0124,0.0057,93552040.0,135405214.3
2019-01-30,134.45,136.21,132.37,135.31,706600,0.0064,0.0146,95610046.0,136966956.7
2019-01-31,135.05,137.48,133.82,135.87,935400,0.0061,0.0041,127092798.0,132170108.1
2019-02-01,136.01,136.94,132.96,133.64,647200,-0.0174,-0.0164,86491808.0,133446652.9
2019-02-04,133.52,137.25,133.5,136.97,551500,0.0258,0.0249,75538955.0,129661724.1
2019-02-05,136.76,141.68,135.98,140.64,600800,0.0284,0.0268,84496512.0,122844635.6
2019-02-06,139.86,142.63,138.29,140.52,458400,0.0047,-0.0009,64414368.0,112851916.4
2019-02-07,138.87,139.0,133.27,134.51,770700,-0.0314,-0.0428,103666857.0,111769641.2
2019-02-08,134.59,137.58,133.5,134.01,592700,-0.0043,-0.0037,79427727.0,93806690.8
2019-02-11,135.36,137.71,131.04,131.3,877700,-0.03,-0.0202,115242010.0,88991015.5
2019-02-12,131.96,139.84,131.96,139.11,988600,0.0542,0.0595,137524146.0,92553312.1
2019-02-13,138.82,142.13,137.75,141.64,757300,0.0203,0.0182,107263972.0,96950522.7
2019-02-14,140.33,144.87,139.04,143.38,671500,0.0217,0.0123,96279670.0,98115915.3
2019-02-15,144.67,146.5,142.42,145.05,568000,0.0026,0.0116,82388400.0,95034602.5
2019-02-19,145.32,146.16,144.07,144.99,477600,-0.0023,-0.0004,69247224.0,94624261.7
2019-02-20,144.85,147.18,143.86,146.06,413900,0.0084,0.0074,60454234.0,93995088.6
2019-02-21,145.28,146.88,142.24,143.75,345300,-0.0105,-0.0158,49636875.0,91590860.8
2019-02-22,143.89,149.21,143.89,146.64,578800,0.0191,0.0201,84875232.0,90113111.5
2019-02-25,148.2,153.09,148.2,151.15,745600,0.0199,0.0308,112697440.0,88233949.0
2019-02-26,150.39,151.83,148.98,150.18,534800,-0.0014,-0.0064,80316264.0,91560920.3
2019-02-27,150.0,155.57,148.85,154.37,668400,0.0291,0.0279,103180908.0,88068345.7
2019-02-28,154.4,155.04,151.5,153.59,1198800,-0.0052,-0.0051,184123692.0,84634021.9
2019-03-01,155.71,157.71,153.03,156.21,792100,0.0032,0.0171,123733941.0,92319993.9
2019-03-04,156.04,156.87,149.0,151.76,593200,-0.0274,-0.0285,90024032.0,95065421.0
2019-03-05,152.68,154.15,149.61,152.52,606400,-0.001,0.005,92488128.0,95828984.2
2019-03-06,152.52,152.85,148.91,150.07,646200,-0.0161,-0.0161,96975234.0,98153074.6
2019-03-07,150.34,150.34,144.41,144.61,813600,-0.0381,-0.0364,117654696.0,101805174.6
2019-03-08,143.16,143.48,139.35,140.48,926900,-0.0187,-0.0286,130210912.0,108606956.7
2019-03-11,140.68,141.8,138.46,140.72,574800,0.0003,0.0017,80885856.0,113140524.7
2019-03-12,141.13,142.7,139.23,141.99,435300,0.0061,0.009,61808247.0,109959366.3
2019-03-13,142.3,144.92,142.2,142.64,607500,0.0024,0.0046,86653800.0,108108564.6
2019-03-14,142.64,142.82,136.62,137.59,1058500,-0.0354,-0.0354,145639015.0,106455853.8
2019-03-15,137.87,138.96,133.95,134.11,745300,-0.0273,-0.0253,99952183.0,102607386.1
2019-03-18,134.38,136.31,133.53,135.99,641400,0.012,0.014,87223986.0,100229210.3
2019-03-19,136.63,136.63,133.3,133.36,622100,-0.0239,-0.0193,82963256.0,99949205.7
2019-03-20,133.1,133.79,129.35,131.82,730100,-0.0096,-0.0115,96241782.0,98996718.5
2019-03-21,131.25,136.63,131.25,135.39,748300,0.0315,0.0271,101312337.0,98923373.3
2019-03-22,134.66,134.66,130.42,131.07,788000,-0.0267,-0.0319,103283160.0,97289137.4
2019-03-25,130.53,135.64,129.51,133.69,731800,0.0242,0.02,97834342.0,94596362.2
2019-03-26,133.37,135.49,129.1,130.55,748200,-0.0211,-0.0235,97677510.0,96291210.8
2019-03-27,129.44,131.5,127.71,129.4,823200,-0.0003,-0.0088,106522080.0,99878137.1
2019-03-28,130.55,133.15,128.77,131.93,3185100,0.0106,0.0196,420210243.0,101864965.1
2019-03-29,112.77,114.5,102.19,102.95,13273100,-0.0871,-0.2197,1366465645.0,129322087.9
2019-04-01,104.5,105.5,100.15,103.36,4241600,-0.0109,0.004,438411776.0,255973434.1
2019-04-02,102.96,102.96,100.3,101.25,1982300,-0.0166,-0.0204,200707875.0,291092213.1
2019-04-03,101.87,107.64,101.83,106.64,2362500,0.0468,0.0532,251937000.0,302866675.0
2019-04-04,106.89,107.47,104.03,105.35,1097100,-0.0144,-0.0121,115579485.0,318436196.8
2019-04-05,105.53,106.45,104.47,104.76,821400,-0.0073,-0.0056,86049864.0,319862911.6
2019-04-08,105.11,109.17,104.9,108.91,1957200,0.0362,0.0396,213158652.0,318139582.0
2019-04-09,108.04,112.59,107.3,111.26,2223800,0.0298,0.0216,247419988.0,329672013.0
2019-04-10,111.18,115.99,111.18,115.53,2143400,0.0391,0.0384,247627002.0,344646260.8
2019-04-11,115.47,118.6,114.66,118.05,2285700,0.0223,0.0218,269826885.0,358756753.0
2019-04-12,119.0,119.7,115.36,115.71,2036700,-0.0276,-0.0198,235666557.0,343718417.2
2019-04-15,115.9,116.27,113.12,114.16,1606100,-0.015,-0.0134,183352376.0,230638508.4
2019-04-16,114.36,118.95,114.21,118.53,1563000,0.0365,0.0383,185262390.0,205132568.4
2019-04-17,119.0,120.09,111.5,111.54,1829300,-0.0627,-0.059,204040122.0,203588019.9
2019-04-18,111.24,113.29,106.96,107.42,1635700,-0.0343,-0.0369,175706894.0,198798332.1
2019-04-22,106.56,106.99,102.65,103.34,1901900,-0.0302,-0.038,196542346.0,204811073.0
2019-04-23,104.01,106.87,103.5,105.36,1131200,0.013,0.0195,119183232.0,215860321.2
2019-04-24,105.45,108.21,105.1,107.93,731200,0.0235,0.0244,78918416.0,206462779.2
2019-04-25,107.6,109.01,105.22,107.11,653800,-0.0046,-0.0076,70028518.0,189612622.0
2019-04-26,106.99,107.29,105.25,105.92,614000,-0.01,-0.0111,65034880.0,171852773.6
2019-04-29,105.92,107.78,105.39,107.39,571600,0.0139,0.0139,61384124.0,151373573.1
2019-04-30,107.72,108.15,105.98,106.71,746000,-0.0094,-0.0063,79605660.0,133945329.8
2019-05-01,106.8,108.65,105.37,105.69,1019400,-0.0104,-0.0096,107740386.0,123570658.2
2019-05-02,105.81,109.58,105.45,109.35,683400,0.0335,0.0346,74729790.0,115818457.8
2019-05-03,109.66,109.98,107.38,108.8,492600,-0.0078,-0.005,53594880.0,102887424.6
2019-05-06,105.68,106.33,104.26,104.9,1085900,-0.0074,-0.0358,113910910.0,90676223.2
2019-05-07,103.41,105.1,100.99,101.14,1228600,-0.022,-0.0358,124260604.0,82413079.6
2019-05-08,101.37,103.84,100.12,101.16,948300,-0.0021,0.0002,95930028.0,82920816.8
2019-05-09,100.56,101.91,98.44,101.91,718800,0.0134,0.0074,73252908.0,84621978.0
2019-05-10,101.56,103.41,100.44,102.87,450300,0.0129,0.0094,46322361.0,84944417.0
2019-05-13,98.86,100.41,94.31,95.01,1259300,-0.0389,-0.0764,119646093.0,83073165.1
2019-05-14,96.11,99.42,94.69,98.88,851300,0.0288,0.0407,84176544.0,88899362.0
2019-05-15,98.12,99.71,96.69,98.94,638100,0.0084,0.0006,63133614.0,89356450.4
2019-05-16,99.6,100.89,96.92,97.06,879900,-0.0255,-0.019,85403094.0,84895773.2
2019-05-17,95.89,97.5,93.76,94.2,862800,-0.0176,-0.0295,81275760.0,85963103.6
2019-05-20,93.7,94.31,90.79,91.67,843900,-0.0217,-0.0269,77360313.0,88731191.6
2019-05-21,91.95,96.42,91.8,95.88,573700,0.0427,0.0459,55006356.0,85076131.9
2019-05-22,94.73,95.14,91.64,91.9,740000,-0.0299,-0.0415,68006000.0,78150707.1
2019-05-23,91.3,91.32,86.39,87.33,1046800,-0.0435,-0.0497,91417044.0,75358304.3
2019-05-24,88.59,89.5,87.22,89.05,623100,0.0052,0.0197,55487055.0,77174717.9
2019-05-28,88.75,91.04,88.75,89.62,820100,0.0098,0.0064,73497362.0,78091187.3
2019-05-29,88.81,88.81,85.93,87.77,696100,-0.0117,-0.0206,61096697.0,73476314.2
2019-05-30,88.4,89.6,86.59,87.08,675600,-0.0149,-0.0079,58831248.0,71168329.5
2019-05-31,87.26,87.26,84.11,85.15,830800,-0.0242,-0.0222,70742620.0,70738092.9
2019-06-03,84.97,87.9,84.35,86.5,929900,0.018,0.0159,80436350.0,69272045.5
2019-06-04,89.38,92.49,88.37,92.1,1036900,0.0304,0.0647,95498490.0,69188104.5
2019-06-05,92.85,93.12,88.49,90.73,467300,-0.0228,-0.0149,42398129.0,71001922.2
2019-06-06,90.5,91.05,85.91,88.08,908700,-0.0267,-0.0292,80038296.0,69741099.5
2019-06-07,88.4,90.2,87.32,88.95,481000,0.0062,0.0099,42784950.0,70944329.1
2019-06-10,89.74,93.33,89.67,92.4,713900,0.0296,0.0388,65964360.0,66081119.7
2019-06-11,93.13,95.47,91.86,93.25,781600,0.0013,0.0092,72884200.0,67128850.2
2019-06-12,92.88,96.48,92.0,94.89,2690100,0.0216,0.0176,255263589.0,67067534.0
2019-06-13,120.0,121.75,109.71,109.91,8809600,-0.0841,0.1583,968263136.0,86484223.2
2019-06-14,109.82,112.2,106.75,111.37,2325000,0.0141,0.0133,258935250.0,177427412.0
2019-06-17,111.2,114.11,110.9,113.16,1039600,0.0176,0.0161,117641136.0,196246675.0
2019-06-18,113.73,117.62,113.59,115.76,986800,0.0178,0.023,114231968.0,199967153.6
2019-06-19,115.75,117.68,114.61,117.3,813100,0.0134,0.0133,95376630.0,201840501.4
2019-06-20,118.31,118.31,112.14,115.33,1132200,-0.0252,-0.0168,130576626.0,207138351.5
2019-06-21,114.41,117.38,113.48,114.76,1126800,0.0031,-0.0049,129311568.0,212192184.5
2019-06-24,116.82,116.82,113.88,115.01,828000,-0.0155,0.0022,95228280.0,220844846.3
2019-06-25,115.15,115.45,110.2,110.88,659000,-0.0371,-0.0359,73069920.0,223771238.3
2019-06-26,111.56,112.44,109.1,109.1,718600,-0.0221,-0.0161,78399260.0,223789810.3
2019-06-27,110.0,114.57,108.64,113.46,773400,0.0315,0.04,87749964.0,206103377.4
2019-06-28,113.48,115.6,112.35,115.6,1125400,0.0187,0.0189,130096240.0,118052060.2
2019-07-01,117.66,119.67,116.84,118.87,926500,0.0103,0.0283,110133055.0,105168159.2
2019-07-02,118.5,119.88,117.59,119.65,643500,0.0097,0.0066,76994775.0,104417351.1
2019-07-03,120.0,122.18,119.14,121.17,453000,0.0097,0.0127,54890010.0,100693631.8
2019-07-05,120.48,123.12,120.48,122.58,396900,0.0174,0.0116,48652002.0,96644969.8
2019-07-08,122.56,123.0,118.5,119.26,777900,-0.0269,-0.0271,92772354.0,88452507.4
2019-07-09,118.78,122.34,118.0,121.28,690800,0.021,0.0169,83780224.0,84798586.0
2019-07-10,122.14,122.14,119.15,119.82,525500,-0.019,-0.012,62965410.0,83653780.4
2019-07-11,119.07,121.82,118.3,120.98,351900,0.016,0.0097,42572862.0,82643329.4
2019-07-12,120.97,123.45,120.36,122.25,498100,0.0106,0.0105,60892725.0,79060689.6
2019-07-15,123.23,125.09,122.35,124.32,784500,0.0088,0.0169,97529040.0,76374965.7
2019-07-16,124.13,126.97,123.55,126.62,520300,0.0201,0.0185,65880386.0,73118245.7
2019-07-17,126.57,126.94,123.33,124.47,633000,-0.0166,-0.017,78789510.0,68692978.8
2019-07-18,124.07,126.53,122.09,126.4,866300,0.0188,0.0155,109500320.0,68872452.3
2019-07-19,126.49,128.0,124.5,124.81,417400,-0.0133,-0.0126,52095694.0,74333483.3
2019-07-22,124.8,127.41,123.19,123.77,528100,-0.0083,-0.0083,65362937.0,74677852.5
2019-07-23,124.64,126.04,123.48,125.13,521300,0.0039,0.011,65230269.0,71936910.8
2019-07-24,125.0,129.84,125.0,129.21,682200,0.0337,0.0326,88147062.0,70081915.3
2019-07-25,129.95,130.09,127.1,127.86,567600,-0.0161,-0.0104,72573336.0,72600080.5
2019-07-26,128.5,130.98,127.8,130.78,534600,0.0177,0.0228,69914988.0,75600127.9
2019-07-29,130.1,132.3,129.35,132.18,516600,0.016,0.0107,68284188.0,76502354.2
2019-07-30,136.92,140.51,133.91,139.99,1670500,0.0224,0.0591,233853295.0,73577869.0
2019-07-31,139.6,141.99,137.67,139.4,674400,-0.0014,-0.0042,94011360.0,90375159.9
2019-08-01,143.23,144.87,134.5,136.08,1680100,-0.0499,-0.0238,228628008.0,91897344.9
2019-08-02,136.61,138.2,132.66,136.83,975800,0.0016,0.0055,133518714.0,103810113.7
2019-08-05,133.92,134.68,131.92,134.05,894400,0.001,-0.0203,119894320.0,111952415.7
2019-08-06,134.31,137.84,133.92,136.1,617200,0.0133,0.0153,84000920.0,117405554.0
2019-08-07,133.28,136.37,133.14,135.23,505900,0.0146,-0.0064,68412857.0,119282619.1
2019-08-08,137.1,140.62,136.51,139.97,574200,0.0209,0.0351,80370774.0,117309198.6
2019-08-09,139.35,141.23,135.5,137.18,617800,-0.0156,-0.0199,84749804.0,118088942.4
2019-08-12,136.0,141.76,136.0,140.89,620300,0.036,0.027,87394067.0,119572424.0
2019-08-13,140.0,143.0,138.6,142.06,598400,0.0147,0.0083,85008704.0,121483411.9
2019-08-14,138.71,139.0,135.12,136.93,823700,-0.0128,-0.0361,112789241.0,106598952.8
2019-08-15,137.64,139.0,134.07,137.32,682700,-0.0023,0.0028,93748364.0,108476740.9
2019-08-16,138.63,141.17,138.63,139.2,544700,0.0041,0.0137,75822240.0,94988776.5
2019-08-19,142.66,143.68,141.02,142.0,411600,-0.0046,0.0201,58447200.0,89219129.1
2019-08-20,141.98,142.23,140.09,140.4,328900,-0.0111,-0.0113,46177560.0,83074417.1
2019-08-21,142.37,146.47,142.0,144.55,671100,0.0153,0.0296,97007505.0,79292081.1
2019-08-22,145.82,148.25,143.44,146.66,612400,0.0058,0.0146,89814584.0,82151545.9
2019-08-23,145.57,149.76,141.45,142.07,773600,-0.024,-0.0313,109905352.0,83095926.9
2019-08-26,142.28,145.62,139.6,145.06,484800,0.0195,0.021,70325088.0,85611481.7
2019-08-27,145.98,146.2,141.76,143.01,476000,-0.0203,-0.0141,68072760.0,83904583.8
2019-08-28,141.74,143.59,140.43,143.05,649300,0.0092,0.0003,92882365.0,82210989.4
2019-08-29,143.8,144.59,138.1,142.84,797000,-0.0067,-0.0015,113843480.0,80220301.8
2019-08-30,143.28,144.58,141.01,143.25,440100,-0.0002,0.0029,63044325.0,82229813.4
2019-09-03,141.85,143.73,138.2,140.6,676600,-0.0088,-0.0185,95129960.0,80952021.9
2019-09-04,142.4,143.34,139.1,140.11,459900,-0.0161,-0.0035,64436589.0,84620297.9
2019-09-05,142.2,145.82,141.93,144.57,798000,0.0167,0.0318,115366860.0,86446200.8
2019-09-06,145.2,151.58,145.0,149.07,1074600,0.0267,0.0311,160190622.0,88282136.3
2019-09-09,152.89,154.79,150.51,153.51,1360700,0.0041,0.0298,208881057.0,95319740.1
2019-09-10,153.62,159.04,152.0,158.88,2719000,0.0342,0.035,431994720.0,105217310.6
2019-09-11,155.35,171.13,154.08,166.95,4400100,0.0747,0.0508,734596695.0,141384273.8
2019-09-12,168.21,173.2,165.0,169.12,2639000,0.0054,0.013,446307680.0,208036667.3
2019-09-13,166.98,174.41,165.14,173.63,2533800,0.0398,0.0267,439943694.0,243379198.8
2019-09-16,172.73,174.29,168.33,169.56,1205800,-0.0184,-0.0234,204455448.0,275989220.2
2019-09-17,169.55,172.98,169.4,172.73,815400,0.0188,0.0187,140844042.0,290130332.5
2019-09-18,173.39,173.39,168.74,171.51,835600,-0.0108,-0.0071,143313756.0,294701740.7
2019-09-19,173.77,175.29,168.33,169.49,1031600,-0.0246,-0.0118,174845884.0,302589457.4
2019-09-20,170.22,171.47,167.17,169.0,1063200,-0.0072,-0.0029,179680800.0,308537359.8
2019-09-23,168.02,171.28,167.8,168.32,678500,0.0018,-0.004,114205120.0,310486377.6
2019-09-24,168.49,170.97,166.22,168.62,694700,0.0008,0.0018,117140314.0,301018783.9
2019-09-25,168.55,172.0,167.33,170.05,612900,0.0089,0.0085,104223645.0,269533343.3
2019-09-26,170.46,170.76,167.59,169.22,590100,-0.0073,-0.0049,99856722.0,206496038.3
2019-09-27,170.32,171.83,168.3,171.23,577600,0.0053,0.0119,98902448.0,171850942.5
2019-09-30,171.43,172.87,169.74,170.83,621000,-0.0035,-0.0023,106085430.0,137746817.9
2019-10-01,171.39,175.21,170.02,170.55,668700,-0.0049,-0.0016,114046785.0,127909816.1
2019-10-02,169.29,170.05,164.3,164.95,1102600,-0.0256,-0.0328,181873870.0,125230090.4
2019-10-03,165.19,169.66,162.01,169.5,1135200,0.0261,0.0276,192416400.0,129086101.8
2019-10-04,168.7,170.56,167.85,170.29,437200,0.0094,0.0047,74450788.0,130843153.4
2019-10-07,170.36,178.18,170.36,175.41,1112200,0.0296,0.0301,195091002.0,120320152.2
2019-10-08,173.5,174.99,171.29,173.75,682500,0.0014,-0.0095,118584375.0,128408740.4
2019-10-09,174.77,175.78,173.5,174.13,491200,-0.0037,0.0022,85532656.0,128553146.5
2019-10-10,174.41,177.7,174.01,176.81,857400,0.0138,0.0154,151596894.0,126684047.6
2019-10-11,179.35,181.41,177.84,179.31,827300,-0.0002,0.0141,148343163.0,131858064.8
2019-10-14,179.15,183.19,178.75,182.11,581400,0.0165,0.0156,105878754.0,136802136.3
2019-10-15,182.71,184.54,180.97,182.73,675000,0.0001,0.0034,123342750.0,136781468.7
2019-10-16,181.93,184.35,181.18,181.98,427100,0.0003,-0.0041,77723658.0,137711065.2
2019-10-17,183.16,186.13,182.59,185.0,599300,0.01,0.0166,110870500.0,127296044.0
2019-10-18,183.52,184.51,178.56,180.92,706800,-0.0142,-0.0221,127874256.0,119141454.0
2019-10-21,182.69,186.75,182.69,184.74,769900,0.0112,0.0211,142231326.0,124483800.8
2019-10-22,184.62,186.85,184.54,184.99,456400,0.002,0.0014,84429436.0,119197833.2
2019-10-23,184.79,186.14,183.36,186.08,435500,0.007,0.0059,81037840.0,115782339.3
2019-10-24,186.81,187.3,182.5,185.17,1217500,-0.0088,-0.0049,225444475.0,115332857.7
2019-10-25,183.6,190.56,183.48,188.59,1332900,0.0272,0.0185,251371611.0,122717615.8
2019-10-28,189.46,192.0,184.04,186.5,571100,-0.0156,-0.0111,106510150.0,133020460.6
2019-10-29,186.5,189.66,186.5,187.11,400400,0.0033,0.0033,74918844.0,133083600.2
2019-10-30,186.87,187.5,182.13,184.94,559000,-0.0103,-0.0116,103381460.0,128241209.6
2019-10-31,182.5,182.94,174.82,181.7,1119900,-0.0044,-0.0175,203485830.0,130806989.8
2019-11-01,181.79,182.47,173.23,175.84,765500,-0.0327,-0.0323,134605520.0,140068522.8
2019-11-04,178.0,178.89,171.0,173.29,825900,-0.0265,-0.0145,143120211.0,140741649.2
2019-11-05,174.05,177.46,171.61,172.68,625000,-0.0079,-0.0035,107925000.0,140830537.7
2019-11-06,171.35,173.92,170.91,173.1,485200,0.0102,0.0024,83988120.0,143180094.1
2019-11-07,174.5,177.93,174.12,175.26,761300,0.0044,0.0125,133425438.0,143475122.1
2019-11-08,174.78,176.59,172.21,175.04,504700,0.0015,-0.0013,88342688.0,134273218.4
2019-11-11,174.07,175.74,172.25,174.71,379400,0.0037,-0.0019,66284974.0,117970326.1
2019-11-12,175.19,175.55,173.39,174.49,346700,-0.004,-0.0013,60495683.0,113947808.5
2019-11-13,174.25,175.5,171.63,172.98,578700,-0.0073,-0.0087,100103526.0,112505492.4
2019-11-14,173.53,176.49,173.27,175.22,590000,0.0097,0.0129,103379800.0,112177699.0
2019-11-15,187.19,190.5,182.01,188.47,2959700,0.0068,0.0756,557814659.0,102167096.0
2019-11-18,188.43,192.74,186.87,187.55,1314900,-0.0047,-0.0049,246609495.0,144488009.9
2019-11-19,187.26,187.55,178.5,182.22,1201400,-0.0269,-0.0284,218919108.0,154836938.3
2019-11-20,182.46,192.39,181.04,189.74,1363300,0.0399,0.0413,258672542.0,165936349.1
2019-11-21,189.95,199.29,188.25,195.08,1682200,0.027,0.0281,328163576.0,183404791.3
2019-11-22,195.52,198.66,192.35,195.54,1083400,0.0001,0.0024,211848036.0,202878605.1
2019-11-25,196.91,202.43,196.14,202.14,1001800,0.0266,0.0338,202503852.0,215229139.9
2019-11-26,203.15,207.28,201.76,206.22,975600,0.0151,0.0202,201188232.0,228851027.7
2019-11-27,206.71,207.4,202.03,205.06,1168300,-0.008,-0.0056,239571598.0,242920282.6
2019-11-29,204.58,208.33,204.04,205.59,527600,0.0049,0.0026,108469284.0,256867089.8
2019-12-02,206.33,206.33,199.01,199.26,1581800,-0.0343,-0.0308,315189468.0,257376038.2
2019-12-03,196.66,200.23,193.0,199.9,908300,0.0165,0.0032,181569170.0,233113519.1
2019-12-04,202.0,207.01,199.51,205.62,2096600,0.0179,0.0286,431102892.0,226609486.6
2019-12-05,210.0,233.33,209.15,233.17,5669900,0.1103,0.134,1322050583.0,247827865.0
2019-12-06,233.91,243.67,231.9,241.97,2915000,0.0345,0.0377,705342550.0,354165669.1
2019-12-09,240.02,240.81,236.49,237.37,1872400,-0.011,-0.019,444451588.0,391883566.5
2019-12-10,238.0,238.33,232.78,233.0,1370700,-0.021,-0.0184,319373100.0,415143921.7
2019-12-11,233.21,234.14,230.33,233.21,892700,0.0,0.0009,208186567.0,426830846.5
2019-12-12,233.0,233.0,218.67,220.5,2623000,-0.0536,-0.0545,578371500.0,427530680.0
2019-12-13,221.0,224.73,217.6,218.97,1207000,-0.0092,-0.0069,264296790.0,461410670.2
2019-12-16,220.0,224.49,216.06,220.5,822600,0.0023,0.007,181383300.0,476993420.8
2019-12-17,222.12,223.49,219.66,222.43,641300,0.0014,0.0088,142644359.0,463612804.0
2019-12-18,222.14,224.63,218.2,221.1,616600,-0.0047,-0.006,136330260.0,459720322.9
2019-12-19,220.9,226.87,220.5,223.06,927800,0.0098,0.0089,206955068.0,430243059.7
2019-12-20,223.97,224.19,219.9,220.8,998800,-0.0142,-0.0101,220535040.0,318733508.2
2019-12-23,221.98,223.19,218.5,222.95,639200,0.0044,0.0097,142509640.0,270252757.2
2019-12-24,223.1,228.4,223.04,228.13,359400,0.0225,0.0232,81989922.0,240058562.4
2019-12-26,228.5,229.55,224.59,227.74,709400,-0.0033,-0.0017,161558756.0,216320244.6
2019-12-27,222.26,222.66,212.39,214.87,2309400,-0.0332,-0.0565,496220778.0,211657463.5
2019-12-30,214.47,215.9,209.26,211.96,1321800,-0.0117,-0.0135,280168728.0,203442391.3
2019-12-31,210.78,215.83,210.19,213.5,3714700,0.0129,0.0073,793088450.0,205029585.1
2020-01-02,214.86,214.86,209.83,211.5,1012600,-0.0156,-0.0094,214164900.0,266200100.1
2020-01-03,210.0,210.78,206.53,209.4,708700,-0.0029,-0.0099,148401780.0,273352154.2
2020-01-06,207.27,213.79,205.68,212.77,1473100,0.0265,0.0161,313431487.0,274559306.2
2020-01-07,214.06,216.2,211.1,215.87,1121500,0.0085,0.0146,242098205.0,285206948.1
2020-01-08,215.62,216.6,211.15,211.32,1003400,-0.0199,-0.0211,212038488.0,287363264.6
2020-01-09,212.6,219.62,210.1,218.46,1356200,0.0276,0.0338,296275452.0,294316149.4
2020-01-10,217.95,218.26,207.09,207.63,2169700,-0.0474,-0.0496,450494811.0,315744702.4
2020-01-13,208.49,215.93,203.15,215.51,1555900,0.0337,0.038,335312009.0,344638307.9
2020-01-14,214.97,225.25,214.04,223.36,1345500,0.039,0.0364,300530880.0,328547431.0
2020-01-15,223.13,224.16,219.57,221.06,736300,-0.0093,-0.0103,162766478.0,330583646.2
2020-01-16,221.83,223.67,218.22,223.28,616900,0.0065,0.01,137741432.0,267551449.0
2020-01-17,224.59,229.7,222.3,222.39,848600,-0.0098,-0.004,188720154.0,259909102.2
2020-01-21,222.34,224.39,219.52,221.23,887600,-0.005,-0.0052,196363748.0,263940939.6
2020-01-22,223.92,228.16,222.31,223.87,910200,-0.0002,0.0119,203766474.0,252234165.7
2020-01-23,223.0,228.49,221.27,225.85,505900,0.0128,0.0088,114257515.0,248400992.6
2020-01-24,226.29,227.2,219.2,221.11,521700,-0.0229,-0.021,115353087.0,238622895.3
2020-01-27,216.43,217.46,213.01,213.93,782400,-0.0116,-0.0325,167378832.0,220530658.8
2020-01-28,216.19,222.64,214.84,220.74,668300,0.021,0.0318,147520542.0,192219060.9
2020-01-29,223.33,224.75,219.93,220.42,409200,-0.013,-0.0014,90195864.0,173439914.2
2020-01-30,218.0,223.1,217.01,219.49,332200,0.0068,-0.0042,72914578.0,152406412.6
2020-01-31,218.74,218.74,208.34,208.75,729300,-0.0457,-0.0489,152241375.0,143421222.6
2020-02-03,210.51,212.94,208.0,208.62,702500,-0.009,-0.0006,146555550.0,144871216.9
2020-02-04,212.31,216.88,211.29,214.06,500200,0.0082,0.0261,107072812.0,140654756.5
2020-02-05,217.84,221.91,217.84,220.28,538700,0.0112,0.0291,118664836.0,131725662.9
2020-02-06,219.78,220.22,217.11,218.65,438000,-0.0051,-0.0074,95768700.0,123215499.1
2020-02-07,218.06,219.81,215.28,215.96,330300,-0.0096,-0.0123,71331588.0,121366617.6
2020-02-10,214.91,230.49,214.82,227.84,1213300,0.0602,0.055,276438272.0,116964467.7
2020-02-11,229.03,236.84,226.21,236.51,1054900,0.0327,0.0381,249494399.0,127870411.7
2020-02-12,237.0,241.98,236.52,241.53,992100,0.0191,0.0212,239621913.0,138067797.4
2020-02-13,240.0,243.4,237.81,238.65,774200,-0.0056,-0.0119,184762830.0,153010402.3
2020-02-14,239.03,240.59,233.15,238.18,469300,-0.0036,-0.002,111777874.0,164195227.5
2020-02-18,246.4,254.97,245.87,252.1,1187800,0.0231,0.0584,299444380.0,160148877.4
2020-02-19,255.37,256.27,249.21,249.63,741200,-0.0225,-0.0098,185025756.0,175437760.4
2020-02-20,247.7,252.4,243.52,245.77,657400,-0.0078,-0.0155,161569198.0,183233054.8
2020-02-21,243.31,245.39,234.47,236.45,988800,-0.0282,-0.0379,233801760.0,187523491.0
2020-02-24,222.01,228.4,217.02,218.44,1126800,-0.0161,-0.0762,246138192.0,201326797.0
2020-02-25,222.03,224.0,210.39,211.77,962500,-0.0462,-0.0305,203828625.0,218807457.4
2020-02-26,212.97,219.09,207.85,210.1,666100,-0.0135,-0.0079,139947610.0,211546492.7
2020-02-27,202.42,207.99,192.03,192.5,1287600,-0.049,-0.0838,247863000.0,200591813.8
2020-02-28,184.8,189.64,177.3,181.4,1880500,-0.0184,-0.0577,341122700.0,201415922.5
2020-03-02,182.22,193.05,175.68,192.96,1449800,0.0589,0.0637,279753408.0,217051909.5
2020-03-03,193.24,199.74,182.01,183.44,1073700,-0.0507,-0.0493,196959528.0,233849462.9
2020-03-04,185.77,191.13,181.78,190.04,894300,0.023,0.036,169952772.0,223600977.7
2020-03-05,183.85,184.35,170.63,174.81,1372300,-0.0492,-0.0801,239891763.0,222093679.3
2020-03-06,169.05,176.63,161.12,167.22,1630000,-0.0108,-0.0434,272568600.0,229925935.8
2020-03-09,150.52,157.99,147.28,147.79,1413900,-0.0181,-0.1162,208960281.0,233802619.8
2020-03-10,155.66,155.66,140.07,146.07,1473100,-0.0616,-0.0116,215175717.0,230084828.7
2020-03-11,141.16,142.39,122.43,126.24,2245100,-0.1057,-0.1358,283421424.0,231219537.9
2020-03-12,116.1,119.96,101.0,107.76,2514900,-0.0718,-0.1464,271005624.0,245566919.3
2020-03-13,117.38,123.5,105.54,123.12,1885500,0.0489,0.1425,232142760.0,247881181.7
2020-03-16,105.1,113.38,93.29,94.0,2294600,-0.1056,-0.2365,215692400.0,236983187.7
2020-03-17,96.13,102.89,89.84,92.94,1960600,-0.0332,-0.0113,182218164.0,230577086.9
2020-03-18,83.96,93.39,78.06,81.34,1942700,-0.0312,-0.1248,158019218.0,229102950.5
2020-03-19,80.36,95.34,74.3,91.83,2563300,0.1427,0.129,235387839.0,227909595.1
2020-03-20,93.4,95.34,80.05,82.13,1962100,-0.1207,-0.1056,161147273.0,227459202.7
2020-03-23,82.04,82.83,73.14,80.43,2046100,-0.0196,-0.0207,164567823.0,216317070.0
2020-03-24,88.47,104.76,87.13,104.06,2472500,0.1762,0.2938,257288350.0,211877824.2
2020-03-25,107.15,115.46,96.48,106.12,2627300,-0.0096,0.0198,278809076.0,216089087.5
2020-03-26,109.93,113.5,102.69,108.14,2165500,-0.0163,0.019,234177170.0,215627852.7
2020-03-27,101.91,113.0,97.11,110.93,1857100,0.0885,0.0258,206008103.0,211945007.3
2020-03-30,111.4,121.9,109.99,118.0,3376600,0.0592,0.0637,398438800.0,209331541.6
2020-03-31,100.63,112.0,98.56,100.47,4947800,-0.0016,-0.1486,497105466.0,227606181.6
2020-04-01,94.6,98.33,86.41,88.63,2451900,-0.0631,-0.1178,217311897.0,259094911.8
2020-04-02,88.25,99.3,87.11,89.11,1915000,0.0097,0.0054,170645650.0,265024179.7
2020-04-03,89.42,92.5,84.61,86.19,1752500,-0.0361,-0.0328,151047975.0,258549960.8
2020-04-06,93.6,104.03,92.1,103.84,2561600,0.1094,0.2048,265996544.0,257540031.0
2020-04-07,110.56,113.0,99.75,105.08,1675600,-0.0496,0.0119,176072048.0,267682903.1
2020-04-08,106.21,115.33,105.08,112.28,1705200,0.0572,0.0685,191459856.0,259561272.9
2020-04-09,115.96,126.22,115.57,122.65,2064700,0.0577,0.0924,253235455.0,250826350.9
2020-04-13,119.68,129.09,116.62,128.42,1381300,0.073,0.047,177386546.0,252732179.4
2020-04-14,135.03,138.82,129.21,130.79,1612600,-0.0314,0.0185,210911954.0,249870023.7
2020-04-15,124.0,126.48,120.57,122.87,1228600,-0.0091,-0.0606,150958082.0,231117339.1
2020-04-16,124.25,125.52,119.0,121.9,1099300,-0.0189,-0.0079,134004670.0,196502600.7
2020-04-17,128.07,132.66,127.33,129.87,920000,0.0141,0.0654,119480400.0,188171878.0
2020-04-20,125.99,130.46,123.1,124.51,1361500,-0.0117,-0.0413,169520365.0,183055353.0
2020-04-21,120.5,124.5,118.6,119.79,769400,-0.0059,-0.0379,92166426.0,184902592.0
2020-04-22,123.26,127.75,122.64,127.43,778100,0.0338,0.0638,99153283.0,167519580.2
2020-04-23,125.98,130.4,124.14,125.19,1075200,-0.0063,-0.0176,134604288.0,159827703.7
2020-04-24,126.33,134.5,125.23,132.84,1237100,0.0515,0.0611,164336364.0,154142146.9
2020-04-27,136.43,144.99,135.83,144.58,1432600,0.0597,0.0884,207125308.0,145252237.8
2020-04-28,151.03,152.36,143.74,148.94,1487300,-0.0138,0.0302,221518462.0,148226114.0
2020-04-29,150.71,159.45,149.45,154.82,1100600,0.0273,0.0395,170394892.0,149286764.8
2020-04-30,152.22,152.22,143.78,143.78,941900,-0.0554,-0.0713,135426382.0,151230445.8
2020-05-01,138.98,141.58,134.03,137.46,1049900,-0.0109,-0.044,144319254.0,151372617.0
2020-05-04,132.54,143.35,129.11,142.28,865800,0.0735,0.0351,123186024.0,153856502.4
2020-05-05,150.0,151.4,143.18,143.28,1120400,-0.0448,0.007,160530912.0,149223068.3
2020-05-06,147.68,147.83,141.5,147.0,710900,-0.0046,0.026,104502300.0,156059516.9
2020-05-07,150.26,152.39,149.36,151.52,664200,0.0084,0.0307,100639584.0,156594418.6
2020-05-08,154.79,161.33,153.08,159.95,808300,0.0333,0.0556,129287585.0,153197948.2
2020-05-11,158.68,167.27,156.62,164.12,1089300,0.0343,0.0261,178775916.0,149693070.3
2020-05-12,165.5,166.6,156.14,156.4,961800,-0.055,-0.047,150425520.0,146858131.1
2020-05-13,156.3,157.98,143.79,146.61,1427800,-0.062,-0.0626,209329758.0,139748836.9
2020-05-14,143.25,151.1,138.42,150.24,1212100,0.0488,0.0248,182105904.0,143642323.5
2020-05-15,148.0,156.77,145.96,154.63,807200,0.0448,0.0292,124817336.0,148310275.7
2020-05-18,161.46,176.23,161.46,174.88,1583300,0.0831,0.131,276887504.0,146360083.9
2020-05-19,173.59,178.53,169.7,173.66,1011200,0.0004,-0.007,175604992.0,161730231.9
2020-05-20,180.04,182.2,173.75,174.32,1093500,-0.0318,0.0038,190618920.0,163237639.9
2020-05-21,174.2,193.35,172.98,189.04,2221400,0.0852,0.0844,419933456.0,171849301.9
2020-05-22,187.9,199.25,185.38,198.15,1580300,0.0546,0.0482,313136445.0,203778689.1
2020-05-26,207.99,209.76,194.0,198.31,2607400,-0.0465,0.0008,517073494.0,222163575.1
2020-05-27,201.44,210.81,195.92,208.57,1668000,0.0354,0.0517,347894760.0,255993332.9
2020-05-28,210.89,217.02,205.01,210.26,1488800,-0.003,0.0081,313035088.0,275740256.9
2020-05-29,215.05,221.25,210.72,216.89,1572700,0.0086,0.0315,341102903.0,286110789.9
2020-06-01,215.43,216.8,208.81,212.57,985300,-0.0133,-0.0199,209445221.0,302010489.8
2020-06-02,233.83,249.74,228.3,248.26,3490900,0.0617,0.1679,866650834.0,310473278.3
2020-06-03,251.56,257.69,242.9,255.26,2065100,0.0147,0.0282,527137426.0,369449611.3
2020-06-04,253.08,265.87,244.53,248.41,2471000,-0.0185,-0.0268,613821110.0,404602854.7
2020-06-05,261.01,265.0,235.37,246.21,2576500,-0.0567,-0.0089,634360065.0,446923073.7
2020-06-08,250.0,257.31,248.09,253.92,1244100,0.0157,0.0313,315901872.0,468365734.6
2020-06-09,245.88,257.05,245.15,252.01,1173300,0.0249,-0.0075,295683333.0,468642277.3
2020-06-10,251.52,253.26,241.63,244.54,1020500,-0.0278,-0.0296,249553070.0,446503261.2
2020-06-11,232.3,238.68,227.01,229.62,1323500,-0.0115,-0.061,303902070.0,436669092.2
2020-06-12,238.86,243.45,226.82,235.82,933700,-0.0127,0.027,220185134.0,435755790.4
2020-06-15,229.0,249.96,229.0,245.8,1013100,0.0734,0.0423,249019980.0,423664013.5
2020-06-16,257.0,257.42,245.85,254.9,1205000,-0.0082,0.037,307154500.0,427621489.4
2020-06-17,253.84,259.55,249.91,251.82,756300,-0.008,-0.0121,190451466.0,371671856.0
2020-06-18,250.12,259.5,249.67,254.26,759700,0.0166,0.0097,193161322.0,338003260.0
2020-06-19,258.59,261.75,245.21,250.12,955800,-0.0328,-0.0163,239064696.0,295937281.2
2020-06-22,251.17,257.06,247.53,254.3,593400,0.0125,0.0167,150901620.0,256407744.3
2020-06-23,259.0,265.83,254.0,255.11,803700,-0.015,0.0032,205031907.0,239907719.1
2020-06-24,251.75,254.49,242.21,249.72,733600,-0.0081,-0.0211,183194592.0,230842576.5
2020-06-25,249.41,255.65,246.12,254.25,603900,0.0194,0.0181,153541575.0,224206728.7
2020-06-26,255.2,258.51,252.93,254.24,1266000,-0.0038,-0.0,321867840.0,209170679.2
2020-06-29,253.64,255.74,246.5,252.94,540700,-0.0028,-0.0051,136764658.0,219338949.8
2020-06-30,253.28,256.0,247.14,248.9,664500,-0.0173,-0.016,165394050.0,208113417.6
2020-07-01,250.29,264.46,248.76,259.66,1114800,0.0374,0.0432,289468968.0,193937372.6
2020-07-02,265.0,268.0,251.24,255.33,693200,-0.0365,-0.0167,176994756.0,203839122.8
2020-07-06,260.0,263.18,256.76,259.3,653500,-0.0027,0.0155,169452550.0,202222466.2
2020-07-07,256.7,263.2,255.99,257.53,609500,0.0032,-0.0068,156964535.0,195261251.6
2020-07-08,258.89,269.21,257.51,265.34,1008100,0.0249,0.0303,267489254.0,195867543.1
2020-07-09,264.94,266.89,256.53,260.59,741300,-0.0164,-0.0179,193175367.0,202113277.8
2020-07-10,261.03,262.38,257.94,261.23,510200,0.0008,0.0025,133279546.0,203111355.3
2020-07-13,263.41,275.63,258.4,258.43,1101000,-0.0189,-0.0107,284531430.0,201085152.4
2020-07-14,257.76,267.51,254.1,267.22,570500,0.0367,0.034,152449010.0,197351511.4
2020-07-15,273.32,280.74,269.57,279.9,1004900,0.0241,0.0475,281271510.0,198919946.6
2020-07-16,278.92,287.51,275.6,281.89,928700,0.0106,0.0071,261791243.0,210507692.6
2020-07-17,285.06,286.46,279.03,285.63,526600,0.002,0.0133,150412758.0,207739920.1
2020-07-20,284.61,287.66,277.0,280.28,493700,-0.0152,-0.0187,138374236.0,205081720.3
2020-07-21,282.76,285.75,280.0,281.13,392800,-0.0058,0.003,110427864.0,201973888.9
2020-07-22,280.1,286.49,280.1,285.03,427400,0.0176,0.0139,121821822.0,197320221.8
2020-07-23,285.7,288.45,277.86,282.93,496900,-0.0097,-0.0074,140587917.0,182753478.6
2020-07-24,280.0,286.68,277.02,284.65,520100,0.0166,0.0061,148046465.0,177494733.6
2020-07-27,284.65,292.52,282.03,291.86,366600,0.0253,0.0253,106995876.0,178971425.5
2020-07-28,291.08,292.69,278.13,278.81,417100,-0.0422,-0.0447,116291651.0,161217870.1
2020-07-29,281.8,287.27,281.03,285.36,358200,0.0126,0.0235,102215952.0,157602134.2
2020-07-30,281.7,291.4,281.7,289.7,394300,0.0284,0.0152,114228710.0,139696578.4
2020-07-31,291.0,291.46,282.15,287.43,335500,-0.0123,-0.0078,96432765.0,124940325.1
2020-08-03,290.0,305.2,289.12,293.89,626900,0.0134,0.0225,184239641.0,119542325.8
2020-08-04,293.47,296.64,288.19,294.12,445800,0.0022,0.0008,131118696.0,124128866.3
2020-08-05,297.44,301.03,294.21,300.78,327700,0.0112,0.0226,98565606.0,126197949.5
2020-08-06,300.42,304.3,298.16,302.3,276200,0.0063,0.0051,83495260.0,123872327.9
2020-08-07,303.09,317.61,303.09,311.33,649800,0.0272,0.0299,202302234.0,118163062.2
2020-08-10,313.0,316.87,305.97,311.64,404900,-0.0043,0.001,126183036.0,123588639.1
2020-08-11,314.28,314.28,302.78,304.5,390200,-0.0311,-0.0229,118815900.0,125507355.1
2020-08-12,306.91,312.23,306.36,310.21,294200,0.0108,0.0188,91263782.0,125759780.0
2020-08-13,308.31,322.95,308.31,315.0,409600,0.0217,0.0154,129024000.0,124664563.0
2020-08-14,315.87,318.93,312.25,313.97,413400,-0.006,-0.0033,129795198.0,126144092.0
2020-08-17,316.32,320.77,314.2,314.57,384000,-0.0055,0.0019,120794880.0,129480335.3
2020-08-18,317.48,328.74,315.12,321.47,596600,0.0126,0.0219,191789002.0,123135859.2
2020-08-19,326.37,328.62,319.23,322.9,409200,-0.0106,0.0044,132130680.0,129202889.8
2020-08-20,315.96,326.31,315.6,324.03,337000,0.0255,0.0035,109198110.0,132559397.2
2020-08-21,323.15,327.87,316.87,321.11,382900,-0.0063,-0.009,122953019.0,135129682.2
2020-08-24,326.28,327.76,317.57,323.34,323400,-0.009,0.0069,104568156.0,127194760.7
2020-08-25,322.77,324.0,313.1,319.06,440900,-0.0115,-0.0132,140673554.0,125033272.7
2020-08-26,319.09,324.66,319.0,324.62,399700,0.0173,0.0174,129750614.0,127219038.1
2020-08-27,324.47,329.09,319.0,326.31,577800,0.0057,0.0052,188541918.0,131067721.3
2020-08-28,329.64,335.54,327.32,331.54,495600,0.0058,0.016,164311224.0,137019513.1
2020-08-31,331.22,333.2,324.66,330.55,519100,-0.002,-0.003,171588505.0,140471115.7
2020-09-01,333.75,345.46,332.5,340.84,467300,0.0212,0.0311,159274532.0,145550478.2
2020-09-02,343.23,345.24,327.0,335.86,621100,-0.0215,-0.0146,208602646.0,142299031.2
2020-09-03,332.46,334.78,308.36,320.04,677500,-0.0374,-0.0471,216827100.0,149946227.8
2020-09-04,320.85,326.0,292.0,316.73,687500,-0.0128,-0.0103,217751875.0,160709126.8
2020-09-08,313.09,327.02,310.3,311.94,781400,-0.0037,-0.0151,243749916.0,170189012.4
2020-09-09,314.15,324.15,312.0,321.08,1260700,0.0221,0.0293,404785556.0,184107188.4
2020-09-10,398.05,410.49,381.46,385.46,5230200,-0.0316,0.2005,2016032892.0,210518388.6
2020-09-11,388.25,392.05,367.8,381.45,1267500,-0.0175,-0.0104,483487875.0,399146616.4
2020-09-14,387.99,389.94,367.7,380.53,982400,-0.0192,-0.0024,373832672.0,428641212.1
2020-09-15,384.25,385.56,368.24,374.24,496800,-0.0261,-0.0165,185922432.0,449593356.9
2020-09-16,378.86,395.0,375.74,381.54,791500,0.0071,0.0195,301988910.0,451026749.6
2020-09-17,373.77,383.51,371.51,379.54,441800,0.0154,-0.0052,167680772.0,465298187.4
2020-09-18,384.33,386.0,371.05,378.42,1174900,-0.0154,-0.003,444605658.0,461206000.0
2020-09-21,367.6,372.93,361.75,371.97,603100,0.0119,-0.017,224335107.0,483983855.8
2020-09-22,373.46,381.69,368.33,371.96,607100,-0.004,-0.0,225816916.0,484642179.0
2020-09-23,371.47,373.9,352.41,352.66,707900,-0.0506,-0.0519,249648014.0,482848879.0
2020-09-24,352.99,360.17,345.67,351.2,624700,-0.0051,-0.0041,219394640.0,467335124.8
2020-09-25,350.0,355.25,341.05,354.59,413000,0.0131,0.0097,146445670.0,287671299.6
2020-09-28,363.61,363.98,354.74,361.06,384100,-0.007,0.0182,138683146.0,253967079.1
2020-09-29,372.71,385.01,369.19,375.32,745800,0.007,0.0395,279913656.0,230452126.5
2020-09-30,376.5,388.3,376.5,382.62,644400,0.0163,0.0195,246560328.0,239851248.9
2020-10-01,384.95,387.99,373.01,379.28,507900,-0.0147,-0.0087,192636312.0,234308390.7
2020-10-02,369.26,388.36,369.26,384.74,474800,0.0419,0.0144,182674552.0,236803944.7
2020-10-05,383.92,387.95,372.22,379.36,613700,-0.0119,-0.014,232813232.0,210610834.1
2020-10-06,379.83,380.66,361.79,361.98,522800,-0.047,-0.0458,189243144.0,211458646.6
2020-10-07,368.81,379.46,368.43,377.72,409300,0.0242,0.0435,154600796.0,207801269.4
2020-10-08,378.9,379.55,370.28,376.08,380700,-0.0074,-0.0043,143173656.0,198296547.6
2020-10-09,379.7,384.9,369.27,371.46,432100,-0.0217,-0.0123,160507866.0,190674449.2
2020-10-12,373.8,375.0,361.87,365.46,452100,-0.0223,-0.0162,165224466.0,192080668.8
2020-10-13,368.04,393.59,364.8,390.85,702900,0.062,0.0695,274728465.0,194734800.8
2020-10-14,394.15,404.77,385.55,389.34,573400,-0.0122,-0.0039,223247556.0,194216281.7
2020-10-15,384.78,391.5,381.94,389.65,364500,0.0127,0.0008,142027425.0,191885004.5
2020-10-16,390.82,398.74,384.78,385.3,300600,-0.0141,-0.0112,115821180.0,186824115.8
2020-10-19,375.22,380.33,362.0,373.43,879800,-0.0048,-0.0308,328543714.0,180138778.6
2020-10-20,372.13,376.51,365.49,366.02,576300,-0.0164,-0.0198,210937326.0,189711826.8
2020-10-21,368.71,373.15,362.63,363.0,544200,-0.0155,-0.0083,197544600.0,191881245.0
2020-10-22,365.89,379.6,363.0,378.74,600300,0.0351,0.0434,227357622.0,196175625.4
2020-10-23,379.0,395.8,374.12,394.08,640600,0.0398,0.0405,252447648.0,204594022.0
2020-10-26,387.5,391.07,363.26,365.2,575600,-0.0575,-0.0733,210209120.0,213788000.2
2020-10-27,367.92,374.86,362.69,363.97,423300,-0.0107,-0.0034,154068501.0,218286465.6
2020-10-28,357.24,360.29,351.55,353.6,444300,-0.0102,-0.0285,157104480.0,206220469.2
2020-10-29,356.07,365.57,351.0,351.97,359300,-0.0115,-0.0046,126462821.0,199606161.6
2020-10-30,349.0,351.58,330.64,335.23,562000,-0.0395,-0.0476,188399260.0,198049701.2
2020-11-02,338.63,343.71,335.0,341.13,411000,0.0074,0.0176,140204430.0,205307509.2
2020-11-03,348.69,361.98,346.1,359.74,422500,0.0317,0.0546,151990150.0,186473580.8
2020-11-04,365.61,386.0,364.84,376.98,615000,0.0311,0.0479,231842700.0,180578863.2
2020-11-05,384.5,394.86,382.92,389.44,480700,0.0128,0.0331,187203808.0,184008673.2
2020-11-06,386.94,394.72,383.85,388.82,307600,0.0049,-0.0016,119601032.0,179993291.8
2020-11-09,391.41,395.0,370.21,371.54,1203800,-0.0508,-0.0444,447259852.0,166708630.2
2020-11-10,371.54,387.0,366.93,379.74,514800,0.0221,0.0221,195490152.0,190413703.4
2020-11-11,380.45,410.31,380.13,409.86,1035600,0.0773,0.0793,424451016.0,194555868.5
2020-11-12,415.25,439.76,391.24,393.75,1400600,-0.0518,-0.0393,551486250.0,221290522.1
2020-11-13,397.0,415.46,394.36,408.08,555900,0.0279,0.0364,226851672.0,263792865.0
2020-11-16,408.44,424.46,400.96,407.79,555400,-0.0016,-0.0007,226486566.0,267638106.2
2020-11-17,406.76,420.83,402.24,420.0,485600,0.0325,0.0299,203952000.0,276266319.8
2020-11-18,420.0,430.33,412.85,414.79,473300,-0.0124,-0.0124,196320107.0,281462504.8
2020-11-19,416.84,436.2,416.36,432.78,491900,0.0382,0.0434,212884482.0,277910245.5
2020-11-20,437.5,442.74,433.7,438.92,525800,0.0032,0.0142,230784136.0,280478312.9
2020-11-23,440.0,446.5,434.01,440.68,493900,0.0015,0.004,217651852.0,291596623.3
2020-11-24,448.31,448.31,435.58,438.6,373600,-0.0217,-0.0047,163860960.0,268635823.3
2020-11-25,441.55,453.95,428.89,449.45,562300,0.0179,0.0247,252725735.0,265472904.1
2020-11-27,451.45,462.92,451.01,462.92,445100,0.0254,0.03,206045692.0,248300376.0
2020-11-30,465.31,467.37,436.86,453.16,660500,-0.0261,-0.0211,299312180.0,213756320.2
2020-12-01,457.82,457.87,442.75,453.9,402900,-0.0086,0.0016,182876310.0,221002371.0
2020-12-02,449.19,462.53,442.95,454.43,359800,0.0117,0.0012,163503914.0,216641345.4
2020-12-03,452.6,462.99,452.6,458.15,274100,0.0123,0.0082,125578915.0,212596536.8
2020-12-04,465.0,471.47,460.59,468.0,338600,0.0065,0.0215,158464800.0,205522417.6
2020-12-07,470.65,474.81,453.52,468.81,652700,-0.0039,0.0017,305992287.0,200080449.4
2020-12-08,465.24,474.42,460.3,472.05,517100,0.0146,0.0069,244097055.0,207601264.5
2020-12-09,481.44,494.4,464.09,467.83,1380000,-0.0283,-0.0089,645605400.0,210245784.8
2020-12-10,452.5,456.42,420.0,452.85,1810000,0.0008,-0.032,819658500.0,258420228.8
2020-12-11,448.01,453.49,428.55,428.88,959800,-0.0427,-0.0529,411639024.0,315113505.3
2020-12-14,433.6,435.34,424.01,426.68,1079700,-0.016,-0.0051,460686396.0,335672838.5
2020-12-15,431.92,437.98,428.76,437.7,594600,0.0134,0.0258,260256420.0,351810260.1
2020-12-16,439.46,444.97,436.38,439.52,711400,0.0001,0.0042,312674528.0,359548271.1
2020-12-17,443.63,448.5,439.1,443.64,387600,0.0,0.0094,171954864.0,374465332.5
2020-12-18,447.73,461.63,445.98,458.29,638000,0.0236,0.033,292389020.0,379102927.4
2020-12-21,446.22,466.42,446.22,459.33,386700,0.0294,0.0023,177622911.0,392495349.4
2020-12-22,461.08,467.45,457.02,464.59,360800,0.0076,0.0115,167624072.0,379658411.8
2020-12-23,468.15,470.0,461.52,467.21,240300,-0.002,0.0056,112270563.0,372011113.5
2020-12-24,466.95,477.46,462.0,475.72,205300,0.0188,0.0182,97665316.0,318677629.8
2020-12-28,480.17,481.35,450.35,455.07,534200,-0.0523,-0.0434,243098394.0,246478311.4
2020-12-29,455.05,457.38,441.35,450.52,455100,-0.01,-0.01,205031652.0,229624248.4
2020-12-30,451.07,457.06,442.99,449.48,453800,-0.0035,-0.0023,203974024.0,204058774.0
2020-12-31,450.3,454.29,445.0,447.52,340300,-0.0062,-0.0044,152291056.0,198430534.4
2021-01-04,448.44,450.39,432.5,442.26,637100,-0.0138,-0.0118,281763846.0,182392187.2
2021-01-05,440.77,448.78,439.82,448.35,387100,0.0172,0.0138,173556285.0,193373085.4
2021-01-06,440.0,476.51,440.0,468.02,585500,0.0637,0.0439,274025710.0,181489811.9
2021-01-07,473.39,490.46,468.98,489.61,596900,0.0343,0.0461,292248209.0,191130091.8
2021-01-08,493.0,499.0,472.9,484.45,456100,-0.0173,-0.0105,220957645.0,203592505.5
2021-01-11,480.0,494.6,477.73,488.45,430900,0.0176,0.0083,210473105.0,214461213.7
2021-01-12,490.85,517.45,490.85,508.81,538200,0.0366,0.0417,273841542.0,225741992.6
2021-01-13,508.36,513.07,501.75,503.09,415700,-0.0104,-0.0112,209134513.0,228816307.4
2021-01-14,506.27,524.02,505.39,515.57,458200,0.0184,0.0248,236234174.0,229226593.5
2021-01-15,511.45,518.4,498.17,507.36,466300,-0.008,-0.0159,236581968.0,232452608.5
2021-01-19,517.41,517.41,496.11,500.99,493200,-0.0317,-0.0126,247088268.0,240881699.7
2021-01-20,506.71,510.37,497.68,502.28,320200,-0.0087,0.0026,160830056.0,237414141.9
2021-01-21,501.76,513.98,500.32,501.2,334900,-0.0011,-0.0022,167851880.0,236141519.0
2021-01-22,497.1,503.18,488.18,502.02,280500,0.0099,0.0016,140816610.0,225524136.0
2021-01-25,503.45,516.96,486.32,495.69,345200,-0.0154,-0.0126,171112188.0,210380976.1
2021-01-26,501.82,502.58,490.05,490.6,369600,-0.0224,-0.0103,181325760.0,205396430.4
2021-01-27,478.84,482.53,452.5,455.48,883400,-0.0488,-0.0716,402371032.0,202481695.9
2021-01-28,461.58,492.05,459.58,476.75,629200,0.0329,0.0467,299971100.0,215334644.9
2021-01-29,473.29,487.0,465.78,475.36,349300,0.0044,-0.0029,166043248.0,224418303.6
2021-02-01,478.36,488.89,471.7,484.04,321100,0.0119,0.0183,155425244.0,217399211.0
2021-02-02,493.71,498.86,480.09,480.18,388300,-0.0274,-0.008,186453894.0,209283538.6
2021-02-03,483.2,486.86,472.87,474.62,293500,-0.0178,-0.0116,139300970.0,203220101.2
2021-02-04,476.91,488.99,473.06,487.76,234300,0.0228,0.0277,114282168.0,201067192.6
2021-02-05,492.0,492.64,481.89,486.93,179200,-0.0103,-0.0017,87257856.0,195710221.4
2021-02-08,490.69,509.29,490.69,500.01,226900,0.019,0.0269,113452269.0,190354346.0
2021-02-09,499.35,506.71,496.32,498.45,210700,-0.0018,-0.0031,105023415.0,184588354.1
2021-02-10,503.71,505.46,489.54,498.02,325100,-0.0113,-0.0009,161906302.0,176958119.6
2021-02-11,502.13,524.22,500.0,506.08,556000,0.0079,0.0162,281380480.0,152911646.6
2021-02-12,500.83,506.91,483.02,491.9,455500,-0.0178,-0.028,224060450.0,151052584.6
2021-02-16,494.33,495.86,482.48,487.31,269600,-0.0142,-0.0093,131378776.0,156854304.8
2021-02-17,486.56,487.26,472.2,483.69,416400,-0.0059,-0.0074,201408516.0,154449658.0
2021-02-18,479.0,490.76,473.53,487.64,201100,0.018,0.0082,98064404.0,155945120.2
2021-02-19,492.26,509.08,488.9,505.2,326600,0.0263,0.036,164998320.0,151821463.6
2021-02-22,497.35,516.35,491.93,500.52,355300,0.0064,-0.0093,177834756.0,156893078.8
2021-02-23,484.55,505.99,465.31,502.87,340500,0.0378,0.0047,171227235.0,165950768.8
2021-02-24,505.38,510.47,490.04,509.25,228200,0.0077,0.0127,116210850.0,171728265.4
2021-02-25,506.48,516.0,472.86,473.08,377600,-0.0659,-0.071,178635008.0,172847008.9
2021-02-26,478.61,502.1,475.79,490.37,337100,0.0246,0.0365,165303727.0,174519879.5
2021-03-01,502.88,514.98,498.0,505.96,313700,0.0061,0.0318,158719652.0,162912204.2
2021-03-02,508.53,511.0,485.81,487.34,227900,-0.0417,-0.0368,111064786.0,156378124.4
2021-03-03,486.55,492.77,453.79,460.01,483300,-0.0545,-0.0561,222322833.0,154346725.4
2021-03-04,453.15,461.72,432.01,446.93,538000,-0.0137,-0.0284,240448340.0,156438157.1
2021-03-05,452.59,453.88,411.88,449.02,607500,-0.0079,0.0047,272779650.0,170676550.7
2021-03-08,445.36,465.0,436.12,441.46,427800,-0.0088,-0.0168,188856588.0,181454683.7
2021-03-09,462.99,473.64,457.26,458.17,406300,-0.0104,0.0379,186154471.0,182556866.9
2021-03-10,465.0,472.69,451.61,460.87,327100,-0.0089,0.0059,150750577.0,184049590.5
2021-03-11,470.19,481.15,465.86,474.32,478700,0.0088,0.0292,227056984.0,187503563.2
2021-03-12,473.75,482.49,468.0,471.99,238100,-0.0037,-0.0049,112380819.0,192345760.8
2021-03-15,468.99,477.94,463.0,465.31,328600,-0.0078,-0.0142,152900866.0,187053470.0
2021-03-16,470.34,483.81,457.66,475.44,395500,0.0108,0.0218,188036520.0,186471591.4
2021-03-17,472.29,484.79,466.2,477.03,454200,0.01,0.0033,216667026.0,194168764.8
2021-03-18,480.0,511.52,475.45,485.88,845500,0.0123,0.0186,410811540.0,193603184.1
2021-03-19,492.55,518.96,483.57,515.61,831300,0.0468,0.0612,428626593.0,210639504.1
2021-03-22,523.58,540.49,522.91,528.66,636100,0.0097,0.0253,336280626.0,226224198.4
2021-03-23,520.0,538.13,499.73,508.5,659900,-0.0221,-0.0381,335559150.0,240966602.2
2021-03-24,515.0,516.0,483.8,485.11,736200,-0.058,-0.046,357137982.0,255907070.1
2021-03-25,503.02,534.55,480.89,529.08,1538300,0.0518,0.0906,813883764.0,276545810.6
2021-03-26,540.0,581.6,535.37,578.18,1994700,0.0707,0.0928,1153295646.0,335228488.6
2021-03-29,578.18,610.0,557.18,565.9,1590500,-0.0212,-0.0212,900063950.0,439319971.3
2021-03-30,564.18,609.48,564.18,600.0,1134700,0.0635,0.0603,680820000.0,514036279.7
2021-03-31,603.99,619.52,590.37,596.6,783300,-0.0122,-0.0057,467316780.0,563314627.7
2021-04-01,603.37,603.9,586.0,595.63,385000,-0.0128,-0.0016,229317550.0,588379603.1
2021-04-05,605.05,606.98,590.41,592.93,395000,-0.02,-0.0045,234207350.0,570230204.1
2021-04-06,594.09,611.99,594.0,607.47,322800,0.0225,0.0245,196091316.0,550788279.8
2021-04-07,601.0,604.32,580.32,587.56,420400,-0.0224,-0.0328,247010224.0,536769348.8
2021-04-08,591.47,605.82,589.0,600.97,306500,0.0161,0.0228,184197305.0,527914456.2
2021-04-09,597.42,614.91,597.42,613.16,334100,0.0263,0.0203,204856756.0,510620388.5
2021-04-12,612.0,612.73,597.01,600.86,316100,-0.0182,-0.0201,189931846.0,449717687.7
2021-04-13,602.4,603.49,590.49,596.34,379600,-0.0101,-0.0075,226370664.0,353381307.7
2021-04-14,600.09,615.99,597.61,602.67,293000,0.0043,0.0106,176582310.0,286011979.1
2021-04-15,607.06,619.48,598.01,614.75,388500,0.0127,0.02,238830375.0,235588210.1
2021-04-16,617.1,638.96,614.0,634.5,595300,0.0282,0.0321,377717850.0,212739569.6
2021-04-19,629.12,643.97,624.75,641.44,566100,0.0196,0.0109,363119184.0,227579599.6
2021-04-20,641.72,641.74,614.55,636.0,912600,-0.0089,-0.0085,580413600.0,240470783.0
2021-04-21,634.93,663.21,629.01,657.0,673500,0.0348,0.033,442489500.0,278903011.4
2021-04-22,659.75,672.99,646.43,654.36,750200,-0.0082,-0.004,490900872.0,298450939.0
2021-04-23,658.15,689.85,654.09,687.99,805700,0.0453,0.0514,554313543.0,329121295.7
2021-04-26,687.99,690.0,675.19,688.5,980900,0.0007,0.0007,675349650.0,364066974.4
2021-04-27,679.88,722.23,678.05,712.39,816400,0.0478,0.0347,581595196.0,412608754.8
2021-04-28,710.2,726.1,706.02,720.01,604200,0.0138,0.0107,435030042.0,448131208.0
2021-04-29,725.0,733.05,704.0,705.45,641200,-0.027,-0.0202,452334540.0,473975981.2
2021-04-30,700.8,702.83,684.96,688.02,399600,-0.0182,-0.0247,274932792.0,495326397.7
2021-05-03,697.5,710.77,690.2,699.05,405800,0.0022,0.016,283674490.0,485047891.9
2021-05-04,689.0,695.49,665.0,687.2,520000,-0.0026,-0.017,357344000.0,477103422.5
2021-05-05,693.0,694.93,674.17,681.16,261400,-0.0171,-0.0088,178055224.0,454796462.5
2021-05-06,677.3,686.71,670.84,684.97,274400,0.0113,0.0056,187955768.0,428353034.9
2021-05-07,684.27,707.32,680.34,701.0,352200,0.0244,0.0234,246892200.0,398058524.5
2021-05-10,702.48,706.7,680.27,680.31,389500,-0.0316,-0.0295,264980745.0,367316390.2
2021-05-11,659.58,674.08,647.38,653.43,836300,-0.0093,-0.0395,546463509.0,326279499.7
2021-05-12,645.44,649.87,616.81,625.01,681300,-0.0317,-0.0435,425819313.0,322766331.0
2021-05-13,630.65,643.99,621.6,629.65,321000,-0.0016,0.0074,202117650.0,321845258.1
2021-05-14,637.36,658.53,635.0,649.82,364200,0.0195,0.032,236664444.0,296823569.1
2021-05-17,651.16,653.92,629.21,633.31,353000,-0.0274,-0.0254,223558430.0,292996734.3
2021-05-18,639.44,640.0,627.25,628.12,488700,-0.0177,-0.0082,306962244.0,286985128.3
2021-05-19,616.0,618.49,603.6,616.31,499300,0.0005,-0.0188,307723583.0,281946952.7
2021-05-20,620.0,625.78,608.38,609.88,425100,-0.0163,-0.0104,259259988.0,294913788.6
2021-05-21,617.85,621.4,597.29,605.93,511800,-0.0193,-0.0065,310114974.0,302044210.6
2021-05-24,610.89,622.72,608.07,615.11,358200,0.0069,0.0152,220332402.0,308366488.0
2021-05-25,625.9,649.07,622.59,638.0,612300,0.0193,0.0372,390647400.0,303901653.7
2021-05-26,641.9,650.0,631.34,638.6,409700,-0.0051,0.0009,261634420.0,288320042.8
2021-05-27,645.0,648.8,633.08,644.01,344700,-0.0015,0.0085,221990247.0,271901553.5
2021-05-28,644.0,648.85,635.0,641.05,212300,-0.0046,-0.0046,136094915.0,273888813.2
2021-06-01,647.98,662.7,633.01,636.34,543600,-0.018,-0.0073,345914424.0,263831860.3
2021-06-02,636.45,639.81,611.26,623.31,460200,-0.0206,-0.0205,286847262.0,276067459.7
2021-06-03,618.45,619.34,604.1,611.54,362700,-0.0112,-0.0189,221805558.0,274055961.5
2021-06-04,615.0,618.1,602.22,613.22,404000,-0.0029,0.0027,247740880.0,265464159.0
2021-06-07,620.0,626.91,614.6,624.42,456600,0.0071,0.0183,285110172.0,264312248.2
2021-06-08,625.01,634.48,619.42,628.83,391600,0.0061,0.0071,246249828.0,261811768.0
2021-06-09,628.83,632.67,609.76,611.33,976700,-0.0278,-0.0278,597086011.0,264403510.6
2021-06-10,686.03,714.69,681.0,707.14,3847400,0.0308,0.1567,2720650436.0,285047371.7
2021-06-11,715.77,719.77,677.0,682.52,939800,-0.0465,-0.0348,641432296.0,530948973.3
2021-06-14,679.96,696.36,667.53,675.31,618500,-0.0068,-0.0106,417679235.0,572893178.2
2021-06-15,665.99,673.0,655.76,662.35,433300,-0.0055,-0.0192,286996255.0,601051610.2
2021-06-16,659.42,661.0,646.36,657.77,482200,-0.0025,-0.0069,317176694.0,595159793.3
2021-06-17,650.3,668.52,639.0,656.55,804600,0.0096,-0.0019,528260130.0,598192736.5
2021-06-18,647.38,675.72,646.79,653.42,768800,0.0093,-0.0048,502349296.0,628838193.7
2021-06-21,657.81,682.53,654.14,680.72,583100,0.0348,0.0418,396927832.0,654299035.3
2021-06-22,680.72,684.48,668.69,676.74,423200,-0.0058,-0.0058,286396368.0,665480801.3
2021-06-23,675.23,691.16,671.6,685.45,313500,0.0151,0.0129,214888575.0,669495455.3
2021-06-24,696.47,697.97,674.04,677.18,447000,-0.0277,-0.0121,302699460.0,631275711.7
2021-06-25,682.73,698.92,681.01,690.72,2278900,0.0117,0.02,1574081808.0,389480614.1
2021-06-28,690.72,698.0,682.0,689.37,428800,-0.002,-0.002,295601856.0,482745565.3
2021-06-29,693.41,697.45,686.0,689.77,388400,-0.0052,0.0006,267906668.0,470537827.4
2021-06-30,686.06,694.36,674.94,679.0,349100,-0.0103,-0.0156,237038900.0,468628868.7
2021-07-01,690.56,694.99,681.84,690.54,499700,-0.0,0.017,345062838.0,460615089.3
2021-07-02,691.94,693.53,673.95,689.88,446300,-0.003,-0.001,307893444.0,442295360.1
2021-07-06,687.0,692.85,675.43,690.7,417600,0.0054,0.0012,288436320.0,422849774.9
2021-07-07,690.01,724.01,689.79,708.36,779200,0.0266,0.0256,551954112.0,412000623.7
2021-07-08,688.02,695.0,669.6,692.97,547900,0.0072,-0.0217,379678263.0,438556398.1
2021-07-09,701.31,715.59,694.08,706.3,408700,0.0071,0.0192,288664810.0,455035366.9
2021-07-12,705.05,720.45,701.83,713.52,332500,0.012,0.0102,237245400.0,453631901.9
2021-07-13,712.25,718.39,703.67,708.33,294200,-0.0055,-0.0073,208390686.0,319948261.1
2021-07-14,715.2,716.41,679.0,680.09,428200,-0.0491,-0.0399,291214538.0,311227144.1
2021-07-15,677.64,677.64,656.6,667.74,344100,-0.0146,-0.0182,229769334.0,313557931.1
2021-07-16,669.93,673.94,657.74,661.64,347700,-0.0124,-0.0091,230052228.0,312830974.5
2021-07-19,643.56,661.0,640.89,651.88,341900,0.0129,-0.0148,222877772.0,301329913.5
2021-07-20,652.76,665.23,644.0,659.78,329900,0.0108,0.0121,217661422.0,292828346.3
2021-07-21,663.06,683.41,662.31,673.61,259100,0.0159,0.021,174532351.0,285750856.5
2021-07-22,671.22,678.26,663.51,675.04,233800,0.0057,0.0021,157824352.0,248008680.4
2021-07-23,680.0,691.74,674.45,685.0,246700,0.0074,0.0148,168989500.0,225823289.3
2021-07-26,683.01,687.29,673.34,677.71,186800,-0.0078,-0.0106,126596228.0,213855758.3
2021-07-27,676.19,676.19,658.25,673.07,262200,-0.0046,-0.0068,176478954.0,202790841.1
2021-07-28,675.7,679.06,670.43,673.12,151600,-0.0038,0.0001,102044992.0,199599667.9
2021-07-29,674.53,684.35,666.84,669.76,319000,-0.0071,-0.005,213653440.0,180682713.3
2021-07-30,663.58,675.0,658.83,664.08,290900,0.0008,-0.0085,193180872.0,179071123.9
2021-08-02,667.99,670.8,657.48,657.77,291500,-0.0153,-0.0095,191739955.0,175383988.3
2021-08-03,658.17,662.64,649.17,660.98,247800,0.0043,0.0049,163790844.0,172270206.6
2021-08-04,661.85,694.99,658.99,676.08,447900,0.0215,0.0228,302816232.0,166883148.8
2021-08-05,678.0,688.49,674.62,679.98,223800,0.0029,0.0058,152179524.0,179711536.9
2021-08-06,687.7,695.29,673.47,674.99,252500,-0.0185,-0.0073,170434975.0,179147054.1
2021-08-09,675.01,700.74,670.84,688.84,390000,0.0205,0.0205,268647600.0,179291601.6
2021-08-10,689.48,724.88,689.48,719.7,483600,0.0438,0.0448,348046920.0,193496738.8
2021-08-11,721.21,741.58,717.49,733.44,539900,0.017,0.0191,395984256.0,210653535.4
2021-08-12,733.81,744.56,725.0,738.52,324200,0.0064,0.0069,239428184.0,240047461.8
2021-08-13,740.0,740.25,710.16,722.94,406200,-0.0231,-0.0211,293658228.0,242624936.2
2021-08-16,712.0,718.91,697.02,714.98,240800,0.0042,-0.011,172167184.0,252672671.8
2021-08-17,704.47,704.47,676.38,688.03,439400,-0.0233,-0.0377,302320382.0,250715394.7
2021-08-18,688.0,700.18,681.27,683.72,313700,-0.0062,-0.0063,214482964.0,264568348.5
2021-08-19,673.47,683.38,666.0,673.34,309400,-0.0002,-0.0152,208331396.0,255735021.7
2021-08-20,677.89,691.98,664.76,690.84,329300,0.0191,0.026,227493612.0,261350208.9
2021-08-23,695.7,701.95,691.35,693.74,224800,-0.0028,0.0042,155952752.0,267056072.6
2021-08-24,698.01,708.0,693.22,701.3,170300,0.0047,0.0109,119431390.0,255786587.8
2021-08-25,703.55,711.42,691.17,708.26,314000,0.0067,0.0099,222393640.0,232925034.8
2021-08-26,726.81,726.81,697.52,709.5,409700,-0.0238,0.0018,290682150.0,215565973.2
2021-08-27,708.98,716.2,702.97,706.54,243800,-0.0034,-0.0042,172254452.0,220691369.8
2021-08-30,711.48,730.53,709.31,716.75,366200,0.0074,0.0145,262473850.0,208550992.2
2021-08-31,711.95,712.05,692.42,700.67,369700,-0.0158,-0.0224,259037699.0,217581658.8
2021-09-01,701.3,710.54,699.04,704.69,271000,0.0048,0.0057,190970990.0,213253390.5
2021-09-02,707.0,711.68,668.71,672.0,881700,-0.0495,-0.0464,592502400.0,210902193.1
2021-09-03,672.0,684.77,660.0,678.63,445900,0.0099,0.0099,302601117.0,249319293.5
2021-09-07,683.7,686.0,663.03,664.26,430300,-0.0284,-0.0212,285831078.0,256830044.0
2021-09-08,665.01,673.72,647.99,672.65,1116900,0.0115,0.0126,751282785.0,269817876.6
2021-09-09,706.28,733.99,692.01,725.0,2014400,0.0265,0.0778,1460440000.0,333003016.1
2021-09-10,721.32,733.1,692.54,694.47,801900,-0.0372,-0.0421,556895493.0,456807652.1
2021-09-13,692.24,705.0,680.48,700.95,427500,0.0126,0.0093,299656125.0,483428986.4
2021-09-14,700.01,706.9,690.1,690.94,323400,-0.013,-0.0143,223449996.0,496169153.7
2021-09-15,686.36,694.58,674.01,684.99,504000,-0.002,-0.0086,345234960.0,492266768.3
2021-09-16,681.1,691.42,673.94,685.44,437300,0.0064,0.0007,299742912.0,500886494.4
2021-09-17,680.0,681.82,669.92,672.15,535800,-0.0115,-0.0194,360137970.0,511763686.6
2021-09-20,661.64,674.78,655.96,667.25,489200,0.0085,-0.0073,326418700.0,488527243.6
2021-09-21,675.0,682.28,656.01,673.66,458300,-0.002,0.0096,308738378.0,490909001.9
2021-09-22,675.78,694.46,672.26,685.37,382700,0.0142,0.0174,262291099.0,493199731.9
2021-09-23,694.41,706.65,683.76,686.21,330400,-0.0118,0.0012,226723784.0,444300563.3
2021-09-24,679.0,695.63,674.01,686.68,273700,0.0113,0.0007,187944316.0,320928941.7
2021-09-27,683.03,708.58,683.03,704.52,366000,0.0315,0.026,257854320.0,284033824.0
2021-09-28,695.97,700.63,682.7,683.76,1057800,-0.0175,-0.0295,723281328.0,279853643.5
2021-09-29,688.88,696.48,677.26,695.02,406800,0.0089,0.0165,282734136.0,329836776.7
2021-09-30,686.94,688.69,661.39,666.91,978300,-0.0292,-0.0404,652438053.0,323586694.3
2021-10-01,665.0,667.05,641.0,646.45,839400,-0.0279,-0.0307,542630130.0,358856208.4
2021-10-04,646.98,648.32,620.0,631.7,732200,-0.0236,-0.0228,462530740.0,377105424.4
2021-10-05,637.45,648.88,631.21,635.5,362000,-0.0031,0.006,230051000.0,390716628.4
2021-10-06,632.07,637.16,622.46,630.01,370500,-0.0033,-0.0086,233418705.0,382847890.6
2021-10-07,643.21,657.89,640.7,652.48,492400,0.0144,0.0357,321281152.0,379960651.2
2021-10-08,645.62,652.0,636.1,646.81,307600,0.0018,-0.0087,198958756.0,389416388.0
2021-10-11,645.3,651.0,638.06,638.06,217900,-0.0112,-0.0135,139033274.0,390517832.0
2021-10-12,642.23,649.06,636.71,645.59,323300,0.0052,0.0118,208719247.0,378635727.4
2021-10-13,645.28,645.98,632.3,638.62,290800,-0.0103,-0.0108,185710696.0,327179519.3
2021-10-14,638.5,656.47,637.25,653.53,355800,0.0235,0.0233,232525974.0,317477175.3
2021-10-15,657.7,673.91,654.93,659.07,448100,0.0021,0.0085,295329267.0,275485967.4
2021-10-18,657.43,698.75,657.4,689.63,667300,0.049,0.0464,460190099.0,250755881.1
2021-10-19,688.43,699.14,673.6,674.98,323900,-0.0195,-0.0212,218626022.0,250521817.0
2021-10-20,675.0,687.88,675.0,678.47,250200,0.0051,0.0052,169753194.0,249379319.2
2021-10-21,672.95,681.04,665.67,672.41,239100,-0.0008,-0.0089,160773231.0,243012768.1
2021-10-22,668.87,673.64,659.85,667.57,290500,-0.0019,-0.0072,193929085.0,226961976.0
2021-10-25,667.67,672.98,652.0,669.28,347500,0.0024,0.0026,232574800.0,226459008.9
2021-10-26,674.5,675.01,652.0,659.32,303500,-0.0225,-0.0149,200103620.0,235813161.5
2021-10-27,664.7,664.7,649.61,653.52,239500,-0.0168,-0.0088,156518040.0,234951598.8
2021-10-28,661.28,663.97,656.76,659.47,195100,-0.0027,0.0091,128662597.0,232032333.2
2021-10-29,652.88,664.13,651.01,659.63,237800,0.0103,0.0002,156860014.0,221645995.5
2021-11-01,664.0,676.49,656.5,669.15,294000,0.0078,0.0144,196730100.0,207799070.2
2021-11-02,667.68,669.54,653.88,659.43,315000,-0.0124,-0.0145,207720450.0,181453070.3
2021-11-03,656.92,689.81,655.85,676.58,404400,0.0299,0.026,273608952.0,180362513.1
2021-11-04,678.96,680.9,661.33,662.57,311300,-0.0241,-0.0207,206258041.0,190748088.9
2021-11-05,667.69,670.95,652.75,660.09,338900,-0.0114,-0.0037,223704501.0,195296569.9
2021-11-08,662.76,665.97,642.51,657.99,319600,-0.0072,-0.0032,210293604.0,198274111.5
2021-11-09,657.5,664.0,649.51,652.27,313400,-0.008,-0.0087,204421418.0,196045991.9
2021-11-10,648.74,648.74,631.1,636.74,382600,-0.0185,-0.0238,243616724.0,196477771.7
2021-11-11,641.62,643.99,629.4,635.43,392600,-0.0096,-0.0021,249469818.0,205187640.1
2021-11-12,629.8,638.42,626.0,635.66,333500,0.0093,0.0004,211992610.0,217268362.2
2021-11-15,639.14,653.25,637.88,649.29,319500,0.0159,0.0214,207448155.0,222781621.8
2021-11-16,649.29,656.9,642.01,651.0,302500,0.0026,0.0026,196927500.0,223853427.3
2021-11-17,656.0,656.06,618.62,624.01,538700,-0.0488,-0.0415,336154187.0,222774132.3
2021-11-18,628.06,645.0,623.0,643.05,361400,0.0239,0.0305,232398270.0,229028655.8
2021-11-19,639.91,651.49,637.27,644.89,296600,0.0078,0.0029,191274374.0,231642678.7
2021-11-22,643.77,645.2,624.52,627.11,430000,-0.0259,-0.0276,269657300.0,228399666.0
2021-11-23,621.04,621.6,598.08,604.45,611100,-0.0267,-0.0361,369379395.0,234336035.6
2021-11-24,599.04,610.42,590.47,605.18,298900,0.0102,0.0012,180888302.0,250831833.3
2021-11-26,596.0,607.93,593.73,599.34,141900,0.0056,-0.0097,85046346.0,244558991.1
2021-11-29,607.7,607.7,595.58,596.78,303600,-0.018,-0.0043,181182408.0,228116643.9
2021-11-30,597.42,598.01,575.72,583.18,410300,-0.0238,-0.0228,239278754.0,225035623.7
2021-12-01,590.23,600.87,564.56,564.86,436500,-0.043,-0.0314,246561390.0,228218683.6
2021-12-02,565.0,574.85,554.23,560.75,383700,-0.0075,-0.0073,215159775.0,233182072.6
2021-12-03,564.8,568.03,525.01,537.14,513900,-0.049,-0.0421,276036246.0,221082631.4
2021-12-06,540.0,571.0,539.91,562.52,588700,0.0417,0.0473,331155524.0,225446429.0
2021-12-07,577.03,586.75,572.74,576.34,383200,-0.0012,0.0246,220853488.0,239434544.0
2021-12-08,576.04,583.75,570.0,576.96,1217700,0.0016,0.0011,702564192.0,234554162.8
2021-12-09,625.0,658.51,607.11,608.51,2467700,-0.0264,0.0547,1501620127.0,267872642.5
2021-12-10,608.45,615.0,582.3,603.0,908800,-0.009,-0.0091,548006400.0,399945825.0
2021-12-13,602.75,613.0,564.69,567.2,550400,-0.059,-0.0594,312186880.0,446241830.4
2021-12-14,557.82,574.25,552.22,568.2,404100,0.0186,0.0018,229609620.0,459342277.6
2021-12-15,565.59,569.74,545.37,568.03,411000,0.0043,-0.0003,233460330.0,458375364.2
2021-12-16,572.0,575.0,537.23,546.49,485500,-0.0446,-0.0379,265320895.0,457065258.2
2021-12-17,542.0,560.0,531.55,552.82,631900,0.02,0.0116,349326958.0,462081370.2
2021-12-20,543.04,544.15,522.91,527.42,382400,-0.0288,-0.0459,201685408.0,469410441.4
2021-12-21,536.98,550.33,536.41,548.34,359500,0.0212,0.0397,197128230.0,456463429.8
2021-12-22,548.79,554.03,538.98,544.57,294700,-0.0077,-0.0069,160484779.0,454090904.0
2021-12-23,549.09,552.35,541.01,546.09,175700,-0.0055,0.0028,95948013.0,399882962.7
2021-12-27,545.0,550.57,537.66,541.78,300200,-0.0059,-0.0079,162642356.0,259315751.3
2021-12-28,542.45,546.6,528.3,528.99,419700,-0.0248,-0.0236,222017103.0,220779346.9
2021-12-29,534.7,538.0,527.61,533.65,350500,-0.002,0.0088,187044325.0,211762369.2
2021-12-30,533.06,546.0,531.71,536.73,301800,0.0069,0.0058,161985114.0,207505839.7
2021-12-31,534.58,542.7,527.05,535.94,326400,0.0025,-0.0015,174930816.0,200358318.1
2022-01-03,540.45,556.59,537.39,538.32,348800,-0.0039,0.0044,187766016.0,191319310.2
2022-01-04,543.6,548.53,525.63,530.09,390200,-0.0249,-0.0153,206841118.0,175163216.0
2022-01-05,524.0,533.37,503.78,505.92,646000,-0.0345,-0.0456,326824320.0,175678787.0
2022-01-06,513.68,525.81,496.63,517.94,450800,0.0083,0.0238,233487352.0,188648396.0
2022-01-07,512.23,520.65,490.38,494.8,636700,-0.034,-0.0447,315039160.0,195948653.3
2022-01-10,480.84,481.0,463.71,479.6,752600,-0.0026,-0.0307,360946960.0,217857768.0
2022-01-11,478.98,487.03,472.0,482.02,389200,0.0063,0.005,187602184.0,237688228.4
2022-01-12,484.52,491.95,467.73,473.02,527400,-0.0237,-0.0187,249470748.0,234246736.5
2022-01-13,475.96,475.96,450.53,456.22,820500,-0.0415,-0.0355,374328510.0,240489378.8
2022-01-14,448.11,454.25,436.11,447.46,1235700,-0.0015,-0.0192,552926322.0,261723718.4
2022-01-18,441.24,441.45,420.72,426.27,1197500,-0.0339,-0.0474,510458325.0,299523269.0
2022-01-19,426.02,435.52,413.29,416.05,766400,-0.0234,-0.024,318860720.0,331792499.9
2022-01-20,425.0,435.53,402.67,404.24,777900,-0.0488,-0.0284,314458296.0,342994460.1
2022-01-21,398.88,405.7,391.29,391.4,695600,-0.0188,-0.0318,272257840.0,341757857.7
2022-01-24,375.97,407.73,362.0,407.16,1444000,0.083,0.0403,587939040.0,345634906.5
2022-01-25,399.24,405.55,391.0,398.56,660000,-0.0017,-0.0211,263049600.0,372924894.5
2022-01-26,406.03,408.99,373.78,378.66,721700,-0.0674,-0.0499,273278922.0,363135158.5
2022-01-27,383.29,390.0,363.4,366.91,534200,-0.0427,-0.031,196003322.0,371702832.3
2022-01-28,370.99,392.29,365.75,391.92,688700,0.0564,0.0682,269915304.0,366356089.7
2022-01-31,390.04,405.25,388.21,402.82,590000,0.0328,0.0278,237663800.0,355914769.1
2022-02-01,405.78,417.44,399.31,412.28,592100,0.016,0.0235,244110988.0,324388516.9
2022-02-02,416.0,416.0,396.65,402.59,475100,-0.0322,-0.0235,191270509.0,297753783.2
2022-02-03,398.09,408.71,392.1,396.4,370400,-0.0042,-0.0154,146826560.0,284994762.1
2022-02-04,400.0,407.19,393.02,404.07,353000,0.0102,0.0193,142636710.0,268231588.5
2022-02-07,403.16,415.33,402.17,407.87,404000,0.0117,0.0094,164779480.0,255269475.5
2022-02-08,404.84,415.71,403.04,411.22,372700,0.0158,0.0082,153261694.0,212953519.5
2022-02-09,419.99,425.93,411.31,422.3,423800,0.0055,0.0269,178970740.0,201974728.9
2022-02-10,412.26,441.67,412.26,421.56,611600,0.0226,-0.0018,257826096.0,192543910.7
2022-02-11,416.69,425.96,407.35,408.59,371900,-0.0194,-0.0308,151954621.0,198726188.1
2022-02-14,405.61,421.36,405.61,408.62,281400,0.0074,0.0001,114985668.0,186930119.8
2022-02-15,417.7,428.0,417.7,426.45,477700,0.0209,0.0436,203715165.0,174662306.6
2022-02-16,420.15,425.85,411.68,420.09,385700,-0.0001,-0.0149,162028713.0,170622724.3
2022-02-17,415.66,418.57,399.3,402.53,323700,-0.0316,-0.0418,130298961.0,167698544.7
2022-02-18,405.52,410.22,392.3,400.2,387200,-0.0131,-0.0058,154957440.0,166045784.8
2022-02-22,391.25,394.77,367.17,373.62,624400,-0.0451,-0.0664,233288328.0,167277857.8
2022-02-23,377.24,382.69,363.92,367.27,369100,-0.0264,-0.017,135559357.0,174128742.6
2022-02-24,346.75,384.35,346.07,382.44,980800,0.1029,0.0413,375097152.0,172358508.9
2022-02-25,385.11,397.49,373.66,396.32,486300,0.0291,0.0363,192730416.0,191971150.1
2022-02-28,395.8,403.78,389.51,401.87,351600,0.0153,0.014,141297492.0,185461582.1
2022-03-01,406.0,408.6,389.96,396.2,513800,-0.0241,-0.0141,203567560.0,184395869.2
2022-03-02,399.26,410.68,393.82,407.42,371700,0.0204,0.0283,151438014.0,193254058.4
2022-03-03,410.67,412.72,395.31,395.31,435000,-0.0374,-0.0297,171959850.0,188026343.3
2022-03-04,393.15,395.0,359.25,366.58,767200,-0.0676,-0.0727,281240176.0,189019457.0
2022-03-07,365.39,372.34,330.56,331.0,1332200,-0.0941,-0.0971,440958200.0,204113578.5
2022-03-08,331.0,344.9,321.78,332.73,1168300,0.0052,0.0052,388728459.0,232713654.5
2022-03-09,346.45,357.4,344.25,346.33,645900,-0.0003,0.0409,223694547.0,248257667.6
2022-03-10,338.59,346.97,331.59,340.74,372100,0.0063,-0.0161,126789354.0,257071186.6
2022-03-11,345.77,345.77,324.57,325.08,426400,-0.0598,-0.046,138614112.0,232240406.8
2022-03-14,328.0,340.28,320.81,325.85,487400,-0.0066,0.0024,158819290.0,226828776.4
2022-03-15,329.0,343.08,326.21,340.33,460200,0.0344,0.0444,156619866.0,228580956.2
2022-03-16,345.48,356.8,337.58,352.59,472000,0.0206,0.036,166422480.0,223886186.8
2022-03-17,361.1,366.61,350.47,363.8,507300,0.0075,0.0318,184555740.0,225384633.4
2022-03-18,360.0,376.36,360.0,374.5,645800,0.0403,0.0294,241852100.0,226644222.4
2022-03-21,371.4,375.49,360.5,369.83,448600,-0.0042,-0.0125,165905738.0,222705414.8
2022-03-22,373.85,382.43,372.21,373.66,499900,-0.0005,0.0104,186792634.0,195200168.6
2022-03-23,367.05,368.33,354.62,360.32,502500,-0.0183,-0.0357,181060800.0,175006586.1
2022-03-24,359.51,363.0,351.18,361.55,397000,0.0057,0.0034,143535350.0,170743211.4
2022-03-25,365.92,365.92,348.66,351.96,520300,-0.0382,-0.0265,183124788.0,172417811.0
2022-03-28,352.3,368.11,352.15,367.5,831100,0.0431,0.0442,305429250.0,176868878.6
2022-03-29,387.14,390.85,375.4,385.69,2433200,-0.0037,0.0495,938460908.0,191529874.6
2022-03-30,353.51,358.98,332.78,334.28,5586500,-0.0544,-0.1333,1867455220.0,269713978.8
2022-03-31,329.25,330.97,323.4,326.09,2641700,-0.0096,-0.0245,861431953.0,439817252.8
2022-04-01,326.95,329.0,317.89,320.54,1677000,-0.0196,-0.017,537545580.0,507504874.1
2022-04-04,322.0,330.9,317.0,330.85,2037100,0.0275,0.0322,673974535.0,537074222.1
2022-04-05,343.06,360.1,342.76,354.33,3096100,0.0329,0.071,1097041113.0,587881101.8
2022-04-06,344.74,346.99,327.01,335.07,1634500,-0.0281,-0.0544,547671915.0,678905949.7
2022-04-07,334.01,337.71,313.85,327.82,1516900,-0.0185,-0.0216,497270158.0,715567061.2
2022-04-08,324.67,342.92,320.56,335.78,1315200,0.0342,0.0243,441617856.0,750940542.0
2022-04-11,327.82,348.54,327.14,340.89,1004400,0.0399,0.0152,342389916.0,776789848.8
2022-04-12,346.57,359.5,345.0,346.6,1213800,0.0001,0.0168,420703080.0,780485915.4
2022-04-13,343.1,358.82,342.18,353.22,895000,0.0295,0.0191,316131900.0,728710132.6
2022-04-14,350.3,361.76,331.67,334.53,1632500,-0.045,-0.0529,546120225.0,573577800.6
2022-04-18,332.62,339.87,324.76,327.56,1585800,-0.0152,-0.0208,519444648.0,542046627.8
2022-04-19,329.14,353.24,329.14,348.39,947000,0.0585,0.0636,329925330.0,540236534.6
2022-04-20,348.72,350.08,337.91,338.35,656900,-0.0297,-0.0288,222262115.0,505831614.1
2022-04-21,341.0,346.69,334.72,337.16,876900,-0.0113,-0.0035,295655604.0,418353714.3
2022-04-22,334.04,334.81,319.35,320.0,1085300,-0.042,-0.0509,347296000.0,393152083.2
2022-04-25,319.64,337.67,317.56,337.37,969400,0.0555,0.0543,327046478.0,378154667.4
2022-04-26,332.76,342.42,325.8,332.59,828200,-0.0005,-0.0142,275451038.0,366697529.6
2022-04-27,332.48,346.39,332.0,340.51,998000,0.0242,0.0238,339828980.0,360003641.8
2022-04-28,345.37,354.56,334.88,353.0,998200,0.0221,0.0367,352364600.0,351916231.8
2022-04-29,349.28,355.45,335.41,336.12,699700,-0.0377,-0.0478,235183164.0,355539501.8
2022-05-02,336.01,348.07,330.56,347.83,538700,0.0352,0.0348,187376021.0,324445795.7
2022-05-03,343.73,348.4,337.1,344.73,422300,0.0029,-0.0089,145579479.0,291238933.0
2022-05-04,341.91,341.98,318.3,339.7,1008600,-0.0065,-0.0146,342621420.0,272804347.9
2022-05-05,330.42,331.32,304.72,309.21,1146400,-0.0642,-0.0898,354478344.0,284840278.4
2022-05-06,302.02,306.0,286.07,293.31,984700,-0.0288,-0.0514,288822357.0,290722552.4
2022-05-09,286.5,304.0,282.52,290.5,1110400,0.014,-0.0096,322571200.0,284875188.1
2022-05-10,296.3,296.85,278.97,290.32,774900,-0.0202,-0.0006,224968968.0,284427660.3
2022-05-11,286.68,298.18,277.84,279.45,688600,-0.0252,-0.0374,192429270.0,279379453.3
2022-05-12,275.05,289.72,270.96,285.32,743800,0.0373,0.021,212221016.0,264639482.3
2022-05-13,290.99,299.65,287.27,289.65,766800,-0.0046,0.0152,222103620.0,250625123.9
2022-05-16,286.48,288.05,276.73,279.83,1126200,-0.0232,-0.0339,315144546.0,249317169.5
2022-05-17,291.85,301.99,288.69,298.28,1660600,0.022,0.0659,495323768.0,262094022.0
2022-05-18,279.03,288.73,261.0,262.82,2555600,-0.0581,-0.1189,671662792.0,297068450.9
2022-05-19,259.62,283.7,259.62,276.38,1436200,0.0646,0.0516,396936956.0,329972588.1
2022-05-20,284.51,284.51,258.02,268.6,824000,-0.0559,-0.0281,221326400.0,334218449.3
2022-05-23,268.5,269.24,255.25,256.42,1295600,-0.045,-0.0453,332217752.0,327468853.6
2022-05-24,250.31,250.31,236.29,246.29,1181800,-0.0161,-0.0395,291065522.0,328433508.8
2022-05-25,241.31,261.21,241.21,256.17,983200,0.0616,0.0401,251866344.0,335043164.2
2022-05-26,266.11,281.71,266.11,278.41,1025500,0.0462,0.0868,285509455.0,340986871.6
2022-05-27,278.96,292.05,278.96,291.03,895900,0.0433,0.0453,260733777.0,348315715.5
2022-05-31,290.0,296.66,284.93,290.08,854300,0.0003,-0.0033,247815344.0,352178731.2
2022-06-01,293.25,294.0,284.6,290.0,818700,-0.0111,-0.0003,237423000.0,345445811.0
2022-06-02,289.0,302.91,283.37,301.94,2219200,0.0448,0.0412,670065248.0,319655734.2
2022-06-03,295.52,313.99,291.78,304.63,1957100,0.0308,0.0089,596191373.0,319495979.8
2022-06-06,308.21,314.55,299.65,310.21,1077800,0.0065,0.0183,334344338.0,339421421.5
2022-06-07,301.5,308.25,295.0,306.09,724700,0.0152,-0.0133,221823423.0,350723215.3
2022-06-08,306.09,310.6,298.72,300.54,498500,-0.0181,-0.0181,149819190.0,339683782.4
2022-06-09,298.19,302.94,286.66,287.65,509600,-0.0353,-0.0429,146586440.0,325559149.2
2022-06-10,280.75,285.35,270.17,278.07,778000,-0.0095,-0.0333,216338460.0,315031158.8
2022-06-13,269.31,272.4,257.19,257.99,915900,-0.042,-0.0722,236293041.0,308114059.3
2022-06-14,258.76,262.2,242.63,245.33,829500,-0.0519,-0.0491,203501235.0,305669985.7
2022-06-15,246.93,254.0,242.82,250.34,907300,0.0138,0.0204,227133482.0,301238574.8
2022-06-16,240.43,242.51,227.26,231.66,1471400,-0.0365,-0.0746,340864524.0,300209623.0
2022-06-17,233.87,247.03,230.7,245.44,1140700,0.0495,0.0595,279973408.0,267289550.6
2022-06-21,248.5,256.01,244.55,245.56,912100,-0.0118,0.0005,223975276.0,235667754.1
2022-06-22,241.88,255.45,239.78,247.29,633000,0.0224,0.007,156534570.0,224630847.9
2022-06-23,248.76,257.37,243.85,256.68,541900,0.0318,0.038,139094892.0,218101962.6
2022-06-24,261.49,269.92,260.46,268.25,829100,0.0259,0.0451,222406075.0,217029532.8
2022-06-27,270.5,271.0,253.87,256.02,572300,-0.0535,-0.0456,146520246.0,224611496.3
2022-06-28,257.87,261.38,243.69,243.79,593400,-0.0546,-0.0478,144664986.0,217629674.9
2022-06-29,239.79,241.96,234.08,237.32,843000,-0.0103,-0.0265,200060760.0,208466869.4
2022-06-30,219.06,219.78,207.37,212.26,3361900,-0.031,-0.1056,713596894.0,208122821.9
2022-07-01,211.0,221.62,210.0,220.7,1118900,0.046,0.0398,246941230.0,256769163.1
2022-07-05,217.97,244.82,213.56,243.61,1573900,0.1176,0.1038,383417779.0,247376833.7
2022-07-06,243.2,247.41,239.63,241.82,927300,-0.0057,-0.0073,224239686.0,257721270.8
2022-07-07,242.74,255.95,242.74,255.25,1060600,0.0515,0.0555,270718150.0,257747711.8
2022-07-08,252.02,265.98,252.02,262.1,1344300,0.04,0.0268,352341030.0,269166069.8
2022-07-11,260.18,263.82,254.71,257.73,904100,-0.0094,-0.0167,233013693.0,290490683.6
2022-07-12,259.28,265.86,257.7,261.49,651000,0.0085,0.0146,170229990.0,291551445.4
2022-07-13,256.24,266.85,256.24,262.39,681400,0.024,0.0034,178792546.0,293922419.8
2022-07-14,259.5,261.24,250.3,255.64,1022900,-0.0149,-0.0257,261494156.0,297335175.8
2022-07-15,258.38,270.4,258.25,267.32,1068200,0.0346,0.0457,285551224.0,303478515.4
2022-07-18,268.3,271.5,256.54,257.51,681100,-0.0402,-0.0367,175390061.0,260673948.4
2022-07-19,262.61,266.86,257.0,265.26,432500,0.0101,0.0301,114724950.0,253518831.5
2022-07-20,266.78,274.32,262.16,273.41,672800,0.0249,0.0307,183950248.0,226649548.6
2022-07-21,272.72,277.55,269.32,276.43,476600,0.0136,0.011,131746538.0,222620604.8
2022-07-22,274.99,279.84,265.16,269.22,506100,-0.021,-0.0261,136252242.0,208723443.6
2022-07-25,267.68,267.68,258.24,262.75,418600,-0.0184,-0.024,109987150.0,187114564.8
2022-07-26,254.1,256.12,250.06,250.44,458200,-0.0144,-0.0469,114751608.0,174811910.5
2022-07-27,254.11,263.67,250.96,262.16,420500,0.0317,0.0468,110238280.0,169264072.3
2022-07-28,261.91,272.23,256.61,271.19,602000,0.0354,0.0344,163256380.0,162408645.7
2022-07-29,272.15,281.77,265.5,279.43,596000,0.0267,0.0304,166540280.0,152584868.1
2022-08-01,276.47,285.4,275.51,282.14,617100,0.0205,0.0097,174108594.0,140683773.7
2022-08-02,277.57,283.2,276.74,279.81,427900,0.0081,-0.0083,119730699.0,140555627.0
2022-08-03,283.94,290.54,282.12,287.65,602000,0.0131,0.028,173165300.0,141056201.9
2022-08-04,286.2,290.2,282.71,283.85,328800,-0.0082,-0.0132,93329880.0,139977707.1
2022-08-05,281.5,289.97,279.85,286.87,391400,0.0191,0.0106,112280918.0,136136041.3
2022-08-08,289.99,306.04,289.99,297.65,788400,0.0264,0.0376,234667260.0,133738908.9
2022-08-09,293.04,293.73,275.51,283.06,646600,-0.0341,-0.049,183026596.0,146206919.9
2022-08-10,294.48,300.95,290.42,299.29,623400,0.0163,0.0573,186577386.0,153034418.7
2022-08-11,308.0,310.25,299.89,303.5,616000,-0.0146,0.0141,186956000.0,160668329.3
2022-08-12,307.39,309.54,302.56,307.56,402900,0.0006,0.0134,123915924.0,163038291.3
2022-08-15,307.56,315.07,305.0,312.4,535000,0.0157,0.0157,167134000.0,158775855.7
2022-08-16,310.04,338.61,308.01,329.31,905100,0.0622,0.0541,298058481.0,158078396.3
2022-08-17,321.0,325.19,310.08,312.88,721200,-0.0253,-0.0499,225649056.0,175911174.5
2022-08-18,311.0,313.0,306.09,311.31,354700,0.001,-0.005,110421657.0,181159550.1
2022-08-19,307.85,308.37,295.34,298.3,541900,-0.031,-0.0418,161648770.0,182868727.8
2022-08-22,290.01,296.05,285.27,293.08,553800,0.0106,-0.0175,162307704.0,187805513.0
2022-08-23,296.07,299.54,290.6,292.79,395700,-0.0111,-0.001,115857003.0,180569557.4
2022-08-24,292.95,297.14,288.6,292.77,336500,-0.0006,-0.0001,98517105.0,173852598.1
2022-08-25,295.0,299.17,291.69,294.64,449100,-0.0012,0.0064,132322824.0,165046570.0
2022-08-26,293.34,295.13,264.83,266.91,1188700,-0.0901,-0.0941,317275917.0,159583252.4
2022-08-29,263.82,270.37,263.82,266.94,508500,0.0118,0.0001,135738990.0,178919251.7
2022-08-30,272.43,272.43,262.75,265.64,398500,-0.0249,-0.0049,105857540.0,175779750.7
2022-08-31,266.77,268.11,254.92,255.91,576700,-0.0407,-0.0366,147583297.0,156559656.6
2022-09-01,252.5,254.91,246.62,252.71,576800,0.0008,-0.0125,145763128.0,148753080.7
2022-09-02,255.4,257.81,248.97,252.17,431800,-0.0126,-0.0021,108887006.0,152287227.8
2022-09-06,255.41,255.9,241.5,243.71,721900,-0.0458,-0.0335,175934249.0,147011051.4
2022-09-07,243.44,258.17,241.87,258.05,699400,0.06,0.0588,180480170.0,148373705.9
2022-09-08,251.46,263.6,250.0,261.71,1345300,0.0408,0.0142,352078463.0,154836022.6
2022-09-09,265.59,279.97,263.99,273.56,1813000,0.03,0.0453,495964280.0,180192158.4
2022-09-12,274.01,289.07,274.01,277.62,809600,0.0132,0.0148,224761152.0,216556304.0
2022-09-13,265.39,270.0,258.89,262.33,990300,-0.0115,-0.0551,259785399.0,207304827.5
2022-09-14,265.24,266.87,258.27,262.84,664000,-0.009,0.0019,174525760.0,219709468.4
2022-09-15,261.04,271.52,256.23,259.22,863200,-0.007,-0.0138,223758704.0,226576290.4
2022-09-16,256.53,261.7,252.0,257.65,1181400,0.0044,-0.0061,304387710.0,234193831.1
2022-09-19,256.35,265.87,255.87,265.83,539200,0.037,0.0317,143335536.0,250056289.3
2022-09-20,261.11,262.52,251.99,254.37,629500,-0.0258,-0.0431,160125915.0,253501142.3
2022-09-21,257.34,266.45,253.62,256.05,690900,-0.005,0.0066,176904945.0,251920308.9
2022-09-22,253.01,255.33,246.12,248.14,804400,-0.0192,-0.0309,199603816.0,251562786.4
2022-09-23,242.98,250.38,242.98,246.44,635800,0.0142,-0.0069,156686552.0,236315321.7
2022-09-26,246.15,250.34,239.23,240.62,595500,-0.0225,-0.0236,143289210.0,202387548.9
2022-09-27,246.0,253.26,245.44,248.05,737200,0.0083,0.0309,182862460.0,194240354.7
2022-09-28,250.18,260.71,248.0,259.03,572000,0.0354,0.0443,148165160.0,186548060.8
2022-09-29,253.0,253.19,247.46,250.51,566400,-0.0098,-0.0329,141888864.0,183912000.8
2022-09-30,247.83,252.02,242.19,246.07,629000,-0.0071,-0.0177,154778030.0,175725016.8
2022-10-03,247.34,256.88,243.07,254.26,612400,0.028,0.0333,155708824.0,160764048.8
2022-10-04,262.67,268.39,260.4,265.71,548700,0.0116,0.045,145795077.0,162001377.6
2022-10-05,260.69,267.41,255.84,264.41,477700,0.0143,-0.0049,126308657.0,160568293.8
2022-10-06,262.5,268.25,261.25,264.88,433300,0.0091,0.0018,114772504.0,155508665.0
2022-10-07,259.62,262.47,253.72,256.84,532100,-0.0107,-0.0304,136664564.0,147025533.8
2022-10-10,258.25,258.35,243.69,250.66,524200,-0.0294,-0.0241,131395972.0,145023335.0
2022-10-11,249.34,254.75,245.05,251.34,630300,0.008,0.0027,158419602.0,143834011.2
2022-10-12,250.96,254.0,246.67,247.1,454500,-0.0154,-0.0169,112306950.0,141389725.4
2022-10-13,237.43,248.06,231.88,243.66,902700,0.0262,-0.0139,219951882.0,137803904.4
2022-10-14,245.44,250.94,233.4,234.04,652300,-0.0464,-0.0395,152664292.0,145610206.2
2022-10-17,241.7,245.65,239.06,241.0,525300,-0.0029,0.0297,126597300.0,145398832.4
2022-10-18,250.29,254.0,243.3,246.25,499300,-0.0161,0.0218,122952625.0,142487680.0
2022-10-19,243.22,243.92,233.1,235.72,548400,-0.0308,-0.0428,129268848.0,140203434.8
2022-10-20,236.0,241.1,230.6,231.64,605100,-0.0185,-0.0173,140165364.0,140499453.9
2022-10-21,229.0,241.81,227.0,240.4,605100,0.0498,0.0378,145466040.0,143038739.9
2022-10-24,242.2,242.8,230.5,234.46,743700,-0.032,-0.0247,174367902.0,143918887.5
2022-10-25,236.34,256.18,234.55,246.98,894100,0.045,0.0534,220824818.0,148216080.5
2022-10-26,246.71,258.79,244.51,252.14,620400,0.022,0.0209,156427656.0,154456602.1
2022-10-27,251.99,256.83,245.14,245.31,512600,-0.0265,-0.0271,125745906.0,158868672.7
2022-10-28,242.11,257.69,242.11,255.58,590500,0.0556,0.0419,150919990.0,149448075.1
2022-10-31,253.03,258.6,251.36,253.93,429700,0.0036,-0.0065,109113721.0,149273644.9
2022-11-01,259.85,261.43,249.56,250.44,440400,-0.0362,-0.0137,110293776.0,147525287.0
2022-11-02,249.14,250.37,233.49,233.97,673500,-0.0609,-0.0658,157578795.0,146259402.1
2022-11-03,229.9,238.58,229.0,236.14,436900,0.0271,0.0093,103169566.0,149090396.8
2022-11-04,243.0,246.21,232.63,246.06,631200,0.0126,0.042,155313072.0,145390817.0
2022-11-07,249.91,260.3,248.8,259.23,698500,0.0373,0.0535,181072155.0,146375520.2
2022-11-08,262.9,265.49,251.53,258.05,696400,-0.0184,-0.0046,179706020.0,147045945.5
2022-11-09,253.65,259.19,248.34,253.47,533700,-0.0007,-0.0177,135276939.0,142934065.7
2022-11-10,271.71,282.56,270.01,282.56,1448200,0.0399,0.1148,409203392.0,140818994.0
2022-11-11,283.43,297.81,282.12,291.34,763900,0.0279,0.0311,222554626.0,169164742.6
2022-11-14,288.82,289.88,278.25,285.22,696400,-0.0125,-0.021,198627208.0,176328206.2
2022-11-15,299.15,303.05,290.32,296.1,751600,-0.0102,0.0381,222548760.0,185279554.9
2022-11-16,286.57,295.37,280.78,291.12,816000,0.0159,-0.0168,237553920.0,196505053.3
2022-11-17,285.85,290.41,282.82,288.5,656500,0.0093,-0.009,189400250.0,204502565.8
2022-11-18,276.7,281.16,269.96,274.95,894700,-0.0063,-0.047,245997765.0,213125634.2
2022-11-21,268.86,270.5,258.19,263.12,930900,-0.0213,-0.043,244938408.0,222194103.5
2022-11-22,266.93,273.31,265.27,270.25,558800,0.0124,0.0271,151015700.0,228580728.8
2022-11-23,271.09,276.72,268.21,276.45,433400,0.0198,0.0229,119813430.0,225711696.8
2022-11-25,275.69,278.97,273.77,277.22,209600,0.0055,0.0028,58105312.0,224165345.9
2022-11-28,275.47,280.5,272.87,275.07,444000,-0.0015,-0.0078,122131080.0,189055537.9
2022-11-29,274.89,276.91,268.62,276.15,411000,0.0046,0.0039,113497650.0,179013183.3
2022-11-30,277.7,287.98,271.35,286.83,719500,0.0329,0.0387,206374185.0,170500227.5
2022-12-01,288.94,292.63,276.89,281.2,636800,-0.0268,-0.0196,179068160.0,168882770.0
2022-12-02,275.7,284.05,274.32,280.86,551200,0.0187,-0.0012,154810032.0,163034194.0
2022-12-05,277.09,278.91,256.63,260.81,841100,-0.0588,-0.0714,219367291.0,159575172.2
2022-12-06,262.0,262.0,253.49,259.04,735500,-0.0113,-0.0068,190523920.0,156912124.8
2022-12-07,256.0,263.91,255.25,262.05,522600,0.0236,0.0116,136947330.0,151470676.0
2022-12-08,263.97,267.5,258.72,266.38,988800,0.0091,0.0165,263396544.0,150063839.0
2022-12-09,255.3,280.76,251.5,274.48,1705300,0.0751,0.0304,468070744.0,164422150.4
2022-12-12,264.66,266.89,248.25,253.06,1871100,-0.0438,-0.078,473500566.0,205418693.6
2022-12-13,265.27,266.33,258.02,263.06,1330500,-0.0083,0.0395,350001330.0,240555642.2
2022-12-14,260.49,265.31,256.11,259.48,948600,-0.0039,-0.0136,246142728.0,264206010.2
2022-12-15,254.55,260.62,248.01,259.9,861400,0.021,0.0016,223877860.0,268182864.5
2022-12-16,255.97,261.02,250.8,255.0,1356300,-0.0038,-0.0189,345856500.0,272663834.5
2022-12-19,255.0,255.0,246.72,252.06,1134400,-0.0115,-0.0115,285936864.0,291768481.3
2022-12-20,250.0,260.99,248.71,255.07,678100,0.0203,0.0119,172962967.0,298425438.6
2022-12-21,257.68,266.0,257.03,264.47,738800,0.0264,0.0369,195390436.0,296669343.3
2022-12-22,259.89,262.48,254.01,262.26,698100,0.0091,-0.0084,183083706.0,302513653.9
2022-12-23,262.57,267.12,257.52,264.41,569800,0.007,0.0082,150660818.0,294482370.1
2022-12-27,262.45,264.15,259.04,260.63,475900,-0.0069,-0.0143,124033817.0,262741377.5
2022-12-28,259.91,264.01,259.06,260.06,669200,0.0006,-0.0022,174032152.0,227794702.6
2022-12-29,262.45,268.71,261.99,268.35,545100,0.0225,0.0319,146277585.0,210197784.8
2022-12-30,264.25,267.55,262.67,267.19,622200,0.0111,-0.0043,166245618.0,200211270.5
2023-01-03,273.0,275.9,250.98,253.28,912600,-0.0722,-0.0521,231143328.0,194448046.3
2023-01-04,260.65,277.24,257.67,276.78,1139700,0.0619,0.0928,315446166.0,182976729.1
2023-01-05,273.54,284.12,272.0,281.39,677900,0.0287,0.0167,190754281.0,185927659.3
2023-01-06,281.0,292.44,279.66,292.07,945000,0.0394,0.038,276006150.0,187706790.7
2023-01-09,296.5,302.12,294.07,299.59,979300,0.0104,0.0257,293388487.0,195768362.1
2023-01-10,300.66,309.66,296.73,309.66,935100,0.0299,0.0336,289563066.0,206798840.2
2023-01-11,314.15,317.67,312.21,316.48,1146800,0.0074,0.022,362939264.0,220689065.0
2023-01-12,319.75,323.95,312.22,319.41,1065400,-0.0011,0.0093,340299414.0,244579609.7
2023-01-13,313.82,319.0,308.88,310.38,858900,-0.011,-0.0283,266585382.0,261206335.9
2023-01-17,306.89,311.52,305.9,309.25,777800,0.0077,-0.0036,240534650.0,273237115.6
2023-01-18,310.89,313.55,298.61,300.43,766600,-0.0336,-0.0285,230309638.0,280666018.8
2023-01-19,295.75,297.19,290.0,292.7,606600,-0.0103,-0.0257,177551820.0,280582649.8
2023-01-20,293.36,299.77,287.21,299.17,576200,0.0198,0.0221,172381754.0,266793215.2
2023-01-23,301.02,311.99,300.5,311.22,692500,0.0339,0.0403,215519850.0,264955962.5
2023-01-24,308.0,311.61,304.16,306.42,327900,-0.0051,-0.0154,100475118.0,258907332.5
2023-01-25,301.51,308.12,297.33,308.12,344500,0.0219,0.0055,106147340.0,239615995.6
2023-01-26,312.0,314.6,303.47,308.99,327900,-0.0096,0.0028,101317821.0,221274423.0
2023-01-27,307.0,312.7,305.19,310.65,426500,0.0119,0.0054,132492225.0,195112278.7
2023-01-30,305.35,313.7,305.0,305.52,462500,0.0006,-0.0165,141303000.0,174331559.8
2023-01-31,307.19,312.0,307.19,311.99,703900,0.0156,0.0212,219609761.0,161803321.6
2023-02-01,311.06,325.75,307.75,323.99,818800,0.0416,0.0385,265283012.0,159710832.7
2023-02-02,329.89,351.53,325.1,347.05,1538100,0.052,0.0712,533797605.0,163208170.1
2023-02-03,338.74,347.5,338.73,343.62,628300,0.0144,-0.0099,215896446.0,198832748.6
2023-02-06,325.39,330.99,312.92,318.43,1740500,-0.0214,-0.0733,554227415.0,203184217.8
2023-02-07,315.42,320.73,312.09,319.25,996200,0.0121,0.0026,318036850.0,237054974.3
2023-02-08,318.9,326.08,312.72,320.81,632100,0.006,0.0049,202784001.0,258811147.5
2023-02-09,325.66,327.48,314.25,316.0,527800,-0.0297,-0.015,166784800.0,268474813.6
2023-02-10,312.91,315.18,305.21,306.23,500200,-0.0213,-0.0309,153176246.0,275021511.5
2023-02-13,306.91,321.08,303.75,320.18,547600,0.0432,0.0456,175330568.0,277089913.6
2023-02-14,317.3,326.96,314.71,326.78,497400,0.0299,0.0206,162540372.0,280492670.4
2023-02-15,324.68,334.38,323.33,331.79,569000,0.0219,0.0153,188788510.0,274785731.5
2023-02-16,325.59,328.3,321.0,321.77,398600,-0.0117,-0.0302,128257522.0,267136281.3
2023-02-17,320.0,320.0,309.26,315.88,570600,-0.0129,-0.0183,180241128.0,226582273.0
2023-02-21,307.84,308.68,299.86,304.01,576100,-0.0124,-0.0376,175140161.0,223016741.2
2023-02-22,305.0,308.73,303.36,306.59,393100,0.0052,0.0085,120520529.0,185108015.8
2023-02-23,305.27,307.18,299.35,302.82,394300,-0.008,-0.0123,119401926.0,165356383.7
2023-02-24,297.2,305.13,294.68,303.18,473100,0.0201,0.0012,143434458.0,157018176.2
2023-02-27,306.54,307.81,300.6,302.96,329400,-0.0117,-0.0007,99795024.0,154683142.0
2023-02-28,302.57,304.53,299.0,299.03,398600,-0.0117,-0.013,119193358.0,149345019.8
2023-03-01,295.8,298.71,289.43,291.55,505800,-0.0144,-0.025,147465990.0,143731298.8
2023-03-02,287.71,294.8,286.0,293.15,355900,0.0189,0.0055,104332085.0,142223860.6
2023-03-03,295.23,300.19,290.95,297.21,527400,0.0067,0.0138,156748554.0,133778218.1
2023-03-06,288.8,294.07,280.71,282.53,939500,-0.0217,-0.0494,265436935.0,136627321.3
2023-03-07,283.74,287.9,281.55,282.52,734400,-0.0043,-0.0,207482688.0,145146902.0
2023-03-08,282.81,285.23,278.84,279.75,567300,-0.0108,-0.0098,158702175.0,148381154.7
2023-03-09,276.64,278.26,267.1,267.11,827600,-0.0344,-0.0452,221060236.0,152199319.3
2023-03-10,265.61,267.07,255.82,259.73,1008600,-0.0221,-0.0276,261963678.0,162365150.3
2023-03-13,254.57,258.24,250.08,253.66,760300,-0.0036,-0.0234,192857698.0,174218072.3
2023-03-14,259.23,260.28,247.2,252.08,660300,-0.0276,-0.0062,166448424.0,183524339.7
2023-03-15,247.11,248.85,239.28,244.2,1053500,-0.0118,-0.0313,257264700.0,188249846.3
2023-03-16,241.97,250.62,237.83,248.29,989900,0.0261,0.0167,245782271.0,199229717.3
2023-03-17,246.44,248.7,240.33,246.42,749300,-0.0001,-0.0075,184642506.0,213374735.9
2023-03-20,247.0,250.94,244.41,248.63,902600,0.0066,0.009,224413438.0,216164131.1
2023-03-21,252.37,256.88,251.04,256.26,609200,0.0154,0.0307,156113592.0,212061781.4
2023-03-22,257.25,257.26,246.54,247.1,653200,-0.0395,-0.0357,161405720.0,206924871.8
2023-03-23,248.72,249.82,237.84,243.65,1134800,-0.0204,-0.014,276494020.0,207195226.3
2023-03-24,240.13,243.01,235.46,241.94,552000,0.0075,-0.007,133550880.0,212738604.7
2023-03-27,244.64,244.64,237.19,241.01,820800,-0.0148,-0.0038,197821008.0,199897324.9
2023-03-28,240.44,246.46,239.8,241.29,790300,0.0035,0.0012,190691487.0,200393655.9
2023-03-29,244.21,246.28,239.32,245.71,2599500,0.0061,0.0183,638723145.0,202817962.2
2023-03-30,238.0,249.94,234.0,237.63,4109800,-0.0016,-0.0329,976611774.0,240963806.7
2023-03-31,238.59,244.9,238.59,243.55,1332000,0.0208,0.0249,324408600.0,314046757.0
2023-04-03,243.0,246.11,239.74,241.83,1146600,-0.0048,-0.0071,277282278.0,328023366.4
2023-04-04,243.0,243.5,233.92,241.7,1205800,-0.0053,-0.0005,291441860.0,333310250.4
2023-04-05,238.95,239.64,231.86,232.18,1190100,-0.0283,-0.0394,276317418.0,346843077.2
2023-04-06,231.84,239.15,230.65,236.93,878700,0.022,0.0205,208190391.0,358334247.0
2023-04-10,235.29,240.88,234.64,240.61,444500,0.0226,0.0155,106951145.0,351503884.1
2023-04-11,242.05,242.39,236.6,239.17,739800,-0.0119,-0.006,176937966.0,348843910.6
2023-04-12,244.43,246.32,235.24,235.46,649400,-0.0367,-0.0155,152907724.0,346755606.4
2023-04-13,236.69,238.19,234.3,235.74,655100,-0.004,0.0012,154433274.0,342977230.1
2023-04-14,236.26,238.25,230.75,233.88,733100,-0.0101,-0.0079,171457428.0,294548243.0
2023-04-17,233.67,239.25,232.54,239.17,591700,0.0235,0.0226,141516889.0,214032808.4
2023-04-18,241.73,245.57,240.45,245.27,712600,0.0146,0.0255,174779402.0,195743637.3
2023-04-19,242.71,251.93,241.29,250.14,688900,0.0306,0.0199,172321446.0,185493349.7
2023-04-20,247.81,251.71,245.28,245.99,588100,-0.0073,-0.0166,144666719.0,173581308.3
2023-04-21,247.4,249.05,244.16,245.15,424500,-0.0091,-0.0034,104066175.0,160416238.4
2023-04-24,245.76,252.45,245.76,251.4,901500,0.0229,0.0255,226637100.0,150003816.8
2023-04-25,251.28,251.56,245.33,245.65,553100,-0.0224,-0.0229,135869015.0,161972412.3
2023-04-26,247.21,248.19,244.45,245.2,735100,-0.0081,-0.0018,180246520.0,157865517.2
2023-04-27,247.65,256.84,246.2,254.75,486200,0.0287,0.0389,123859450.0,160599396.8
2023-04-28,254.57,256.57,251.7,255.13,607200,0.0022,0.0015,154914936.0,157542014.4
2023-05-01,256.14,262.7,254.97,259.36,808100,0.0126,0.0166,209588816.0,155887765.2
2023-05-02,257.56,260.94,251.46,257.8,576100,0.0009,-0.006,148518580.0,162694957.9
2023-05-03,256.94,263.45,256.16,256.57,530100,-0.0014,-0.0048,136007757.0,160068875.7
2023-05-04,255.64,256.99,251.79,252.49,554500,-0.0123,-0.0159,140005705.0,156437506.8
2023-05-05,256.38,263.69,255.05,261.72,755500,0.0208,0.0366,197729460.0,155971405.4
2023-05-08,261.55,262.75,254.86,257.42,903300,-0.0158,-0.0164,232527486.0,165337733.9
2023-05-09,255.2,266.18,254.94,262.72,674800,0.0295,0.0206,177283456.0,165926772.5
2023-05-10,266.21,269.3,259.45,262.26,727200,-0.0148,-0.0018,190715472.0,170068216.6
2023-05-11,263.01,265.47,260.08,265.01,797800,0.0076,0.0105,211424978.0,171115111.8
2023-05-12,264.47,264.91,257.83,259.73,635900,-0.0179,-0.0199,165162307.0,179871664.6
2023-05-15,259.27,264.67,258.53,264.63,1088100,0.0207,0.0189,287943903.0,180896401.7
2023-05-16,254.55,255.23,240.17,241.41,1790400,-0.0516,-0.0877,432220464.0,188731910.4
2023-05-17,242.0,259.41,240.13,258.59,1285600,0.0686,0.0712,332443304.0,217102098.8
2023-05-18,260.13,265.99,257.45,265.62,754400,0.0211,0.0272,200383728.0,236745653.5
2023-05-19,264.16,265.05,257.11,261.42,688700,-0.0104,-0.0158,180039954.0,242783455.8
2023-05-22,260.19,261.0,254.94,256.69,931300,-0.0135,-0.0181,239055397.0,241014505.2
2023-05-23,260.0,265.29,254.72,256.68,1099800,-0.0128,-0.0,282296664.0,241667296.3
2023-05-24,254.69,261.86,251.21,259.77,891100,0.0199,0.012,231481047.0,252168617.1
2023-05-25,261.14,262.3,253.01,254.63,790500,-0.0249,-0.0198,201285015.0,256245174.6
2023-05-26,243.74,249.59,235.64,246.82,1811600,0.0126,-0.0307,447139112.0,255231178.3
2023-05-30,249.5,252.0,244.6,251.67,838000,0.0087,0.0196,210899460.0,283428858.8
2023-05-31,252.0,252.9,242.01,244.98,591400,-0.0279,-0.0266,144881172.0,275724414.5
2023-06-01,243.86,246.98,236.66,244.64,536700,0.0032,-0.0014,131298288.0,246990485.3
2023-06-02,247.99,254.55,247.85,252.21,490400,0.017,0.0309,123683784.0,226875983.7
2023-06-05,252.69,256.86,250.01,256.51,362700,0.0151,0.017,93036177.0,219205989.3
2023-06-06,257.06,267.9,255.71,265.8,650400,0.034,0.0362,172876320.0,210505611.6
2023-06-07,268.99,275.68,265.96,267.1,706400,-0.007,0.0049,188679440.0,203887703.9
2023-06-08,267.78,269.91,263.31,264.34,389500,-0.0128,-0.0103,102960430.0,194525981.5
2023-06-09,266.69,268.45,263.34,264.27,372600,-0.0091,-0.0003,98467002.0,181673919.8
2023-06-12,265.0,270.67,264.28,269.59,550500,0.0173,0.0201,148409295.0,171392118.5
2023-06-13,270.58,280.27,270.51,280.05,962900,0.035,0.0388,269660145.0,141519136.8
2023-06-14,280.38,287.49,272.81,275.83,855700,-0.0162,-0.0151,236027731.0,147395205.3
2023-06-15,275.84,284.64,275.07,282.86,595800,0.0254,0.0255,168527988.0,156509861.2
2023-06-16,285.99,288.79,280.63,282.6,947200,-0.0119,-0.0009,267678720.0,160232831.2
2023-06-20,278.38,291.11,275.19,289.57,1026000,0.0402,0.0247,297098820.0,174632324.8
2023-06-21,290.3,292.69,284.76,287.8,1040700,-0.0086,-0.0061,299513460.0,195038589.1
2023-06-22,287.9,297.0,284.5,292.51,874400,0.016,0.0164,255770744.0,207702303.1
2023-06-23,289.84,293.6,286.87,290.89,949900,0.0036,-0.0055,276316411.0,214411433.5
2023-06-26,291.11,299.54,291.11,297.07,784300,0.0205,0.0212,232992001.0,231747031.6
2023-06-27,298.0,308.42,297.4,305.57,1067500,0.0254,0.0286,326195975.0,245199531.5
2023-06-28,304.47,313.66,303.5,310.44,979100,0.0196,0.0159,303951804.0,262978199.5
2023-06-29,311.0,323.87,309.39,322.24,1445800,0.0361,0.038,465894592.0,266407365.4
2023-06-30,325.57,331.11,319.52,329.59,1017000,0.0123,0.0228,335193030.0,289394051.5
2023-07-03,329.86,334.7,325.98,331.79,652500,0.0059,0.0067,216492975.0,306060555.7
2023-07-05,330.19,333.29,326.06,332.49,906600,0.007,0.0021,301435434.0,300941981.2
2023-07-06,327.21,328.13,319.19,324.61,1172000,-0.0079,-0.0237,380442920.0,301375642.6
2023-07-07,325.28,334.0,324.75,329.57,801500,0.0132,0.0153,264150355.0,309468588.6
2023-07-10,332.0,348.46,331.2,347.26,1259800,0.046,0.0537,437478148.0,310306549.7
2023-07-11,350.0,366.92,348.24,365.68,1330000,0.0448,0.053,486354400.0,326422723.4
2023-07-12,373.42,373.71,365.99,370.58,1170200,-0.0076,0.0134,433652716.0,351758963.3
2023-07-13,370.69,375.33,367.51,369.68,1339600,-0.0027,-0.0024,495223328.0,362504637.4
